time_us,time_s,amplitude_raw_residual,amplitude_filtered_residual
-0.9996000000000009,-9.99600000000001e-07,-0.009591532158752691,-0.02248398060580723
-0.9987999999999992,-9.987999999999992e-07,0.04083553709358456,-0.022635358015184688
-0.9980000000000011,-9.98000000000001e-07,-0.029674941356084172,-0.02277909657427176
-0.9971999999999994,-9.971999999999993e-07,0.015959420971079163,-0.02291476127192902
-0.9964000000000013,-9.964000000000012e-07,-0.013533505270619584,-0.023042016568135773
-0.9955999999999996,-9.955999999999996e-07,-0.008255286101446213,-0.023160630231441354
-0.9948000000000015,-9.948000000000015e-07,0.0058077340278406275,-0.023270475488286868
-0.9940000000000033,-9.940000000000033e-07,0.0008084903706680469,-0.02337153145543918
-0.9932000000000016,-9.932000000000016e-07,-0.010193174043049924,-0.023463881897512674
-0.9924000000000035,-9.924000000000034e-07,-0.0043925611526159924,-0.023547712419752682
-0.9916000000000018,-9.916000000000019e-07,0.018509541894052017,-0.0236233062650281
-0.9908000000000037,-9.908000000000037e-07,0.006574302300988433,-0.0236910389378124
-0.990000000000002,-9.90000000000002e-07,-0.001235880968223635,-0.02375137192282721
-0.9892000000000039,-9.892000000000038e-07,-0.012372588188000744,-0.02380484578600687
-0.9884000000000022,-9.88400000000002e-07,0.0373764278771771,-0.023852072939625164
-0.987600000000004,-9.876000000000039e-07,-0.021817474023874128,-0.02389373034314736
-0.9868000000000023,-9.868000000000024e-07,0.035319384923866215,-0.023930552407745075
-0.9860000000000042,-9.860000000000042e-07,0.021077631128424312,-0.02396332436056596
-0.9852000000000025,-9.852000000000024e-07,0.037421442911492964,-0.023992876284198092
-0.9844000000000008,-9.844000000000007e-07,0.0005544810644363407,-0.02402007796240742
-0.9835999999999991,-9.835999999999991e-07,0.018937367489316626,-0.024045834527190384
-0.982800000000001,-9.82800000000001e-07,-0.01023213603735823,-0.024071082730949052
-0.9819999999999993,-9.819999999999992e-07,-0.03455805537295914,-0.024096787507435546
-0.9812000000000012,-9.81200000000001e-07,0.018249291036278037,-0.024123938385786498
-0.9803999999999995,-9.803999999999995e-07,-0.022442757939620417,-0.02415354531061019
-0.9796000000000014,-9.796000000000014e-07,-0.012417035390924036,-0.024186633490809024
-0.9787999999999997,-9.787999999999996e-07,-0.0160174289649328,-0.02422423701566951
-0.9780000000000015,-9.780000000000015e-07,0.007004964756327725,-0.02426739110722062
-0.9771999999999998,-9.771999999999997e-07,0.02565812760174946,-0.02431712301326972
-0.9764000000000017,-9.764000000000016e-07,-0.015725970349947604,-0.02437444167238559
-0.9756,-9.756e-07,-0.003734556794003585,-0.024440326368772747
-0.9748000000000019,-9.748000000000019e-07,0.010143488117785926,-0.02451571462798701
-0.9740000000000002,-9.740000000000001e-07,0.004260033861413104,-0.024601489612325236
-0.9732000000000021,-9.73200000000002e-07,-0.003310135890106647,-0.024698467290642283
-0.9724000000000004,-9.724000000000004e-07,-0.027268185307760262,-0.02480738368220619
-0.9716000000000022,-9.716000000000023e-07,-0.012199907561853296,-0.024928882500855128
-0.9708000000000041,-9.708000000000041e-07,0.0506373224302753,-0.02506350357150188
-0.9700000000000024,-9.700000000000024e-07,0.05552043644715021,-0.02521167246737019
-0.9692000000000043,-9.692000000000042e-07,-0.020538914615202908,-0.025373691875674793
-0.9684000000000026,-9.684000000000025e-07,0.008508785551124609,-0.025549735161329933
-0.9676000000000045,-9.676000000000045e-07,0.003207680693329662,-0.025739842450033606
-0.9668000000000028,-9.668000000000028e-07,0.04600103131402772,-0.025943919378439408
-0.9660000000000011,-9.66000000000001e-07,-0.026464735557351515,-0.026161738539005594
-0.9651999999999994,-9.651999999999992e-07,0.038651394082946045,-0.0263929435705492
-0.9644000000000013,-9.644000000000013e-07,0.03378284368610324,-0.026637055763402515
-0.9635999999999996,-9.635999999999995e-07,-0.017665370977206107,-0.02689348294243489
-0.9628000000000014,-9.628000000000014e-07,-0.02615095908523729,-0.02716153026812823
-0.9619999999999997,-9.619999999999996e-07,-0.011135071290885257,-0.027440412474388567
-0.9612000000000016,-9.612000000000015e-07,0.02822016379621417,-0.027729266989674303
-0.9603999999999999,-9.604e-07,-0.0074851246253963,-0.0280271674037907
-0.9596000000000018,-9.596000000000018e-07,-0.025538914615202857,-0.028333136814437568
-0.9588000000000001,-9.588e-07,-0.008489625899089026,-0.028646160648437696
-0.958000000000002,-9.580000000000019e-07,-0.0176695320115009,-0.028965198590047418
-0.9572000000000003,-9.572000000000001e-07,0.01696316590194452,-0.029289195305541013
-0.9564000000000021,-9.564000000000022e-07,-0.0284256976990116,-0.029617089750197688
-0.9556000000000004,-9.556000000000004e-07,-0.05167410914922527,-0.029947822954177465
-0.9548000000000023,-9.548000000000023e-07,0.014552248819225733,-0.030280344287444506
-0.9540000000000006,-9.540000000000005e-07,0.02123972065739993,-0.03061361632187077
-0.9532000000000025,-9.532000000000025e-07,0.03279441871809713,-0.030946618552538954
-0.9524000000000008,-9.524000000000007e-07,0.0031269198445381674,-0.03127835035458494
-0.9516000000000027,-9.516000000000027e-07,-0.01685076229823279,-0.03160783355824933
-0.950800000000001,-9.508000000000009e-07,0.03127868265180833,-0.03193411491820352
-0.9500000000000028,-9.500000000000028e-07,-0.014960914762454536,-0.03225626860862513
-0.9492000000000047,-9.492000000000047e-07,-0.010046404476933612,-0.032573398761051184
-0.948400000000003,-9.48400000000003e-07,-0.016144717533794872,-0.0328846419896133
-0.9476000000000013,-9.476000000000013e-07,0.003507461376904608,-0.033189169809596616
-0.9467999999999996,-9.467999999999996e-07,0.017215094691028887,-0.0334861908538078
-0.9460000000000015,-9.460000000000015e-07,0.009376919844538145,-0.033774952816640356
-0.9451999999999998,-9.451999999999998e-07,-0.040989625899089,-0.03405474406765011
-0.9444000000000017,-9.444000000000016e-07,-0.03350494586204833,-0.03432489484797379
-0.9436,-9.436e-07,0.01726370292834689,-0.03458477792664669
-0.9428000000000019,-9.428000000000018e-07,-0.03111559029373112,-0.03483380861318891
-0.9420000000000002,-9.420000000000002e-07,0.0075092016545540985,-0.03507144411331042
-0.941200000000002,-9.41200000000002e-07,-0.0025552943770159597,-0.035297182325600904
-0.9404000000000003,-9.404000000000003e-07,-0.0061698722509988535,-0.03551056025559438
-0.9396000000000022,-9.396000000000022e-07,0.01766296911494014,-0.03571115225719153
-0.9388000000000005,-9.388000000000004e-07,-0.003449339730460632,-0.03589856830778516
-0.9380000000000024,-9.380000000000024e-07,-0.028559227819316024,-0.036072452488053165
-0.9372000000000007,-9.372000000000006e-07,0.01196392224477194,-0.03623248178087883
-0.9364000000000026,-9.364000000000025e-07,-0.01418734859503712,-0.03637836525117171
-0.9356000000000009,-9.356000000000008e-07,-0.005288498511773432,-0.036509843642961025
-0.9348000000000027,-9.348000000000027e-07,0.02096433834820144,-0.03662668942910393
-0.934000000000001,-9.34000000000001e-07,-0.02899253862309542,-0.036728707347888453
-0.9332000000000029,-9.332000000000029e-07,0.019275353824372454,-0.03681573544086951
-0.9324000000000012,-9.324000000000012e-07,-0.005670364218359869,-0.03688764656643744
-0.9316000000000031,-9.316000000000031e-07,0.02028817716665482,-0.03694435031239999
-0.9308000000000014,-9.308000000000013e-07,-0.010666203184065026,-0.03698579517027399
-0.9300000000000033,-9.300000000000033e-07,-0.03942660576980217,-0.037011970757418376
-0.9292000000000016,-9.292000000000015e-07,-0.024990042002518476,-0.037022909790890325
-0.9283999999999999,-9.283999999999999e-07,-0.008750444588255524,-0.03701868947298521
-0.9275999999999982,-9.275999999999981e-07,-0.012097017367367568,-0.03699943198640641
-0.9268000000000001,-9.268000000000001e-07,-0.017412874356629138,-0.036965303908878165
-0.9260000000000019,-9.260000000000019e-07,0.027260866068271994,-0.03691651448702616
-0.9252000000000002,-9.252000000000002e-07,-0.01955465068159168,-0.03685331280611559
-0.9244000000000021,-9.244000000000021e-07,-0.027337787227887267,-0.03677598393702284
-0.9236000000000004,-9.236000000000004e-07,-0.022330600822182856,-0.03668484414509123
-0.9228000000000023,-9.228000000000022e-07,-0.011190677422472983,-0.03658023524617827
-0.9220000000000006,-9.220000000000006e-07,-0.0036698722509987958,-0.03646251823977239
-0.9212000000000025,-9.212000000000024e-07,0.030422463629786678,-0.036332066442981197
-0.9204000000000008,-9.204000000000008e-07,-0.025363585640515274,-0.03618925844399947
-0.9196000000000026,-9.196000000000026e-07,-0.008840283848464248,-0.03603447123446995
-0.918800000000001,-9.18800000000001e-07,0.008126919844538172,-0.035868073858749974
-0.9180000000000028,-9.180000000000028e-07,0.0055970362616468705,-0.03569042187453132
-0.9172000000000011,-9.17200000000001e-07,0.016349040914762747,-0.03550185288865658
-0.916400000000003,-9.16400000000003e-07,-0.03559868178108544,-0.035302683404175576
-0.9156000000000013,-9.156000000000012e-07,0.012512606346021582,-0.03509320716516764
-0.9148000000000032,-9.148000000000031e-07,0.031561062855276545,-0.034873695124164585
-0.9140000000000015,-9.140000000000014e-07,0.005182450112094283,-0.03464439710784943
-0.9132000000000033,-9.132000000000033e-07,0.0010937074342109998,-0.034405545207606934
-0.9124000000000017,-9.124000000000016e-07,-0.04699412717288176,-0.034157358836866415
-0.9116000000000035,-9.116000000000035e-07,0.02502036058321855,-0.03390005128669239
-0.9108000000000018,-9.108000000000018e-07,-0.004055898991880136,-0.03363383753618144
-0.9100000000000001,-9.100000000000001e-07,0.03991595770297807,-0.03335894306899744
-0.9091999999999985,-9.091999999999984e-07,-0.03621223893677461,-0.03307561346939409
-0.9084000000000003,-9.084000000000003e-07,-0.023619751328025962,-0.03278412455654026
-0.9075999999999986,-9.075999999999986e-07,-0.013397138290340282,-0.03248479276552775
-0.9068000000000005,-9.068000000000005e-07,0.013507461376904617,-0.03217798546378
-0.9059999999999988,-9.059999999999987e-07,-0.003308811715886484,-0.031864130949668376
-0.9052000000000007,-9.052000000000007e-07,-0.0006321585668789265,-0.031543727983998425
-0.9044000000000025,-9.044000000000025e-07,0.02043835142413869,-0.031217354786230687
-0.9036000000000008,-9.036000000000008e-07,-0.016009106896343217,-0.03088567745487139
-0.9028000000000027,-9.028000000000027e-07,0.05619943448877163,-0.030549457758619454
-0.902000000000001,-9.02000000000001e-07,-0.0186732769423662,-0.030209560207002738
-0.9012000000000029,-9.012000000000028e-07,0.0005051164842908573,-0.029866958245527014
-0.9004000000000012,-9.004000000000012e-07,-0.009603258918809698,-0.029522739334450626
-0.8996000000000031,-8.99600000000003e-07,-0.022713222871596717,-0.029178108593654155
-0.8988000000000014,-8.988000000000014e-07,-0.0026006864342012492,-0.028834390674170367
-0.8980000000000032,-8.980000000000032e-07,-0.023120243295387033,-0.028493029570689818
-0.8972000000000016,-8.972000000000015e-07,0.05033338071250548,-0.02815558620202728
-0.8964000000000034,-8.964000000000034e-07,-0.028413782427519685,-0.027823733718758542
-0.8956000000000017,-8.956000000000016e-07,-0.002461482593947184,-0.027499250604016597
-0.8948000000000036,-8.948000000000036e-07,0.009906311460068373,-0.027184011691310468
-0.8940000000000019,-8.940000000000018e-07,0.01348930455397046,-0.026879977252158585
-0.8932000000000038,-8.932000000000037e-07,0.053633993602839436,-0.02658918033717242
-0.8924000000000021,-8.92400000000002e-07,-0.01673122796656773,-0.026313712574762636
-0.891600000000004,-8.916000000000039e-07,0.008099873121621637,-0.026055708599943314
-0.8907999999999987,-8.907999999999986e-07,0.0006651254961191344,-0.025817329197356027
-0.8900000000000006,-8.900000000000005e-07,0.0014324501120942523,-0.025600743150581792
-0.8891999999999989,-8.891999999999988e-07,-0.032196502870485755,-0.02540810774998569
-0.8884000000000007,-8.884000000000007e-07,0.03707097347355259,-0.025241547936268448
-0.8875999999999991,-8.87599999999999e-07,0.0012139981088035157,-0.025103134128350364
-0.8868000000000009,-8.868000000000009e-07,-0.015591683886815755,-0.024994858874730387
-0.8859999999999992,-8.859999999999992e-07,0.030354942226807125,-0.024918612545207726
-0.8852000000000011,-8.852000000000011e-07,-0.007796064237535705,-0.024876158329078968
-0.8843999999999994,-8.843999999999993e-07,0.019092459123922545,-0.0248691068380541
-0.8836000000000013,-8.836000000000013e-07,0.01168286621552378,-0.02489889063797912
-0.8827999999999996,-8.827999999999995e-07,-0.0127092503487366,-0.02496673904794218
-0.8820000000000014,-8.820000000000014e-07,0.03261076767481991,-0.025073653546688897
-0.8812000000000033,-8.812000000000033e-07,0.003481738828208125,-0.025220384124178333
-0.8804000000000016,-8.804000000000016e-07,-0.022951912215069037,-0.02540740691719833
-0.8796000000000035,-8.796000000000034e-07,0.03467953738808793,-0.02563490347085573
-0.8788000000000018,-8.788000000000018e-07,-0.03349170641623639,-0.025902741977467898
-0.8780000000000037,-8.780000000000036e-07,0.004724740933938543,-0.02621046087519361
-0.877200000000002,-8.77200000000002e-07,0.02776453513520588,-0.026557255246959614
-0.8764000000000038,-8.764000000000038e-07,0.022220579899643655,-0.026941966535000944
-0.8756000000000022,-8.756000000000021e-07,0.03500863382316144,-0.027363076147906784
-0.874800000000004,-8.74800000000004e-07,0.001314239954749219,-0.027818703541370678
-0.8740000000000023,-8.740000000000022e-07,0.053176284424683584,-0.02830660927497395
-0.8732000000000042,-8.732000000000042e-07,-0.03878808240834386,-0.028824203404992733
-0.8724000000000025,-8.724000000000024e-07,0.031496378312271645,-0.029368559413087643
-0.8716000000000008,-8.716000000000008e-07,0.04815755977035674,-0.02993643373175612
-0.8707999999999991,-8.707999999999991e-07,0.01567004287324142,-0.030524290822047842
-0.870000000000001,-8.70000000000001e-07,-0.014046820580363106,-0.031128333659280222
-0.8691999999999993,-8.691999999999992e-07,0.04001128217170158,-0.03174453934758436
-0.8684000000000012,-8.684000000000011e-07,-0.005857419953104626,-0.03236869942005405
-0.8675999999999995,-8.675999999999994e-07,-0.028727558899633965,-0.032996464234974154
-0.8668000000000013,-8.668000000000013e-07,0.029208588764220222,-0.033623390778328176
-0.8659999999999997,-8.659999999999996e-07,-0.00880132185415583,-0.03424499312943363
-0.8652000000000015,-8.652000000000015e-07,0.022109935467960917,-0.03485679483331542
-0.8643999999999998,-8.643999999999998e-07,0.016361524017647178,-0.03545438242430571
-0.8636000000000017,-8.636000000000017e-07,0.012333304848473947,-0.03603345931930359
-0.8628,-8.628e-07,0.009545250924956117,-0.03658989922405461
-0.8620000000000019,-8.620000000000019e-07,-0.017600686434201263,-0.03711979808024052
-0.8612000000000002,-8.612000000000001e-07,-0.06311948695255964,-0.03761952345583836
-0.860400000000002,-8.60400000000002e-07,-0.029187348595037133,-0.03808576019823962
-0.8596000000000004,-8.596000000000003e-07,-0.04184452074679057,-0.03851555119279309
-0.8588000000000022,-8.588000000000022e-07,-0.0299087133223343,-0.03890633223548646
-0.8580000000000041,-8.58000000000004e-07,-0.03042410914922522,-0.03925596031141891
-0.8572000000000024,-8.572000000000024e-07,0.016593783298242626,-0.03956273489909708
-0.8564000000000043,-8.564000000000042e-07,-0.004077460506181796,-0.03982541222556218
-0.8556000000000026,-8.556000000000026e-07,-0.021198999491062687,-0.040043212631300784
-0.8548000000000044,-8.548000000000044e-07,-0.026417451494353483,-0.04021582134334784
-0.8540000000000028,-8.540000000000028e-07,-0.020189013008755086,-0.04034338302142316
-0.8532000000000011,-8.53200000000001e-07,-0.0010140242734654192,-0.04042649049773563
-0.8523999999999994,-8.523999999999993e-07,0.010994221931092618,-0.040466168222160585
-0.8516000000000012,-8.516000000000012e-07,-0.00043186338642225985,-0.04046385103502718
-0.8507999999999996,-8.507999999999995e-07,0.027794418718097125,-0.040421358965215
-0.8500000000000014,-8.500000000000014e-07,-0.007081129573015488,-0.04034086875272545
-0.8491999999999997,-8.491999999999997e-07,-0.0012657645512149096,-0.04022488272367659
-0.8484000000000016,-8.484000000000016e-07,0.030996302448240143,-0.04007619553138084
-0.8475999999999999,-8.475999999999998e-07,-0.005482552140787744,-0.03989785915336143
-0.8468000000000018,-8.468000000000018e-07,-0.02888605522570742,-0.03969314641701343
-0.8460000000000001,-8.46e-07,-0.03178550992383539,-0.03946551321989816
-0.845200000000002,-8.452000000000019e-07,-0.018330373230188157,-0.03921855953923602
-0.8444000000000003,-8.444000000000002e-07,0.008519944479789099,-0.03895598933502987
-0.8436000000000021,-8.436000000000021e-07,-0.03182503974963641,-0.038681569553450236
-0.8428000000000004,-8.428000000000004e-07,-0.01710817629593192,-0.03839908858244373
-0.8420000000000023,-8.420000000000023e-07,0.028156803427529464,-0.03811231464420632
-0.8412000000000006,-8.412000000000006e-07,0.022665049632087486,-0.03782495471273626
-0.8404000000000025,-8.404000000000025e-07,-0.031608668263393036,-0.037540614612914996
-0.8396000000000008,-8.396000000000007e-07,0.061588865921020364,-0.03726276096532728
-0.8388000000000027,-8.388000000000027e-07,0.02391713014923491,-0.036994685576830694
-0.838000000000001,-8.380000000000009e-07,-0.016429934597238016,-0.03673947275883515
-0.8372000000000028,-8.372000000000028e-07,-0.005590359712495718,-0.03649996989873647
-0.8364000000000047,-8.364000000000047e-07,-0.01932087871534155,-0.03627876143581894
-0.835600000000003,-8.35600000000003e-07,0.0008134077478902935,-0.03607814625890716
-0.8348000000000013,-8.348000000000013e-07,-0.01431255664675185,-0.03590011850259894
-0.8339999999999996,-8.339999999999996e-07,-0.002124820433111241,-0.035746351763706774
-0.8332000000000015,-8.332000000000015e-07,0.0037313985888102197,-0.035618186840394264
-0.8323999999999998,-8.323999999999998e-07,0.035405063149779925,-0.03551662317375562
-0.8316000000000017,-8.316000000000016e-07,0.004180029355548953,-0.03544231422062739
-0.8308,-8.308e-07,0.021561062855276536,-0.03539556698221704
-0.8300000000000018,-8.300000000000018e-07,0.010590794710204632,-0.03537634584065618
-0.8292000000000002,-8.292000000000001e-07,0.045622002467415934,-0.035384280728757864
-0.828400000000002,-8.28400000000002e-07,0.002959912938440279,-0.03541867950465579
-0.8276000000000003,-8.276000000000003e-07,-0.029368919121167014,-0.03547854423502414
-0.8268000000000022,-8.268000000000022e-07,-0.017995035243672297,-0.035562590919318265
-0.8260000000000005,-8.260000000000004e-07,-0.006825039749636386,-0.03566927205809157
-0.8252000000000024,-8.252000000000024e-07,-0.0037602793426000924,-0.035796801438990535
-0.8244000000000007,-8.244000000000006e-07,0.010220655763675257,-0.035943180589207854
-0.8236000000000026,-8.236000000000025e-07,-0.022147138290340318,-0.036106226461943836
-0.8228000000000009,-8.228000000000008e-07,0.025962257831053992,-0.03628360002180925
-0.8220000000000027,-8.220000000000027e-07,-0.011303402371303284,-0.03647283545006642
-0.821200000000001,-8.21200000000001e-07,-0.035397630257801405,-0.03667136971807657
-0.8204000000000029,-8.204000000000029e-07,0.018995054137951717,-0.03687657229572375
-0.8196000000000012,-8.196000000000012e-07,0.01706132723074294,-0.03708577479204572
-0.8188000000000031,-8.188000000000031e-07,0.0003863384954532201,-0.03729630037594076
-0.8180000000000014,-8.180000000000013e-07,0.017345031608531125,-0.03750549286642212
-0.8172000000000033,-8.172000000000033e-07,-0.03409069995189368,-0.03771074537377189
-0.8164000000000016,-8.164000000000015e-07,-0.013260771310061148,-0.037909528320368056
-0.8155999999999999,-8.155999999999999e-07,0.007542678440347617,-0.03809941662678134
-0.8147999999999982,-8.147999999999981e-07,0.014477729521976512,-0.03827811586149247
-0.8140000000000001,-8.140000000000001e-07,0.00016164494062009815,-0.038443487212777946
-0.8132000000000019,-8.132000000000019e-07,0.014048579752391988,-0.03859357119353451
-0.8124000000000002,-8.124000000000002e-07,0.019198186178483012,-0.038726609987560015
-0.8116000000000021,-8.116000000000021e-07,0.005503792309970834,-0.03884106828735282
-0.8108000000000004,-8.108000000000004e-07,-0.0008303732301881417,-0.038935652380354305
-0.8100000000000023,-8.100000000000022e-07,-0.00590621670175745,-0.039009327131468895
-0.8092000000000006,-8.092000000000005e-07,-0.02211933522459647,-0.03906133040718053
-0.8084000000000024,-8.084000000000024e-07,0.007459837074508646,-0.039091184421131485
-0.8076000000000008,-8.076000000000007e-07,-0.02617743797666111,-0.039098703472511556
-0.8068000000000026,-8.068000000000026e-07,0.01485411001994813,-0.039083997591237735
-0.8060000000000009,-8.060000000000009e-07,-0.013360256813079396,-0.03904747167288037
-0.8052000000000028,-8.052000000000028e-07,-0.048817965991335255,-0.038989819757299524
-0.8044000000000011,-8.04400000000001e-07,-0.024428686286949608,-0.03891201417477316
-0.803600000000003,-8.03600000000003e-07,-0.033782408688394217,-0.038815289380745126
-0.8028000000000013,-8.028000000000012e-07,-0.014012775963176904,-0.03870112046512507
-0.8020000000000032,-8.020000000000031e-07,0.016560306512449052,-0.038571196558326665
-0.8012000000000015,-8.012000000000014e-07,-0.007866422500590053,-0.0384273896133575
-0.8004000000000033,-8.004000000000033e-07,0.04373215493163762,-0.038271719250208024
-0.7996000000000016,-7.996000000000016e-07,-0.02615095908523729,-0.03810631445823701
-0.7988000000000035,-7.988000000000035e-07,-0.041364493711405825,-0.03793337296256446
-0.7980000000000018,-7.980000000000018e-07,0.018532427582673705,-0.03775511901990368
-0.7972000000000037,-7.972000000000037e-07,-0.018616914467951162,-0.03757376039459286
-0.7963999999999984,-7.963999999999984e-07,0.03118751921727969,-0.037391445322180805
-0.7956000000000003,-7.956000000000003e-07,0.027518280066071155,-0.037210220363470096
-0.7947999999999986,-7.947999999999986e-07,0.013118597775948482,-0.03703199010945443
-0.7940000000000005,-7.940000000000005e-07,0.0032682042020396596,-0.03685847966641586
-0.7931999999999988,-7.931999999999987e-07,0.009968159143098343,-0.03669120073707505
-0.7924000000000007,-7.924000000000007e-07,0.01951044996484258,-0.03653142196641351
-0.7916000000000025,-7.916000000000025e-07,0.01001203851462884,-0.03638014408854425
-0.7908000000000008,-7.908000000000008e-07,-0.004478807209922331,-0.03623808030643096
-0.7900000000000027,-7.900000000000027e-07,0.023578387471351714,-0.036105642244202665
-0.789200000000001,-7.89200000000001e-07,0.023294494582128678,-0.03598293172396402
-0.7884000000000029,-7.884000000000028e-07,0.010862015985108275,-0.035869738535794594
-0.7876000000000012,-7.876000000000011e-07,0.026894888156037577,-0.035765544278883274
-0.786800000000003,-7.86800000000003e-07,-0.02322180931565282,-0.03566953223681191
-0.7860000000000014,-7.860000000000013e-07,0.028485143519675626,-0.03558060311849696
-0.7852000000000032,-7.852000000000032e-07,0.0016821098726964023,-0.035497396379550246
-0.7844000000000015,-7.844000000000015e-07,-0.015476310589345565,-0.0354183167602142
-0.7836000000000034,-7.836000000000034e-07,0.0637327227631303,-0.03534156563113967
-0.7828000000000017,-7.828000000000016e-07,0.010999139308314865,-0.03526517670408297
-0.7820000000000036,-7.820000000000036e-07,0.010112848191967339,-0.0351870556106247
-0.7812000000000019,-7.812000000000018e-07,0.03195276331620739,-0.03510502274916632
-0.7804000000000038,-7.804000000000037e-07,-0.02057087871534158,-0.03501685864856244
-0.7796000000000021,-7.79600000000002e-07,0.002788933509482283,-0.034920350936603034
-0.7788000000000039,-7.788000000000039e-07,-0.011828632952438634,-0.03481334188264136
-0.7779999999999987,-7.779999999999986e-07,-0.006556466823272711,-0.03469377543422949
-0.7772000000000006,-7.772000000000005e-07,0.009835953197014025,-0.03455974269095318
-0.7763999999999989,-7.763999999999988e-07,-0.016260279342600048,-0.03440952483424198
-0.7756000000000007,-7.756000000000007e-07,-0.03698088772706987,-0.034241632628273726
-0.774799999999999,-7.74799999999999e-07,0.030323734469595798,-0.034054841709768004
-0.7740000000000009,-7.740000000000009e-07,-0.039769509482080356,-0.033848223004902825
-0.7731999999999992,-7.731999999999992e-07,-0.017677854080090594,-0.033621167759833724
-0.7724000000000011,-7.724000000000011e-07,0.0008843338423372704,-0.03337340683809679
-0.7715999999999994,-7.715999999999993e-07,0.01950761310486776,-0.03310502411447192
-0.7708000000000013,-7.708000000000013e-07,0.008261206307769942,-0.03281646397438044
-0.7699999999999996,-7.699999999999995e-07,0.02148938041800208,-0.03250853307985011
-0.7692000000000014,-7.692000000000014e-07,-0.00597846697052451,-0.03218239664594174
-0.7684000000000033,-7.684000000000033e-07,0.0030385932700843776,-0.03183956948163475
-0.7676000000000016,-7.676000000000016e-07,-0.02369067742247305,-0.03148190202830003
-0.7668000000000035,-7.668000000000034e-07,0.0016348258096983703,-0.031111561629684002
-0.7660000000000018,-7.660000000000018e-07,0.002306825956950087,-0.030731009323403724
-0.7652000000000037,-7.652000000000036e-07,0.02837317491367275,-0.03034297255522579
-0.764400000000002,-7.64400000000002e-07,0.04498972065739998,-0.029950414346606863
-0.7636000000000038,-7.636000000000038e-07,0.04314848135893978,-0.02955649953260083
-0.7628000000000021,-7.628000000000021e-07,0.026337125643370818,-0.02916455867701607
-0.762000000000004,-7.62000000000004e-07,-0.006062064679290824,-0.028778050148676237
-0.7612000000000023,-7.612000000000022e-07,0.024053497129514212,-0.02840052064721743
-0.7604000000000042,-7.604000000000042e-07,-0.012364833950803678,-0.028035564278577473
-0.7596000000000025,-7.596000000000024e-07,-0.003315053267328838,-0.0276867801665965
-0.7588000000000008,-7.588000000000008e-07,-0.021313804957040328,-0.02735772856774682
-0.7579999999999991,-7.57999999999999e-07,-0.0695510574786895,-0.027051885522264875
-0.757200000000001,-7.57200000000001e-07,0.013083040473007568,-0.026772596228716417
-0.7563999999999993,-7.563999999999992e-07,0.03169742983555579,-0.026523027581771393
-0.7556000000000012,-7.556000000000011e-07,0.004933358182984848,-0.02630612063826706
-0.7547999999999995,-7.547999999999994e-07,0.03668702724981865,-0.026124544083017072
-0.7540000000000013,-7.540000000000013e-07,0.020378584258256116,-0.025980649955427072
-0.7531999999999996,-7.531999999999996e-07,0.06114723304865127,-0.025876432947659504
-0.7524000000000015,-7.524000000000015e-07,0.03642337170067722,-0.025813494534009856
-0.7515999999999998,-7.515999999999998e-07,0.049368597775948486,-0.025793013069311706
-0.7508000000000017,-7.508000000000017e-07,0.02890880808064522,-0.025815720805430216
-0.75,-7.5e-07,0.06612567153424975,-0.025881888530627367
-0.7492000000000019,-7.492000000000019e-07,0.029964754451630993,-0.02599131826493762
-0.7484000000000002,-7.484000000000001e-07,0.025058566234699542,-0.02614334416707085
-0.747600000000002,-7.47600000000002e-07,0.06679823951299407,-0.026336841531461194
-0.7468000000000039,-7.468000000000039e-07,-0.011820122372414144,-0.026570243486292132
-0.7460000000000022,-7.460000000000022e-07,0.015625595670318182,-0.026841564759835852
-0.7452000000000041,-7.45200000000004e-07,0.02862283467427501,-0.027148431680438616
-0.7444000000000024,-7.444000000000024e-07,-0.029568457958696337,-0.02748811743623275
-0.7436000000000043,-7.436000000000042e-07,0.018302248819225764,-0.02785758155886079
-0.7428000000000026,-7.428000000000025e-07,-0.006914122666917655,-0.02825351260553654
-0.7420000000000044,-7.420000000000044e-07,0.025000123243136996,-0.028672373079458788
-0.7412000000000027,-7.412000000000027e-07,-0.018515348447785407,-0.029110445729284125
-0.7404000000000011,-7.40400000000001e-07,-0.010614001743944779,-0.029563880476574704
-0.7395999999999994,-7.395999999999993e-07,0.056776110167199856,-0.030028741321193146
-0.7388000000000012,-7.388000000000012e-07,0.008736315965932495,-0.03050105267320473
-0.7379999999999995,-7.379999999999995e-07,0.005688199696175511,-0.030976844643718374
-0.7372000000000014,-7.372000000000014e-07,-0.026257442482625293,-0.03145219686096268
-0.7363999999999997,-7.363999999999997e-07,0.04597965831106088,-0.03192328036221384
-0.7356000000000016,-7.356000000000016e-07,-0.024567133784476225,-0.032386397101960146
-0.7347999999999999,-7.347999999999998e-07,0.00869943448877153,-0.03283801665172445
-0.7340000000000018,-7.340000000000018e-07,-0.019711822833345105,-0.03327480973221582
-0.7332000000000001,-7.332e-07,0.015036436888905325,-0.033693678293075735
-0.7324000000000019,-7.324000000000019e-07,0.01595109890248958,-0.03409178194577219
-0.7316000000000003,-7.316000000000002e-07,0.009528606787776783,-0.034466560659755445
-0.7308000000000021,-7.308000000000021e-07,0.03656181919810392,-0.034815753718060304
-0.7300000000000004,-7.300000000000004e-07,-0.03654398372038825,-0.03513741496203172
-0.7292000000000023,-7.292000000000023e-07,0.014136338495453149,-0.03542992433677112
-0.7284000000000006,-7.284000000000006e-07,0.011111675745710425,-0.03569199571822482
-0.7276000000000025,-7.276000000000025e-07,0.011924960250363548,-0.03592268100299522
-0.7268000000000008,-7.268000000000007e-07,-0.017014932344355915,-0.03612137047775876
-0.7260000000000026,-7.260000000000027e-07,0.005014119031776343,-0.03628778952604017
-0.725200000000001,-7.252000000000009e-07,-0.006080032990790296,-0.03642199176169034
-0.7244000000000028,-7.244000000000028e-07,-0.005703841004153387,-0.036524348721195254
-0.7236000000000047,-7.236000000000046e-07,0.03915430680695253,-0.03659553631701636
-0.722800000000003,-7.22800000000003e-07,0.0007139222447719584,-0.036636518335047524
-0.7220000000000013,-7.220000000000013e-07,-0.001157956979506991,-0.036648527315724135
-0.7211999999999996,-7.211999999999995e-07,0.04450004737910551,-0.036633043166384306
-0.7204000000000015,-7.204000000000015e-07,-0.010750368724324,-0.03659176981831279
-0.7195999999999998,-7.195999999999997e-07,0.01427535382437245,-0.03652661018781245
-0.7188000000000017,-7.188000000000016e-07,-0.026457737663081793,-0.03643963964165801
-0.718,-7.179999999999999e-07,-0.004060060026174983,-0.036333078120973014
-0.7172000000000018,-7.172000000000018e-07,-0.020056807062670712,-0.036209261077496134
-0.7164000000000001,-7.164000000000001e-07,0.02623764014025254,-0.036070609447243746
-0.715600000000002,-7.15600000000002e-07,-0.004855187707994035,-0.035919599015072565
-0.7148000000000003,-7.148000000000003e-07,0.05880100050893727,-0.03575872966068578
-0.7140000000000022,-7.140000000000022e-07,0.03041130470122211,-0.03559049506415335
-0.7132000000000005,-7.132000000000004e-07,-0.00479598837350409,-0.03541735344515105
-0.7124000000000024,-7.124000000000024e-07,0.020656803427529402,-0.03524169980854381
-0.7116000000000007,-7.116000000000006e-07,-0.006373572122822857,-0.035065840011984976
-0.7108000000000025,-7.108000000000025e-07,0.009492481653443186,-0.034891966831163426
-0.7100000000000009,-7.100000000000008e-07,0.010294418718097165,-0.03472213812382361
-0.7092000000000027,-7.092000000000027e-07,-0.023109840709649887,-0.03455825718195035
-0.708400000000001,-7.08400000000001e-07,0.05782562647530842,-0.03440205538562533
-0.7076000000000029,-7.076000000000029e-07,0.03764972966922814,-0.03425507730821708
-0.7068000000000012,-7.068000000000012e-07,0.0014880562436819234,-0.03411866843974289
-0.7060000000000031,-7.060000000000031e-07,0.021332208266148622,-0.033993965651579854
-0.7052000000000014,-7.052000000000013e-07,-0.020958985973370314,-0.03388189041233921
-0.7044000000000032,-7.044000000000033e-07,0.042192020490972426,-0.03378314463574246
-0.7036000000000016,-7.036000000000015e-07,-0.008710914762454558,-0.03369820896271179
-0.7027999999999999,-7.027999999999999e-07,0.022814656058178673,-0.033627343262259364
-0.7019999999999982,-7.019999999999981e-07,-0.03882628805992494,-0.03357058914411318
-0.7012,-7.012000000000001e-07,-0.012873988226252353,-0.033527774291150385
-0.7004000000000019,-7.004000000000019e-07,-0.04200377341569145,-0.03349851846924829
-0.6996000000000002,-6.996000000000002e-07,0.08503284368610314,-0.0334822411996564
-0.6988000000000021,-6.988000000000021e-07,0.05830149247639832,-0.0334781712788723
-0.6980000000000004,-6.980000000000003e-07,0.01916754625266448,-0.03348535850982815
-0.6972000000000023,-6.972000000000022e-07,-0.0004386727692571313,-0.0335026880390166
-0.6964000000000006,-6.964000000000005e-07,0.02759053033473824,-0.03352889754345693
-0.6956000000000024,-6.956000000000024e-07,0.015524029650052396,-0.03356259728360237
-0.6948000000000008,-6.948000000000007e-07,0.009513286824917366,-0.033602292860190223
-0.6940000000000026,-6.940000000000026e-07,0.07819652176476516,-0.033646410413860565
-0.6932000000000009,-6.932000000000009e-07,-0.04327741544724045,-0.033693323935450714
-0.6924000000000028,-6.924000000000028e-07,0.0006694750418486661,-0.03374138426565928
-0.6916000000000011,-6.91600000000001e-07,0.022087049779339174,-0.0337889492622637
-0.690800000000003,-6.90800000000003e-07,0.03191512549611919,-0.033834414552912494
-0.6900000000000013,-6.900000000000012e-07,-0.009629737810333605,-0.03387624429984512
-0.6892000000000031,-6.892000000000031e-07,0.045954503593856943,-0.03391300143691044
-0.6884000000000015,-6.884000000000014e-07,-0.05381512913126041,-0.03394337684215569
-0.6876000000000033,-6.876000000000033e-07,0.02064148346457001,-0.03396621688536048
-0.6868000000000016,-6.868000000000016e-07,0.029714906179594103,-0.03398054878940102
-0.6860000000000035,-6.860000000000035e-07,-0.012632650534339929,-0.03398560329808168
-0.6852000000000018,-6.852000000000018e-07,0.032196937868194664,-0.03398083422789094
-0.6844000000000037,-6.844000000000037e-07,-0.009932355353883371,-0.03396593454773836
-0.6835999999999984,-6.835999999999984e-07,-6.172443989288512e-05,-0.03394084866121587
-0.6828000000000003,-6.828000000000003e-07,0.02513308553204885,-0.03390578058496843
-0.6819999999999986,-6.819999999999986e-07,0.007585801469050746,-0.03386119775105518
-0.6812000000000005,-6.812000000000005e-07,-0.0179929547265249,-0.033807830210905526
-0.6803999999999988,-6.803999999999987e-07,-0.0017089101093387127,-0.033746665069545684
-0.6796000000000006,-6.796000000000007e-07,0.02100254399968232,-0.033678936034317423
-0.6788000000000025,-6.788000000000025e-07,-0.044887151808032655,-0.03360610804513552
-0.6780000000000008,-6.780000000000008e-07,0.009856190537095577,-0.03352985707334754
-0.6772000000000027,-6.772000000000027e-07,-0.021248364071108194,-0.03345204532524238
-0.676400000000001,-6.76400000000001e-07,0.024833304848473903,-0.03337469226228297
-0.6756000000000029,-6.756000000000028e-07,-0.020456073249363937,-0.03329994204930075
-0.6748000000000012,-6.748000000000011e-07,0.03781106285527652,-0.03323002823696179
-0.674000000000003,-6.74000000000003e-07,0.023651394082946142,-0.03316723664239511
-0.6732000000000014,-6.732000000000013e-07,0.044394320324644854,-0.033113867492553115
-0.6724000000000032,-6.724000000000032e-07,0.026321805680411425,-0.0330721979229998
-0.6716000000000015,-6.716000000000015e-07,0.04934211888452461,-0.03304444586596521
-0.6708000000000034,-6.708000000000034e-07,0.005695765421837862,-0.03303273622199511
-0.6700000000000017,-6.700000000000016e-07,0.038250047379105534,-0.03303907002144809
-0.6692000000000036,-6.692000000000036e-07,0.05963433384233724,-0.033065297084115305
-0.6684000000000019,-6.684000000000018e-07,-0.016264440376894895,-0.03311309249942241
-0.6676000000000037,-6.676000000000037e-07,-0.04176792093229387,-0.033183937076727364
-0.6668000000000021,-6.66800000000002e-07,0.032359027397070306,-0.03327910176916261
-0.6660000000000039,-6.660000000000039e-07,0.04008712564337086,-0.03339963600811065
-0.6652000000000022,-6.652000000000022e-07,0.06516713014923492,-0.03354635992494346
-0.6644000000000005,-6.644000000000005e-07,0.016682109872696416,-0.03371986050252339
-0.6635999999999989,-6.635999999999988e-07,0.013213165901944601,-0.0339204916665882
-0.6628000000000007,-6.628000000000007e-07,0.01978034706552617,-0.034148378164696035
-0.661999999999999,-6.61999999999999e-07,0.056401810186375634,-0.03440342286941798
-0.6612000000000009,-6.612000000000009e-07,-0.003988377588800551,-0.034685316967801666
-0.6603999999999992,-6.603999999999992e-07,-0.017279344236324712,-0.03499355236974184
-0.6596000000000011,-6.596000000000011e-07,-0.005854015261637147,-0.035327435560751706
-0.6587999999999994,-6.587999999999993e-07,-0.03491835956524403,-0.035686102062327266
-0.6580000000000013,-6.580000000000013e-07,0.027136414359484717,-0.03606853070006482
-0.6571999999999996,-6.571999999999995e-07,-0.04079141123577973,-0.03647355702774223
-0.6564000000000014,-6.564000000000014e-07,-0.0016561408378257814,-0.036899885466909046
-0.6556000000000033,-6.556000000000033e-07,-0.01664838660062884,-0.03734609994319727
-0.6548000000000016,-6.548000000000015e-07,-0.025533240895253273,-0.03781067301797384
-0.6540000000000035,-6.540000000000034e-07,0.05357630695420429,-0.0382919737368679
-0.6532000000000018,-6.532000000000017e-07,0.07418078569837644,-0.03878827463516379
-0.6524000000000036,-6.524000000000036e-07,-0.010958985973370305,-0.0392977584973734
-0.651600000000002,-6.516000000000019e-07,-0.023202328318498555,-0.0398185254899215
-0.6508000000000038,-6.508000000000038e-07,0.05865347460009357,-0.04034860116583408
-0.6500000000000021,-6.500000000000021e-07,0.06883012774900121,-0.040885945674036445
-0.649200000000004,-6.49200000000004e-07,0.023640991497209052,-0.04142846437404193
-0.6484000000000023,-6.484000000000022e-07,0.008764119031776374,-0.04197401991769288
-0.6476000000000042,-6.476000000000042e-07,-0.035822618992991107,-0.04252044563839631
-0.6468000000000025,-6.468000000000024e-07,-0.012563804957040348,-0.043065559824186514
-0.6460000000000008,-6.460000000000008e-07,0.026409564423472753,-0.04360718027104707
-0.6451999999999991,-6.45199999999999e-07,-0.041002109001973486,-0.044143138489450805
-0.644400000000001,-6.44400000000001e-07,-0.06517709773726321,-0.044671293031438256
-0.6435999999999993,-6.435999999999992e-07,0.01756480778614189,-0.04518954155055216
-0.6428000000000011,-6.428000000000011e-07,-0.014123420394859698,-0.04569583139308212
-0.6419999999999995,-6.419999999999994e-07,-0.022407956979506982,-0.04618816875957135
-0.6412000000000013,-6.412000000000013e-07,0.03948888845054094,-0.04666462673004431
-0.6403999999999996,-6.403999999999996e-07,0.024469407453386827,-0.047123352644719056
-0.6396000000000015,-6.396000000000015e-07,0.020896816945221885,-0.047562575435249735
-0.6387999999999998,-6.387999999999998e-07,0.05464189956799953,-0.0479806134958982
-0.6380000000000017,-6.380000000000017e-07,0.014040257683802293,-0.04837588356373986
-0.6372,-6.371999999999999e-07,0.007895984738362838,-0.048746910860566386
-0.6364000000000019,-6.364000000000019e-07,0.00145060693502852,-0.04909234048176611
-0.6356000000000002,-6.356000000000001e-07,0.009184190389843805,-0.04941094975643368
-0.634800000000002,-6.34800000000002e-07,-0.023447259213313143,-0.04970166109962098
-0.6340000000000039,-6.340000000000039e-07,-0.02896057452305667,-0.04996355475538779
-0.6332000000000022,-6.332000000000021e-07,-0.008242046655734303,-0.05019588078682981
-0.6324000000000041,-6.32400000000004e-07,-0.04951209548428115,-0.05039806970572088
-0.6316000000000024,-6.316000000000023e-07,-0.004401639564033055,-0.05056974124985778
-0.6308000000000042,-6.308000000000042e-07,0.020739644793368428,-0.050710710992986505
-0.6300000000000026,-6.300000000000025e-07,0.0029954702413811374,-0.05082099466948664
-0.6292000000000044,-6.292000000000044e-07,-0.0021658629446670297,-0.0509008102560845
-0.6284000000000027,-6.284000000000027e-07,-0.023662118013801747,-0.05095057792854488
-0.627600000000001,-6.27600000000001e-07,0.02057755526449262,-0.05097091800935423
-0.6267999999999994,-6.267999999999993e-07,-0.019208910109338728,-0.05096264699925934
-0.6260000000000012,-6.260000000000012e-07,0.019147308912582872,-0.05092677178383783
-0.6251999999999995,-6.251999999999995e-07,0.016767788098610126,-0.05086448211877653
-0.6244000000000014,-6.244000000000014e-07,0.017541922097520313,-0.05077714149285134
-0.6235999999999997,-6.235999999999997e-07,-0.024901715428064686,-0.05066627642265907
-0.6228000000000016,-6.228000000000016e-07,-0.00201360817003593,-0.050533564147726966
-0.6219999999999999,-6.219999999999998e-07,0.003189523870395561,-0.0503808186011176
-0.6212000000000018,-6.212000000000017e-07,-0.028477142796204447,-0.050209974476616646
-0.6204000000000001,-6.204e-07,-0.029914198530949287,-0.05002306922011284
-0.6196000000000019,-6.196000000000019e-07,-0.030372664052032317,-0.049822222831967064
-0.6188000000000002,-6.188000000000002e-07,-0.027240382242016414,-0.049609615479615725
-0.6180000000000021,-6.180000000000021e-07,0.04872515703736807,-0.04938746309539236
-0.6172000000000004,-6.172000000000004e-07,-0.011590699951893657,-0.04915799134946599
-0.6164000000000023,-6.164000000000023e-07,-0.013445178696165794,-0.04892340857138476
-0.6156000000000006,-6.156000000000006e-07,0.029662136908081116,-0.048685878284794114
-0.6148000000000025,-6.148000000000025e-07,-0.0231035991582077,-0.04844749202603259
-0.6140000000000008,-6.140000000000007e-07,0.005308982338129042,-0.048210243094413505
-0.6132000000000026,-6.132000000000026e-07,0.05146649472938036,-0.047976001866857604
-0.6124000000000009,-6.124000000000009e-07,0.026387246566343725,-0.0477464932958945
-0.6116000000000028,-6.116000000000028e-07,0.00455981454498805,-0.0475232771637583
-0.6108000000000047,-6.108000000000046e-07,-0.002396230219449791,-0.04730773155066055
-0.610000000000003,-6.10000000000003e-07,0.0028897431869205903,-0.04710103980167797
-0.6092000000000013,-6.092000000000013e-07,0.023549828062680467,-0.046904181109626186
-0.6083999999999996,-6.083999999999995e-07,0.0016620610440495343,-0.046717924725966836
-0.6076000000000015,-6.076000000000015e-07,0.0328541858839797,-0.046542827757610664
-0.6067999999999998,-6.067999999999997e-07,-0.024223473729370726,-0.04637923645766062
-0.6060000000000016,-6.060000000000016e-07,-0.003902887874321581,-0.04622729084962661
-0.6052,-6.051999999999999e-07,0.002421631422927728,-0.0460869324580699
-0.6044000000000018,-6.044000000000018e-07,-0.01329897696154203,-0.04595791489308193
-0.6036000000000001,-6.036000000000001e-07,0.013124082984563357,-0.04583981706857347
-0.602800000000002,-6.02800000000002e-07,0.04853242758267373,-0.045732058902916956
-0.6020000000000003,-6.020000000000003e-07,-0.0002529412088325689,-0.04563391940951371
-0.6012000000000022,-6.012000000000022e-07,0.039436687010420746,-0.04554455708825568
-0.6004000000000005,-6.004000000000004e-07,0.01865271825716619,-0.04546303245199007
-0.5996000000000024,-5.996000000000024e-07,-0.023166203184065037,-0.04538833238027891
-0.5988000000000007,-5.988000000000006e-07,0.011054745439802727,-0.045319395832615295
-0.5980000000000025,-5.980000000000025e-07,-0.0003698271919575502,-0.0452551403266362
-0.5972000000000008,-5.972000000000008e-07,0.03434287522735208,-0.045194488527462745
-0.5964000000000027,-5.964000000000027e-07,-0.0255633129895792,-0.045136394294202783
-0.595600000000001,-5.95600000000001e-07,-0.017017769204330735,-0.045079867546319596
-0.5948000000000029,-5.948000000000029e-07,-0.02085741995310464,-0.045023997325193035
-0.5940000000000012,-5.940000000000012e-07,0.035642807638890106,-0.044967972466788866
-0.5932000000000031,-5.932000000000031e-07,0.02400621306661621,-0.04491109940124223
-0.5924000000000014,-5.924000000000013e-07,-0.01930139771808742,-0.04485281671962897
-0.5916000000000032,-5.916000000000033e-07,-0.038949415594492165,-0.0447927062258933
-0.5908000000000015,-5.908000000000015e-07,0.023275769927801948,-0.04473050021122784
-0.5899999999999999,-5.899999999999999e-07,-0.0458532589188097,-0.04466608472000802
-0.5891999999999982,-5.891999999999981e-07,-0.018652471770892076,-0.04459949868541816
-0.5884,-5.884000000000001e-07,0.033992217277976855,-0.04453092899349253
-0.5876000000000019,-5.876000000000019e-07,-0.0038200465084825552,-0.04446070174318837
-0.5868000000000002,-5.868000000000001e-07,0.005921215319498296,-0.0443892701631808
-0.5860000000000021,-5.860000000000021e-07,0.006620262189666382,-0.04431719978151865
-0.5852000000000004,-5.852000000000003e-07,0.024813067508392295,-0.04424515150735225
-0.5844000000000023,-5.844000000000022e-07,0.015913461082401215,-0.044173863299442284
-0.5836000000000006,-5.836000000000005e-07,-0.007751617034612468,-0.0441041310880515
-0.5828000000000024,-5.828000000000024e-07,0.008145076667472329,-0.044036789587402536
-0.5820000000000007,-5.820000000000007e-07,0.01628492420325056,-0.043972693595418055
-0.5812000000000026,-5.812000000000026e-07,0.019436687010420783,-0.04391270035118244
-0.5804000000000009,-5.804000000000009e-07,0.021594539641069943,-0.043857653513345925
-0.5796000000000028,-5.796000000000028e-07,0.03719618152526738,-0.04380836930626357
-0.5788000000000011,-5.78800000000001e-07,0.04507048150619147,-0.04376562532273863
-0.578000000000003,-5.78000000000003e-07,0.028688275560107113,-0.04373015235716748
-0.5772000000000013,-5.772000000000012e-07,0.003927532734972039,-0.04370262946807116
-0.5764000000000031,-5.764000000000031e-07,0.02806715267875559,-0.04368368224992878
-0.5756000000000014,-5.756000000000014e-07,0.03588773853370475,-0.0436738840719582
-0.5748000000000033,-5.748000000000033e-07,-0.036844520746790566,-0.04367375985694704
-0.5740000000000016,-5.740000000000016e-07,0.02024845882941917,-0.043683791837386333
-0.5732000000000035,-5.732000000000035e-07,0.022240060896797864,-0.04370442663749754
-0.5724000000000018,-5.724000000000018e-07,-0.015339943609066209,-0.04373608299569304
-0.5716000000000037,-5.716000000000037e-07,0.027893904221215404,-0.0437791594542912
-0.5707999999999984,-5.707999999999984e-07,-0.047849589851976015,-0.043834041370144426
-0.5700000000000003,-5.700000000000003e-07,-0.014080108854721884,-0.043901106630492744
-0.5691999999999986,-5.691999999999986e-07,0.002345031608531112,-0.043980729524050674
-0.5684000000000005,-5.684000000000005e-07,0.015693684904690364,-0.04407328235129622
-0.5675999999999988,-5.675999999999987e-07,-0.008519509482080356,-0.044179134546193266
-0.5668000000000006,-5.668000000000007e-07,-0.018772762445484537,-0.04429864926518423
-0.5660000000000025,-5.660000000000025e-07,0.04561784143312109,-0.04443217753419266
-0.5652000000000008,-5.652000000000007e-07,-0.03351118741349057,-0.04458005013981429
-0.5644000000000027,-5.644000000000027e-07,0.018070557370123086,-0.044742567532224435
-0.563600000000001,-5.636000000000009e-07,0.019456924350502336,-0.04491998807759755
-0.5628000000000029,-5.628000000000028e-07,0.006978485864803874,-0.04511251505226762
-0.5620000000000012,-5.620000000000011e-07,0.00887892449775396,-0.04532028280780531
-0.561200000000003,-5.61200000000003e-07,0.009041581858122316,-0.04554334254824992
-0.5604000000000013,-5.604000000000013e-07,-0.05112031915941856,-0.04578164814962844
-0.5596000000000032,-5.596000000000032e-07,0.06274637831227164,-0.04603504244576114
-0.5588000000000015,-5.588000000000015e-07,0.01747931807166292,-0.04630324443434139
-0.5580000000000034,-5.580000000000034e-07,0.008936611146389106,-0.04658583791250863
-0.5572000000000017,-5.572000000000016e-07,0.014627335947967668,-0.046882262073903155
-0.5564000000000036,-5.564000000000036e-07,0.0399237119400751,-0.0471918045474487
-0.5556000000000019,-5.556000000000018e-07,0.008171367047561329,-0.04751359725171604
-0.5548000000000037,-5.548000000000037e-07,-0.0025297603397542168,-0.04784661531705989
-0.554000000000002,-5.54000000000002e-07,0.04740631146006835,-0.04818967920367346
-0.5532000000000039,-5.532000000000039e-07,-0.008294815927247234,-0.04854146002206007
-0.5524000000000022,-5.524000000000022e-07,-0.024877317053688286,-0.04890048795419376
-0.5516000000000005,-5.516000000000005e-07,0.06871116124872872,-0.04926516358489261
-0.5507999999999988,-5.507999999999988e-07,-0.01303683409805545,-0.04963377188806796
-0.5500000000000007,-5.500000000000007e-07,-0.013731719933928854,-0.05000449856743834
-0.549199999999999,-5.49199999999999e-07,0.011635582152625779,-0.050375448404533646
-0.5484000000000009,-5.484000000000009e-07,0.0012856805460779719,-0.0507446652155302
-0.5475999999999992,-5.475999999999992e-07,-0.0516712722892505,-0.051110152994937395
-0.5468000000000011,-5.468000000000011e-07,0.03685951936453136,-0.051469897850844215
-0.5459999999999994,-5.459999999999993e-07,0.005728485864803845,-0.051821890405985185
-0.5452000000000012,-5.452000000000013e-07,-0.010033921374049015,-0.052164148429681555
-0.5443999999999996,-5.443999999999995e-07,-0.005834534264482993,-0.05249473954229503
-0.5436000000000014,-5.436000000000013e-07,0.0469590048676497,-0.052811803867981184
-0.5428000000000033,-5.428000000000033e-07,-0.03792751384069265,-0.0531135765121944
-0.5420000000000016,-5.420000000000015e-07,0.007367349465660089,-0.05339840972784156
-0.5412000000000035,-5.412000000000034e-07,0.003714754451630886,-0.053664794613802504
-0.5404000000000018,-5.404000000000017e-07,0.014438199696175547,-0.05391138217354529
-0.5396000000000036,-5.396000000000036e-07,0.042677532734972046,-0.05413700356135484
-0.5388000000000019,-5.388000000000019e-07,-0.025095769057079054,-0.05434068933505308
-0.5380000000000038,-5.380000000000038e-07,0.032140575393779514,-0.05452168747670188
-0.5372000000000021,-5.372000000000021e-07,-0.018472225419082278,-0.054679479835283165
-0.536400000000004,-5.36400000000004e-07,-0.006307563405598071,-0.05481379653012772
-0.5356000000000023,-5.356000000000022e-07,-0.018949415594492203,-0.05492462777439905
-0.5348000000000042,-5.348000000000042e-07,-0.031633066637769436,-0.05501223255532475
-0.5340000000000025,-5.340000000000024e-07,0.024929953491517387,-0.055077143649650315
-0.5332000000000008,-5.332000000000008e-07,-0.01671231480080626,-0.055120168552723364
-0.5323999999999991,-5.32399999999999e-07,-0.010335026231944044,-0.055142386025206866
-0.531600000000001,-5.31600000000001e-07,-0.0022681853077602954,-0.05514513806956489
-0.5307999999999993,-5.307999999999992e-07,-0.0320372502014849,-0.055130017225463526
-0.5300000000000011,-5.300000000000011e-07,-0.054130986120622004,-0.055098849145426176
-0.5291999999999994,-5.291999999999994e-07,-0.020227975003063503,-0.0550536705201867
-0.5284000000000013,-5.284000000000013e-07,0.03495359552306643,-0.054996702598456584
-0.5275999999999996,-5.275999999999996e-07,0.01822432483050901,-0.05493032078184491
-0.5268000000000015,-5.268000000000015e-07,-0.028479223313351898,-0.054857021001314565
-0.5259999999999998,-5.259999999999998e-07,0.004869429982807427,-0.054779383707060994
-0.5252000000000017,-5.252000000000017e-07,-0.006227558899634,-0.05470003631889443
-0.5244,-5.243999999999999e-07,0.00018453062924178587,-0.054621614965854756
-0.5236000000000018,-5.236000000000019e-07,0.03354566702838563,-0.05454672635512542
-0.5228000000000002,-5.228000000000001e-07,0.03762816815482656,-0.05447791063905208
-0.522000000000002,-5.22000000000002e-07,0.011943684904690333,-0.054417606140334196
-0.5212000000000039,-5.212000000000039e-07,0.006270360583218615,-0.05436811670618072
-0.5204000000000022,-5.204000000000021e-07,0.01973514351967559,-0.05433158229474559
-0.5196000000000041,-5.19600000000004e-07,0.026482571035067237,-0.054309953200239985
-0.5188000000000024,-5.188000000000023e-07,0.0022358998625029436,-0.054304968146091884
-0.5180000000000042,-5.180000000000042e-07,0.018629832568544613,-0.05431813632511209
-0.5172000000000025,-5.172000000000025e-07,-0.029281160378105853,-0.05435072332530819
-0.5164000000000044,-5.164000000000044e-07,0.024264951238635313,-0.0544037407541368
-0.5156000000000027,-5.156000000000027e-07,-0.01217910239037906,-0.05447793928837899
-0.514800000000001,-5.14800000000001e-07,0.024452006973280094,-0.05457380484320405
-0.5139999999999993,-5.139999999999993e-07,-0.01875460562255049,-0.054691557551800885
-0.5132000000000012,-5.132000000000012e-07,0.01040922418407475,-0.054831153244795955
-0.5123999999999995,-5.123999999999995e-07,-0.05024669965739026,-0.05499228710795086
-0.5116000000000014,-5.116000000000014e-07,-0.0020712948187711078,-0.05517439920028051
-0.5107999999999997,-5.107999999999996e-07,-0.02381588547418778,-0.055376681567762195
-0.5100000000000016,-5.100000000000016e-07,0.023753716446039186,-0.055598086806995434
-0.5091999999999999,-5.091999999999998e-07,-0.016011187413490557,-0.05583733809442973
-0.5084000000000017,-5.084000000000017e-07,-0.026123912362320756,-0.05609294084657475
-0.5076,-5.076e-07,0.030027358477488386,-0.0563631962796515
-0.5068000000000019,-5.068000000000019e-07,0.08639972966922821,-0.05664621720045801
-0.5060000000000002,-5.060000000000002e-07,0.006927040767510995,-0.056939946384601786
-0.5052000000000021,-5.052000000000021e-07,0.0031513182189145117,-0.057242177831242066
-0.5044000000000004,-5.044000000000004e-07,0.00016013225496530614,-0.05755058098133822
-0.5036000000000023,-5.036000000000023e-07,0.005352861709659651,-0.05786272770769082
-0.5028000000000006,-5.028000000000005e-07,0.0015285309237451639,-0.05817612165005861
-0.5020000000000024,-5.020000000000025e-07,-0.027213147007665195,-0.058488229336747674
-0.5012000000000008,-5.012000000000007e-07,0.025478069761374345,-0.058796512480881406
-0.5004000000000026,-5.004000000000025e-07,-0.012582529611367022,-0.05909846082692835
-0.49960000000000093,-4.996000000000009e-07,-0.038862413194258316,-0.05939162493246651
-0.4988000000000028,-4.988000000000027e-07,-0.05036907084913006,-0.05967364829439962
-0.49800000000000466,-4.980000000000046e-07,0.027671859014922418,-0.05994229828405328
-0.497200000000003,-4.972000000000029e-07,0.00024221727797685277,-0.060195495474702834
-0.4964000000000013,-4.964000000000013e-07,0.023524105514084015,-0.060431341114637924
-0.4955999999999996,-4.955999999999995e-07,-0.005012359859747462,-0.060648142635742745
-0.49480000000000146,-4.948000000000014e-07,0.00020609214364331052,-0.06084443711934358
-0.4939999999999998,-4.939999999999997e-07,0.02492371194007509,-0.06101901257818991
-0.49320000000000164,-4.932000000000016e-07,0.003118597775948473,-0.061170926815407346
-0.49239999999999995,-4.923999999999999e-07,-0.016619827191957537,-0.06129952352405992
-0.4916000000000018,-4.916000000000018e-07,-0.003547312547824255,-0.06140444519617188
-0.4908000000000001,-4.908000000000001e-07,-0.03898062335170349,-0.06148564232663602
-0.490000000000002,-4.90000000000002e-07,-0.01720274442192804,-0.061543378358961565
-0.4892000000000003,-4.892000000000003e-07,-0.009509447135741034,-0.06157822985582858
-0.48840000000000217,-4.884000000000022e-07,-0.046310211754138075,-0.06159108148705454
-0.4876000000000005,-4.876000000000004e-07,-0.016760355206631605,-0.06158311558573069
-0.48680000000000234,-4.868000000000023e-07,-0.004741706416236446,-0.061555796205222904
-0.48600000000000065,-4.860000000000006e-07,-0.03623096359110134,-0.06151084780391701
-0.4852000000000025,-4.852000000000025e-07,0.018387170702312106,-0.06145022887948633
-0.48440000000000083,-4.844000000000008e-07,-0.05816885153270507,-0.06137610105022591
-0.4836000000000027,-4.836000000000027e-07,0.023913725457767487,-0.061290794227418566
-0.482800000000001,-4.82800000000001e-07,-0.029694422353338357,-0.06119676864955248
-0.48200000000000287,-4.820000000000029e-07,0.01592953738808789,-0.061096574668040984
-0.4812000000000012,-4.812000000000012e-07,0.058803081026084725,-0.060992811276486286
-0.48040000000000305,-4.804000000000031e-07,-0.006146798050942426,-0.06088808442916401
-0.47960000000000136,-4.796000000000013e-07,0.018444857351047228,-0.06078496615901932
-0.4788000000000032,-4.788000000000031e-07,0.01045726458990015,-0.060685955368391525
-0.47800000000000153,-4.780000000000015e-07,0.029742141413945267,-0.060593440967245754
-0.47719999999999985,-4.771999999999999e-07,-0.005687764698466602,-0.0605096678340297
-0.47639999999999816,-4.7639999999999815e-07,0.006954843833354818,-0.06043670589774887
-0.4756,-4.756e-07,-0.019351518641060272,-0.060376422481538294
-0.4748000000000019,-4.7480000000000184e-07,-0.017983308483715155,-0.06033045791839567
-0.4740000000000002,-4.740000000000002e-07,0.031250123243137085,-0.060300204376700826
-0.47320000000000206,-4.7320000000000204e-07,-0.007410037496654365,-0.060286787824875294
-0.4724000000000004,-4.7240000000000034e-07,-0.025662609981262796,-0.06029105308963004
-0.47160000000000224,-4.7160000000000224e-07,-0.02430064137526,-0.06031355197914372
-0.47080000000000055,-4.7080000000000054e-07,0.009571729816479968,-0.0603545344518585
-0.4700000000000024,-4.700000000000024e-07,-0.017392637016647616,-0.0604139428536895
-0.4692000000000007,-4.692000000000007e-07,0.016125860045684504,-0.060491409335815045
-0.4684000000000026,-4.684000000000026e-07,0.031665465735516984,-0.06058625666191298
-0.4676000000000009,-4.676000000000009e-07,-0.00634576905707912,-0.060697502665254116
-0.46680000000000277,-4.668000000000027e-07,-0.025931939250453895,-0.06082386859725191
-0.4660000000000011,-4.660000000000011e-07,-0.015266180654644412,-0.060963791535407
-0.46520000000000294,-4.652000000000029e-07,0.005500387618603386,-0.06111544094773932
-0.46440000000000126,-4.644000000000012e-07,0.06472057989964375,-0.06127673950012774
-0.4636000000000031,-4.636000000000031e-07,0.02326044996484261,-0.06144538822741038
-0.46280000000000143,-4.628000000000014e-07,0.019420799216068763,-0.061618896176073606
-0.4620000000000033,-4.6200000000000326e-07,0.05884904091476273,-0.06179461448441187
-0.4612000000000016,-4.6120000000000156e-07,-0.03557712026678378,-0.06196977460178989
-0.4604000000000035,-4.6040000000000346e-07,0.004025694063770402,-0.06214153003677898
-0.4596000000000018,-4.5960000000000176e-07,0.014909904662970597,-0.06230700074410577
-0.45880000000000365,-4.588000000000036e-07,-0.0164556571459345,-0.06246331906501947
-0.4579999999999984,-4.579999999999984e-07,-0.04850210900197349,-0.06260767603628242
-0.4572000000000003,-4.5720000000000026e-07,-0.014034905308971113,-0.062737366858138
-0.4563999999999986,-4.5639999999999855e-07,-0.023285737515830074,-0.0628498343525137
-0.45560000000000045,-4.5560000000000045e-07,-0.055427513840692666,-0.06294270936414985
-0.45479999999999876,-4.5479999999999875e-07,-0.03831354058157388,-0.06301384725601786
-0.4540000000000006,-4.540000000000006e-07,0.011244638034522136,-0.06306135990067664
-0.4532000000000025,-4.5320000000000244e-07,0.0009539357624642752,-0.06308364284928725
-0.4524000000000008,-4.524000000000008e-07,-0.002336274542232508,-0.06307939763351829
-0.45160000000000267,-4.5160000000000264e-07,0.02127735847748835,-0.06304764935826812
-0.450800000000001,-4.5080000000000094e-07,0.012864776981151516,-0.0629877598321799
-0.45000000000000284,-4.5000000000000284e-07,-0.018433263424673885,-0.06289943647190477
-0.44920000000000115,-4.4920000000000114e-07,-0.016414614634378766,-0.06278273714770408
-0.448400000000003,-4.48400000000003e-07,0.005174128043504589,-0.06263807105952629
-0.44760000000000133,-4.4760000000000133e-07,0.022694365383586157,-0.06246619568921575
-0.4468000000000032,-4.468000000000032e-07,-0.02070365249271855,-0.06226820987864979
-0.4460000000000015,-4.460000000000015e-07,-0.01077117389579818,-0.06204554310064572
-0.44520000000000337,-4.452000000000033e-07,-0.019498856038569268,-0.061799940987890385
-0.4444000000000017,-4.444000000000017e-07,-0.03122188517968444,-0.06153344718568377
-0.44360000000000355,-4.436000000000035e-07,0.009879264737151838,-0.06124838164291789
-0.44280000000000186,-4.428000000000018e-07,-0.023202328318498555,-0.06094731556712092
-0.4420000000000037,-4.420000000000037e-07,0.06261284819196733,-0.06063304341349049
-0.44120000000000203,-4.41200000000002e-07,-0.006301889685548567,-0.06030855240077647
-0.4404000000000039,-4.4040000000000386e-07,0.010146324977760801,-0.059976990095899976
-0.4396000000000022,-4.396000000000022e-07,0.020337541746800303,-0.059641630562171075
-0.4388000000000005,-4.388000000000005e-07,-0.044304046066727554,-0.05930583945313509
-0.43799999999999883,-4.379999999999988e-07,0.011756629170045718,-0.05897303832009912
-0.4372000000000007,-4.3720000000000066e-07,0.023254964756327712,-0.05864666834039377
-0.436399999999999,-4.36399999999999e-07,-0.020847017367367493,-0.05833015367822025
-0.4356000000000009,-4.3560000000000086e-07,-0.03334701736736756,-0.058026864730959644
-0.4347999999999992,-4.3479999999999916e-07,0.0004941460671611386,-0.05774008155852494
-0.43400000000000105,-4.3400000000000105e-07,0.0013740071205318172,-0.05747295785339423
-0.43319999999999936,-4.3319999999999935e-07,0.01001203851462884,-0.05722848591456668
-0.43240000000000123,-4.324000000000012e-07,0.04854774754553304,-0.05700946322047815
-0.43159999999999954,-4.315999999999995e-07,0.02698680793339353,-0.05681846128657624
-0.4308000000000014,-4.308000000000014e-07,0.03227410551408405,-0.056657797485706055
-0.43000000000000327,-4.3000000000000324e-07,-0.046662193877833325,-0.056529510391593506
-0.4292000000000016,-4.2920000000000154e-07,0.029275353824372463,-0.05643533902000148
-0.42840000000000344,-4.2840000000000344e-07,0.028619429982807476,-0.05637670617268094
-0.42760000000000176,-4.2760000000000174e-07,0.035303497129514194,-0.056354705996651766
-0.4268000000000036,-4.268000000000036e-07,-0.002958153766511318,-0.05637009582835698
-0.42600000000000193,-4.2600000000000194e-07,0.005368938015446356,-0.05642329232174576
-0.4252000000000038,-4.252000000000038e-07,0.0195961281907564,-0.056514371736881085
-0.4244000000000021,-4.244000000000021e-07,0.00985770322285029,-0.05664307413925258
-0.423600000000004,-4.23600000000004e-07,-0.009464055078455824,-0.05680881117295971
-0.4228000000000023,-4.228000000000023e-07,0.010981738828208187,-0.05701067701869187
-0.42200000000000415,-4.220000000000041e-07,-0.017096261024540205,-0.05724746211432162
-0.42120000000000246,-4.212000000000024e-07,0.05901661565235333,-0.05751766920547809
-0.4204000000000008,-4.2040000000000077e-07,-0.01852707520774255,-0.05781953130425772
-0.4195999999999991,-4.1959999999999907e-07,-0.03677624300088367,-0.05815103113941315
-0.41880000000000095,-4.188000000000009e-07,-0.04126500820828749,-0.058509921665584594
-0.41799999999999926,-4.179999999999992e-07,0.006143828357183856,-0.0588937472072761
-0.4172000000000011,-4.172000000000011e-07,0.021335801469050675,-0.0592998649162867
-0.41639999999999944,-4.163999999999994e-07,0.039744978274020015,-0.059725466415634546
-0.4156000000000013,-4.1560000000000126e-07,0.010368181672518961,-0.060167599684202405
-0.4147999999999996,-4.147999999999996e-07,-0.011383218365732639,-0.060623191296115944
-0.4140000000000015,-4.1400000000000146e-07,-0.005498439935139765,-0.061089069056086014
-0.4131999999999998,-4.1319999999999976e-07,-0.02294283380355211,-0.06156198495055157
-0.41240000000000165,-4.1240000000000165e-07,-0.02424560307516488,-0.06203863826309978
-0.41159999999999997,-4.1159999999999995e-07,0.011692700969868186,-0.06251569872656221
-0.41080000000000183,-4.108000000000018e-07,0.02928027120149468,-0.06298982968653312
-0.41000000000000014,-4.100000000000001e-07,0.031607779086781806,-0.06345771137362363
-0.409200000000002,-4.09200000000002e-07,-0.010155536222961614,-0.06391606444810499
-0.40840000000000387,-4.0840000000000384e-07,-0.009848757645116946,-0.0643616739406527
-0.4076000000000022,-4.0760000000000214e-07,-0.032150354470373066,-0.06479141359252863
-0.40680000000000405,-4.0680000000000404e-07,0.04516656231784233,-0.06520227048569746
-0.40600000000000236,-4.0600000000000234e-07,-0.058278739621460574,-0.06559136981644419
-0.4052000000000042,-4.052000000000042e-07,0.024845787951358445,-0.06595599969752391
-0.40440000000000254,-4.0440000000000254e-07,0.0743213137130504,-0.06629363592182567
-0.4036000000000044,-4.036000000000044e-07,-0.01952949596438791,-0.06660196663946255
-0.4028000000000027,-4.028000000000027e-07,-0.021505021725979956,-0.06687891685109813
-0.402000000000001,-4.02000000000001e-07,-0.019809039307881138,-0.06712267248722423
-0.40119999999999933,-4.0119999999999933e-07,0.026168226731560162,-0.06733170368598859
-0.4004000000000012,-4.004000000000012e-07,0.01762135877199178,-0.06750478679578234
-0.3995999999999995,-3.995999999999995e-07,-0.011660113360685953,-0.06764102462247118
-0.3988000000000014,-3.988000000000014e-07,-0.04537115136627756,-0.06773986443613726
-0.3979999999999997,-3.9799999999999967e-07,0.01327236523633446,-0.06780111320641434
-0.39720000000000155,-3.972000000000015e-07,-0.011223965696831817,-0.06782494949747384
-0.39639999999999986,-3.9639999999999987e-07,-0.006270493416902445,-0.06781193147840658
-0.39560000000000173,-3.956000000000017e-07,-0.03557503974963644,-0.06776300057713872
-0.39480000000000004,-3.948e-07,-0.03006304861411302,-0.06767948038199335
-0.3940000000000019,-3.9400000000000186e-07,-0.05192925411844218,-0.06756307047679806
-0.3932000000000002,-3.932000000000002e-07,0.024481322724778654,-0.06741583502606666
-0.3924000000000021,-3.9240000000000206e-07,-0.006568949926157419,-0.06724018612467987
-0.3916000000000004,-3.9160000000000036e-07,0.0032946830935635107,-0.06703886214752343
-0.39080000000000226,-3.9080000000000226e-07,-0.03954273541009978,-0.06681490150330963
-0.39000000000000057,-3.9000000000000055e-07,0.06886019984342728,-0.0665716122781162
-0.38920000000000243,-3.892000000000024e-07,-0.08197653818134021,-0.066312538277566
-0.38840000000000074,-3.8840000000000075e-07,0.026992481653443146,-0.06604142198454839
-0.3876000000000026,-3.876000000000026e-07,0.018523537682591296,-0.06576216496018747
-0.3868000000000009,-3.868000000000009e-07,0.007260298236879348,-0.06547878623583107
-0.3860000000000028,-3.8600000000000274e-07,-0.0040585473404202155,-0.06519537926174562
-0.38520000000000465,-3.8520000000000464e-07,-0.04376425186546018,-0.0649160679622792
-0.38440000000000296,-3.8440000000000294e-07,0.009739493065405225,-0.06464496240005113
-0.3836000000000013,-3.8360000000000124e-07,0.03622175234590064,-0.06438611453007928
-0.3827999999999996,-3.827999999999996e-07,0.004102293878267105,-0.06414347456214736
-0.38200000000000145,-3.8200000000000144e-07,-0.01151466796888967,-0.06392084849827745
-0.38119999999999976,-3.8119999999999973e-07,-0.02660091402619602,-0.06372185740470442
-0.3804000000000016,-3.8040000000000163e-07,0.02064242831893226,-0.06354989892257742
-0.37959999999999994,-3.7959999999999993e-07,0.057245734616847455,-0.0634081114869734
-0.3788000000000018,-3.788000000000018e-07,-0.014576780027285907,-0.06329934173166042
-0.3780000000000001,-3.780000000000001e-07,0.02578428050782633,-0.06322611554527355
-0.377200000000002,-3.77200000000002e-07,0.012811251366711351,-0.06319061315343324
-0.3764000000000003,-3.7640000000000027e-07,0.00999407020312959,-0.06319464845005399
-0.37560000000000215,-3.756000000000021e-07,-0.01560133012962539,-0.06323965264898421
-0.37480000000000047,-3.7480000000000047e-07,0.002315336536974577,-0.06332666220647565
-0.37400000000000233,-3.740000000000023e-07,0.0013505536005175012,-0.0634563108849863
-0.37320000000000064,-3.732000000000006e-07,0.018804593711839512,-0.06362882579682905
-0.3724000000000025,-3.724000000000025e-07,0.010825323019282074,-0.06384402727046871
-0.3716000000000008,-3.716000000000008e-07,-0.050409357017758616,-0.06410133238678523
-0.3708000000000027,-3.7080000000000266e-07,0.016067417054121957,-0.06439976201703257
-0.370000000000001,-3.7000000000000096e-07,-0.024547464275787245,-0.06473795118548342
-0.36920000000000286,-3.6920000000000286e-07,0.06040581949260737,-0.06511416261870881
-0.36840000000000117,-3.6840000000000115e-07,-0.009658108707470081,-0.06552630341986354
-0.36760000000000304,-3.67600000000003e-07,0.019002808375148672,-0.06597194485348681
-0.36680000000000135,-3.6680000000000135e-07,-0.04918924060074986,-0.06644834519214617
-0.3660000000000032,-3.660000000000032e-07,0.033122947321677976,-0.06695247548403252
-0.3652000000000015,-3.652000000000015e-07,-0.007056542687304379,-0.0674810480239448
-0.36439999999999984,-3.643999999999998e-07,-0.0072742383477677475,-0.06803054729161283
-0.36359999999999815,-3.6359999999999815e-07,0.005598548947401638,-0.06859726313659517
-0.3628,-3.628e-07,0.019584401430799203,-0.06917732599513812
-0.3620000000000019,-3.6200000000000184e-07,0.018769792751726078,-0.06976674390694326
-0.3612000000000002,-3.612000000000002e-07,-0.004897365882335247,-0.07036144105484327
-0.36040000000000205,-3.6040000000000204e-07,0.012393260525791372,-0.07095729746501211
-0.35960000000000036,-3.5960000000000033e-07,-0.040764743832921224,-0.07155018938368313
-0.35880000000000223,-3.5880000000000223e-07,0.0009720925853985429,-0.0721360297267129
-0.35800000000000054,-3.5800000000000053e-07,-0.0016676790863482394,-0.07271080792682208
-0.3572000000000024,-3.572000000000024e-07,-0.02242441260525152,-0.07327062849765775
-0.3564000000000007,-3.564000000000007e-07,-0.028293303241492485,-0.07381174767330592
-0.3556000000000026,-3.556000000000026e-07,-0.02154455155178081,-0.07433060753680965
-0.3548000000000009,-3.548000000000009e-07,-0.035475365735083475,-0.0748238671208339
-0.35400000000000276,-3.540000000000027e-07,-0.09083566992736825,-0.07528843007212041
-0.35320000000000107,-3.5320000000000107e-07,-0.010024654451197157,-0.07572146864137609
-0.35240000000000293,-3.524000000000029e-07,0.008282956333506286,-0.07612044400474166
-0.35160000000000124,-3.516000000000012e-07,0.027184643276744858,-0.07648312322388182
-0.3508000000000031,-3.508000000000031e-07,0.028634938457201553,-0.07680759342354208
-0.3500000000000014,-3.500000000000014e-07,-0.04963711502456114,-0.0770922738929204
-0.3492000000000033,-3.4920000000000326e-07,0.042249895651142344,-0.07733592676222453
-0.3484000000000016,-3.4840000000000156e-07,-0.026338582651374565,-0.0775376667446787
-0.34760000000000346,-3.4760000000000346e-07,0.019810419159852266,-0.07769697027196631
-0.3468000000000018,-3.4680000000000176e-07,0.0332634753363521,-0.07781368422541843
-0.34600000000000364,-3.460000000000036e-07,0.006761735058602558,-0.07788803434545584
-0.3451999999999984,-3.451999999999984e-07,0.0003364060839151639,-0.07792063324541608
-0.34440000000000026,-3.4440000000000025e-07,-0.029613472993112122,-0.07791248775054731
-0.3435999999999986,-3.4359999999999855e-07,-0.02692641725836742,-0.07786500506350386
-0.34280000000000044,-3.428000000000004e-07,-0.011498591663102853,-0.07777999709245113
-0.34199999999999875,-3.4199999999999875e-07,-0.000675660915540055,-0.07765968221649008
-0.3412000000000006,-3.412000000000006e-07,-0.05495921356536504,-0.07750668379483742
-0.3404000000000025,-3.4040000000000244e-07,0.016601726046774345,-0.07732402479967135
-0.3396000000000008,-3.396000000000008e-07,-0.06580294948440224,-0.07711511803198105
-0.33880000000000265,-3.3880000000000264e-07,-0.0015869182376567759,-0.07688375146809337
-0.33800000000000097,-3.3800000000000094e-07,0.002439976757296569,-0.07663406839610806
-0.33720000000000283,-3.3720000000000283e-07,-0.021525638386019397,-0.07637054213105873
-0.33640000000000114,-3.3640000000000113e-07,-0.06971220215330298,-0.07609794521887753
-0.335600000000003,-3.35600000000003e-07,-0.017723436945899063,-0.07582131313747478
-0.3348000000000013,-3.348000000000013e-07,-0.027247003113416657,-0.07554590261177069
-0.3340000000000032,-3.340000000000032e-07,0.028488925234012585,-0.07527714482792844
-0.3332000000000015,-3.332000000000015e-07,-0.018657012125244843,-0.07502059404599984
-0.33240000000000336,-3.324000000000033e-07,-0.05136014416567619,-0.07478187228965927
-0.33160000000000167,-3.3160000000000167e-07,-0.02246545511680731,-0.07456661088757748
-0.33080000000000354,-3.308000000000035e-07,0.0072667282997564975,-0.07438038969692135
-0.33000000000000185,-3.300000000000018e-07,0.014361220561721066,-0.07422867493004667
-0.3292000000000037,-3.292000000000037e-07,-0.0065139116260622965,-0.07411675663237031
-0.328400000000002,-3.28400000000002e-07,0.0050999857691248485,-0.0740496869495717
-0.3276000000000039,-3.2760000000000386e-07,0.0014723569607647535,-0.07403222032428064
-0.3268000000000022,-3.2680000000000216e-07,0.003961954375027665,-0.07406875669760543
-0.3260000000000005,-3.260000000000005e-07,0.019991421854589464,-0.07416328870584352
-0.3251999999999988,-3.251999999999988e-07,-0.005750748044281884,-0.07431935377504742
-0.3244000000000007,-3.2440000000000065e-07,0.04373934133744206,-0.07453999191585454
-0.323599999999999,-3.23599999999999e-07,0.0034819273396429207,-0.07482770989486745
-0.32280000000000086,-3.2280000000000085e-07,0.010915918622418141,-0.07518445229914572
-0.3219999999999992,-3.2199999999999915e-07,-0.019886774785163208,-0.07561157981811571
-0.32120000000000104,-3.2120000000000105e-07,0.006811099638748153,-0.07610985486462529
-0.32039999999999935,-3.2039999999999935e-07,0.009331336978729565,-0.07667943448469394
-0.3196000000000012,-3.196000000000012e-07,-0.02195762501557874,-0.07731987038819269
-0.31879999999999953,-3.187999999999995e-07,-0.03080427365872218,-0.07803011585691788
-0.3180000000000014,-3.180000000000014e-07,-0.005418246917840874,-0.078808539233144
-0.31720000000000326,-3.1720000000000324e-07,-0.016216779291027272,-0.07965294367064689
-0.31640000000000157,-3.1640000000000154e-07,0.01823018706199342,-0.08056059285577617
-0.31560000000000343,-3.1560000000000343e-07,-0.018928233400148597,-0.08152824245438216
-0.31480000000000175,-3.1480000000000173e-07,0.023657256314330466,-0.08255217706068707
-0.3140000000000036,-3.140000000000036e-07,0.003758254503203551,-0.08362825238476018
-0.3132000000000019,-3.1320000000000193e-07,0.022419171585822295,-0.0847519423152782
-0.3124000000000038,-3.124000000000038e-07,-0.015836237758760863,-0.0859183903418568
-0.3116000000000021,-3.116000000000021e-07,-0.041387758719985346,-0.0871224646265356
-0.31080000000000396,-3.10800000000004e-07,-0.04836120396453003,-0.08835881581077326
-0.3100000000000023,-3.1000000000000227e-07,-0.02326039428719162,-0.08962193649834113
-0.30920000000000414,-3.092000000000041e-07,-0.04518296226583607,-0.09090622132481074
-0.30840000000000245,-3.084000000000024e-07,-0.009285700732358682,-0.09220602661127038
-0.30760000000000076,-3.0760000000000077e-07,-0.045398577409151986,-0.09351572874501844
-0.3067999999999991,-3.0679999999999907e-07,-0.007653078682944625,-0.09482978056823951
-0.30600000000000094,-3.060000000000009e-07,-0.06321708274705373,-0.09614276515690345
-0.30519999999999925,-3.051999999999992e-07,-0.05499779853680398,-0.09744944644268623
-0.3044000000000011,-3.044000000000011e-07,0.005921592342367776,-0.09874481619912454
-0.3035999999999994,-3.035999999999994e-07,-0.04760220141704452,-0.10002413700664553
-0.3028000000000013,-3.0280000000000126e-07,-0.008389007030273898,-0.10128298092083934
-0.3019999999999996,-3.019999999999996e-07,-0.051248554879731345,-0.10251726364907805
-0.30120000000000147,-3.0120000000000145e-07,0.0009140266167053657,-0.10372327406233334
-0.3003999999999998,-3.0039999999999975e-07,-0.07285469803762135,-0.10489769884773599
-0.29960000000000164,-2.9960000000000165e-07,-0.09207697083590904,-0.10603764207782393
-0.29879999999999995,-2.9879999999999995e-07,-0.0788730065885187,-0.10714063947291852
-0.2980000000000018,-2.980000000000018e-07,-0.026523937188929758,-0.10820466721831673
-0.29720000000000013,-2.972000000000001e-07,-0.007554161011219085,-0.1092281454031383
-0.296400000000002,-2.96400000000002e-07,-0.04473414298766254,-0.11020993641793206
-0.29560000000000386,-2.9560000000000384e-07,-0.042855265869114034,-0.11114933885784684
-0.29480000000000217,-2.9480000000000214e-07,-0.061019511779168645,-0.11204607755097296
-0.29400000000000404,-2.9400000000000404e-07,-0.013895892277170363,-0.11290029030826987
-0.29320000000000235,-2.9320000000000233e-07,-0.025333704354712494,-0.1137125119597879
-0.2924000000000042,-2.924000000000042e-07,-0.0775679682884236,-0.11448365623249851
-0.2916000000000025,-2.9160000000000253e-07,-0.020683605961260176,-0.11521499600873084
-0.2908000000000044,-2.908000000000044e-07,-0.03918867506644563,-0.11590814246494367
-0.2900000000000027,-2.900000000000027e-07,-0.03813764607258219,-0.11656502355000767
-0.289200000000001,-2.89200000000001e-07,0.009749893354023986,-0.1171878622292953
-0.2883999999999993,-2.8839999999999933e-07,-0.043696921271003775,-0.11777915486521569
-0.2876000000000012,-2.8760000000000117e-07,-0.07337690324744717,-0.11834164999245078
-0.2867999999999995,-2.8679999999999947e-07,-0.024028666054617398,-0.11887832758232417
-0.28600000000000136,-2.8600000000000137e-07,-0.06183884932392947,-0.11939237872775753
-0.2851999999999997,-2.8519999999999967e-07,-0.01562081342396815,-0.1198871855748429
-0.28440000000000154,-2.844000000000015e-07,-0.023494357061964788,-0.12036630128012615
-0.28359999999999985,-2.835999999999998e-07,-0.03221314930475361,-0.12083342972934483
-0.2828000000000017,-2.828000000000017e-07,-0.06565901907544913,-0.12129240466139377
-0.28200000000000003,-2.82e-07,-0.09658900105189261,-0.12174716769889628
-0.2812000000000019,-2.8120000000000186e-07,-0.07276807495744542,-0.12220174465212297
-0.2804000000000002,-2.804000000000002e-07,-0.06394563617727356,-0.12266021942133119
-0.27960000000000207,-2.7960000000000205e-07,-0.07448410620419088,-0.12312670491841458
-0.2788000000000004,-2.7880000000000035e-07,-0.06837179735882026,-0.12360531062693438
-0.27800000000000225,-2.7800000000000225e-07,-0.131509564377421,-0.12410010664798578
-0.27720000000000056,-2.7720000000000055e-07,-0.053569255679271954,-0.12461508430527289
-0.2764000000000024,-2.764000000000024e-07,-0.048213112521311996,-0.12515411362932694
-0.27560000000000073,-2.756000000000007e-07,-0.03269979721156846,-0.125720898322702
-0.2748000000000026,-2.748000000000026e-07,-0.07547726003791444,-0.12631892907302222
-0.2740000000000009,-2.740000000000009e-07,-0.05460496471020604,-0.1269514362486331
-0.2732000000000028,-2.7320000000000274e-07,-0.02465168094175152,-0.12762134306494588
-0.27240000000000464,-2.7240000000000464e-07,-0.08667921963208902,-0.12833122030265154
-0.27160000000000295,-2.7160000000000293e-07,-0.0589134835657702,-0.12908324364117776
-0.27080000000000126,-2.7080000000000123e-07,-0.05727405213345138,-0.12987915465458572
-0.2699999999999996,-2.699999999999996e-07,-0.009068575200409268,-0.13072022651061616
-0.26920000000000144,-2.6920000000000143e-07,-0.02015100046288576,-0.13160723541620065
-0.26839999999999975,-2.6839999999999973e-07,-0.008787519171198133,-0.132540438817531
-0.2676000000000016,-2.6760000000000163e-07,-0.027597286337043614,-0.13351956121901995
-0.2667999999999999,-2.6679999999999993e-07,-0.050976579559058544,-0.1345437882084062
-0.2660000000000018,-2.6600000000000177e-07,-0.07695252142414022,-0.13561176891288737
-0.2652000000000001,-2.6520000000000007e-07,-0.04802435558944773,-0.13672162675222435
-0.26440000000000197,-2.6440000000000197e-07,-0.0662054341481465,-0.13787097807879653
-0.2636000000000003,-2.6360000000000027e-07,-0.034336203272447796,-0.1390569581295378
-0.26280000000000214,-2.628000000000021e-07,-0.07636941568280498,-0.14027625362544127
-0.26200000000000045,-2.6200000000000047e-07,-0.0929469994321237,-0.14152514128194096
-0.2612000000000023,-2.612000000000023e-07,-0.09428475817518478,-0.14279953141530383
-0.26040000000000063,-2.604000000000006e-07,-0.04911983178623436,-0.14409501577921718
-0.2596000000000025,-2.596000000000025e-07,-0.0441372322662712,-0.14540691878221296
-0.2588000000000008,-2.588000000000008e-07,-0.07166503533205204,-0.1467303513002821
-0.25800000000000267,-2.5800000000000265e-07,-0.09475135725339301,-0.14806026633400712
-0.257200000000001,-2.5720000000000095e-07,-0.08526467256313308,-0.1493915157205864
-0.25640000000000285,-2.5640000000000285e-07,-0.08409883810332552,-0.1507189070396006
-0.25560000000000116,-2.5560000000000115e-07,-0.06653415356032055,-0.1520372598216489
-0.254800000000003,-2.54800000000003e-07,-0.11063537934111844,-0.15334146020323716
-0.25400000000000134,-2.5400000000000135e-07,-0.09595955839900672,-0.15462651323533672
-0.2532000000000032,-2.532000000000032e-07,-0.07843232316465854,-0.1558875921191868
-0.2524000000000015,-2.524000000000015e-07,-0.10557826052384589,-0.15712008372001546
-0.2515999999999998,-2.515999999999998e-07,-0.08812213989537654,-0.15831962980912778
-0.25079999999999814,-2.5079999999999814e-07,-0.08943190706122905,-0.1594821635947407
-0.25,-2.5e-07,-0.09687819293538402,-0.16060394120407895
-0.24920000000000186,-2.4920000000000183e-07,-0.09087520434737617,-0.16168156786854865
-0.24840000000000018,-2.484000000000002e-07,-0.1506128729724917,-0.16271201864325463
-0.24760000000000204,-2.4760000000000203e-07,-0.09044662240925416,-0.16369265357556198
-0.24680000000000035,-2.4680000000000033e-07,-0.10423974543792736,-0.16462122735501666
-0.24600000000000222,-2.4600000000000223e-07,-0.07893712789437768,-0.16549589364766762
-0.24520000000000053,-2.4520000000000053e-07,-0.09051471164369651,-0.16631520451198295
-0.2444000000000024,-2.444000000000024e-07,-0.0778985820034287,-0.1670781054469647
-0.2436000000000007,-2.4360000000000067e-07,-0.08603010747058737,-0.16778392669345954
-0.24280000000000257,-2.4280000000000257e-07,-0.11667978976064008,-0.16843237140264464
-0.24200000000000088,-2.4200000000000087e-07,-0.0718920002125586,-0.16902350123587914
-0.24120000000000275,-2.412000000000027e-07,-0.05429799991808515,-0.16955771990465546
-0.24040000000000106,-2.4040000000000107e-07,-0.09588050104452617,-0.17003575511083913
-0.23960000000000292,-2.396000000000029e-07,-0.15012906422280303,-0.1704586392813713
-0.23880000000000123,-2.388000000000012e-07,-0.06179308254086291,-0.17082768939140971
-0.2380000000000031,-2.3800000000000308e-07,-0.10663515404625212,-0.17114448607826085
-0.2372000000000014,-2.372000000000014e-07,-0.09541220076919854,-0.17141085222204563
-0.23640000000000327,-2.3640000000000326e-07,-0.06855488516495167,-0.17162883119556532
-0.23560000000000159,-2.3560000000000158e-07,-0.0753405183318242,-0.1718006650023542
-0.23480000000000345,-2.3480000000000345e-07,-0.08963239305023896,-0.17192877248698027
-0.23400000000000176,-2.3400000000000175e-07,-0.18857285347638097,-0.17201572771249535
-0.23320000000000363,-2.3320000000000362e-07,-0.0919521466984291,-0.17206423849276403
-0.23239999999999839,-2.3239999999999838e-07,-0.09960931885018265,-0.1720771250246222
-0.23160000000000025,-2.3160000000000025e-07,-0.0801644330143092,-0.17205729865230315
-0.23079999999999856,-2.3079999999999855e-07,-0.032975372626448674,-0.1720077409703662
-0.23000000000000043,-2.3000000000000042e-07,-0.0987627460710706,-0.1719314835987114
-0.22919999999999874,-2.2919999999999872e-07,-0.09992082629371457,-0.1718315889443296
-0.2284000000000006,-2.284000000000006e-07,-0.11226781517625595,-0.1717111321092143
-0.22760000000000247,-2.2760000000000246e-07,-0.10118330939659914,-0.17157318390979615
-0.22680000000000078,-2.2680000000000076e-07,-0.07335780616442766,-0.17142079484389255
-0.22600000000000264,-2.2600000000000263e-07,-0.126057345002057,-0.17125697980825383
-0.22520000000000095,-2.2520000000000096e-07,-0.11747359556532744,-0.17108470339118392
-0.22440000000000282,-2.244000000000028e-07,-0.0960329466276807,-0.17090686559766533
-0.22360000000000113,-2.2360000000000113e-07,-0.07741307205661752,-0.17072628791354033
-0.222800000000003,-2.2280000000000297e-07,-0.12168603360917074,-0.17054569969434685
-0.2220000000000013,-2.220000000000013e-07,-0.06548747870646343,-0.17036772494827046
-0.22120000000000317,-2.2120000000000317e-07,-0.11984895534500528,-0.17019486963316455
-0.22040000000000148,-2.2040000000000147e-07,-0.07672631977789923,-0.17002950960031832
-0.21960000000000335,-2.1960000000000334e-07,-0.04980167128200752,-0.16987387931141013
-0.21880000000000166,-2.1880000000000164e-07,-0.10174163974075845,-0.1697300614326453
-0.21800000000000352,-2.1800000000000351e-07,-0.09590130851308887,-0.16959997735064547
-0.21720000000000184,-2.1720000000000184e-07,-0.08959154134730629,-0.16948537854732115
-0.2164000000000037,-2.1640000000000368e-07,-0.08763190337996607,-0.16938783864710205
-0.215600000000002,-2.15600000000002e-07,-0.12348679822756792,-0.16930874585892286
-0.21480000000000388,-2.1480000000000386e-07,-0.13429648952941864,-0.16924929549724088
-0.2140000000000022,-2.1400000000000218e-07,-0.07724039143047001,-0.1692104822812039
-0.2132000000000005,-2.1320000000000048e-07,-0.11521531257729767,-0.169193092189158
-0.2123999999999988,-2.123999999999988e-07,-0.1507730750899644,-0.16919769378482036
-0.21160000000000068,-2.1160000000000068e-07,-0.0953223638060785,-0.16922462910011005
-0.210799999999999,-2.1079999999999898e-07,-0.09190278441537214,-0.16927400433923884
-0.21000000000000085,-2.1000000000000085e-07,-0.09988697248505174,-0.16934568086649426
-0.20919999999999916,-2.0919999999999915e-07,-0.0790967621804548,-0.16943926713737767
-0.20840000000000103,-2.0840000000000102e-07,-0.08518940151716636,-0.16955411237664048
-0.20759999999999934,-2.0759999999999934e-07,-0.05488829665937178,-0.1696893028660188
-0.2068000000000012,-2.068000000000012e-07,-0.05962388476730274,-0.1698436616835326
-0.20599999999999952,-2.0599999999999952e-07,-0.10149576399158167,-0.170015752640772
-0.20520000000000138,-2.0520000000000136e-07,-0.1003340905661354,-0.17020388899873418
-0.20440000000000325,-2.0440000000000323e-07,-0.02886355804559737,-0.17040614733987608
-0.20360000000000156,-2.0360000000000156e-07,-0.0636715849337306,-0.17062038678580677
-0.20280000000000342,-2.028000000000034e-07,-0.07405761167461167,-0.17084427358313448
-0.20200000000000173,-2.0200000000000173e-07,-0.08452988447279952,-0.1710753108824017
-0.2012000000000036,-2.012000000000036e-07,-0.09966417093603108,-0.17131087327750522
-0.2004000000000019,-2.004000000000019e-07,-0.10907141895181627,-0.17154824540463254
-0.19960000000000377,-1.9960000000000377e-07,-0.08113527128796227,-0.17178466369709555
-0.1988000000000021,-1.9880000000000207e-07,-0.09117423328227048,-0.17201736028771875
-0.19800000000000395,-1.9800000000000394e-07,-0.1305313603750824,-0.17224360802074434
-0.19720000000000226,-1.9720000000000224e-07,-0.07644129352287932,-0.1724607655384236
-0.19640000000000413,-1.9640000000000411e-07,-0.13333057322726494,-0.17266632142399374
-0.19560000000000244,-1.9560000000000244e-07,-0.07537210770618197,-0.17285793642179503
-0.19480000000000075,-1.9480000000000074e-07,-0.11849739162192807,-0.17303348282252967
-0.19399999999999906,-1.9399999999999906e-07,-0.09730734729914525,-0.17319108018209012
-0.19320000000000093,-1.932000000000009e-07,-0.11273706490012247,-0.17332912661877992
-0.19239999999999924,-1.9239999999999923e-07,-0.1430500850294094,-0.17344632500614365
-0.1916000000000011,-1.916000000000011e-07,-0.11671383897210297,-0.17354170346679776
-0.19079999999999941,-1.907999999999994e-07,-0.08086934671013846,-0.17361462970478375
-0.19000000000000128,-1.9000000000000128e-07,-0.11731056347917823,-0.17366481889876484
-0.1891999999999996,-1.8919999999999958e-07,-0.12581506475287085,-0.1736923350817292
-0.18840000000000146,-1.8840000000000145e-07,-0.10914972226049069,-0.17369758610644698
-0.18759999999999977,-1.8759999999999975e-07,-0.13656007151171679,-0.1736813124366539
-0.18680000000000163,-1.8680000000000162e-07,-0.08761809839985002,-0.17364457015369084
-0.18599999999999994,-1.8599999999999994e-07,-0.09336934671013841,-0.17358870875206206
-0.1852000000000018,-1.852000000000018e-07,-0.0948113198220053,-0.17351534448974232
-0.18440000000000012,-1.8440000000000012e-07,-0.09326286331275058,-0.1734263302101544
-0.18360000000000198,-1.83600000000002e-07,-0.09428608924087012,-0.1733237226319152
-0.18280000000000385,-1.8280000000000383e-07,-0.044348693266727635,-0.17320974811749235
-0.18200000000000216,-1.8200000000000216e-07,-0.035863105158696396,-0.17308676790146432
-0.18120000000000402,-1.81200000000004e-07,-0.1312839328596911,-0.17295724367073612
-0.18040000000000234,-1.8040000000000233e-07,-0.07596807587042931,-0.17282370421422139
-0.1796000000000042,-1.796000000000042e-07,-0.12484328392214428,-0.17268871362278643
-0.1788000000000025,-1.788000000000025e-07,-0.10943985670115608,-0.17255484131496424
-0.17800000000000438,-1.7800000000000437e-07,-0.06662399971189448,-0.17242463407060077
-0.1772000000000027,-1.7720000000000267e-07,-0.056281095999716424,-0.17230059026838923
-0.176400000000001,-1.76400000000001e-07,-0.07768070242570757,-0.1721851365672299
-0.1755999999999993,-1.755999999999993e-07,-0.1198043219277356,-0.17208060725596924
-0.17480000000000118,-1.7480000000000117e-07,-0.08846599535328181,-0.1719892263871225
-0.1739999999999995,-1.739999999999995e-07,-0.10005889906546006,-0.1719130926619606
-0.17320000000000135,-1.7320000000000134e-07,-0.10480224141058825,-0.171854166934077
-0.17239999999999966,-1.7239999999999966e-07,-0.061877252675298866,-0.1718142621780001
-0.17160000000000153,-1.716000000000015e-07,-0.07637433995129217,-0.17179503579166344
-0.17079999999999984,-1.7079999999999984e-07,-0.108105691160997,-0.17179798411026942
-0.1700000000000017,-1.700000000000017e-07,-0.058973825454410767,-0.17182443896855115
-0.16920000000000002,-1.692e-07,-0.10810077378387506,-0.1718755660609273
-0.16840000000000188,-1.6840000000000188e-07,-0.10913175394909147,-0.17195236474726627
-0.1676000000000002,-1.6760000000000018e-07,-0.10372681404244855,-0.17205566887013002
-0.16680000000000206,-1.6680000000000205e-07,-0.11312309164100398,-0.1721861481116505
-0.16600000000000037,-1.6600000000000037e-07,-0.12994693045945738,-0.17234430944318668
-0.16520000000000223,-1.6520000000000222e-07,-0.09660111402327298,-0.17253049831327466
-0.16440000000000055,-1.6440000000000055e-07,-0.05473490851904361,-0.17274489936381815
-0.1636000000000024,-1.636000000000024e-07,-0.0997689531362298,-0.17298753662517447
-0.16280000000000072,-1.6280000000000072e-07,-0.13987600436501024,-0.17325827326150905
-0.1620000000000026,-1.620000000000026e-07,-0.09412135136335431,-0.17355681098217907
-0.1612000000000009,-1.612000000000009e-07,-0.09510145426267047,-0.1738826892405963
-0.16040000000000276,-1.6040000000000276e-07,-0.10652186586023604,-0.17423528438367852
-0.15960000000000463,-1.5960000000000463e-07,-0.09981075199061284,-0.1746138090095275
-0.15880000000000294,-1.5880000000000293e-07,-0.09392181252572507,-0.17501731189237107
-0.15800000000000125,-1.5800000000000126e-07,-0.0636352712879622,-0.17544467890657683
-0.15719999999999956,-1.5719999999999955e-07,-0.11270661348583877,-0.17589463542092731
-0.15640000000000143,-1.5640000000000143e-07,-0.0417223495521275,-0.17636575063288618
-0.15559999999999974,-1.5559999999999973e-07,-0.09252579930253613,-0.17685644425638053
-0.1548000000000016,-1.548000000000016e-07,-0.11037645725191125,-0.1773649958649276
-0.15399999999999991,-1.539999999999999e-07,-0.09934131605240015,-0.17788955704244608
-0.15320000000000178,-1.5320000000000177e-07,-0.08974341909906802,-0.17842816634511688
-0.1524000000000001,-1.524000000000001e-07,-0.09305594726089361,-0.17897876697451348
-0.15160000000000196,-1.5160000000000194e-07,-0.09017200103715983,-0.1795392270155266
-0.15080000000000027,-1.5080000000000027e-07,-0.09986522245931528,-0.18010736206688688
-0.15000000000000213,-1.5000000000000214e-07,-0.07065694544966705,-0.18068096005036888
-0.14920000000000044,-1.4920000000000044e-07,-0.13720596979041444,-0.18125780792025276
-0.1484000000000023,-1.484000000000023e-07,-0.0952896433631123,-0.181835719920089
-0.14760000000000062,-1.476000000000006e-07,-0.08608193418495635,-0.18241256696987934
-0.14680000000000248,-1.4680000000000248e-07,-0.10309509776673675,-0.1829863067333528
-0.1460000000000008,-1.4600000000000078e-07,-0.13000726315964417,-0.18355501390833845
-0.14520000000000266,-1.4520000000000265e-07,-0.09879981835685459,-0.18411691027916877
-0.14440000000000097,-1.4440000000000098e-07,-0.09885542448844231,-0.18467039406518182
-0.14360000000000284,-1.4360000000000282e-07,-0.10588598855022957,-0.18521406811425845
-0.14280000000000115,-1.4280000000000115e-07,-0.06905458400601361,-0.18574676652261657
-0.142000000000003,-1.4200000000000302e-07,-0.08742744716521489,-0.18626757927485404
-0.14120000000000132,-1.4120000000000132e-07,-0.16091530430172818,-0.18677587445798016
-0.1404000000000032,-1.404000000000032e-07,-0.10880832893687908,-0.18727131751463194
-0.1396000000000015,-1.396000000000015e-07,-0.14177227966657713,-0.18775388691910344
-0.1387999999999998,-1.3879999999999981e-07,-0.13541730895484394,-0.18822388566136422
-0.13799999999999812,-1.379999999999981e-07,-0.10453253052425104,-0.18868194803997715
-0.1372,-1.3719999999999998e-07,-0.14488867368224123,-0.1891290414582415
-0.13640000000000185,-1.3640000000000186e-07,-0.10944287977547718,-0.1895664631309575
-0.13560000000000016,-1.3560000000000016e-07,-0.11856509923925396,-0.18999583180593158
-0.13480000000000203,-1.3480000000000203e-07,-0.09954179744720282,-0.19041907477365444
-0.13400000000000034,-1.3400000000000033e-07,-0.0997797304477478,-0.1908384105753154
-0.1332000000000022,-1.332000000000022e-07,-0.10940902366972582,-0.1912563279097546
-0.13240000000000052,-1.3240000000000052e-07,-0.15993141739091643,-0.19167556127324506
-0.13160000000000238,-1.3160000000000237e-07,-0.11039271977194443,-0.1920990638617591
-0.1308000000000007,-1.308000000000007e-07,-0.09495316741672266,-0.19252997827622204
-0.13000000000000256,-1.3000000000000254e-07,-0.08986351666791892,-0.1929716056350786
-0.12920000000000087,-1.2920000000000087e-07,-0.0639828992716508,-0.19342737378342292
-0.12840000000000273,-1.2840000000000274e-07,-0.15574697092422174,-0.193900805311567
-0.12760000000000105,-1.2760000000000104e-07,-0.1108542106644671,-0.19439548601364076
-0.1268000000000029,-1.268000000000029e-07,-0.10076380357283587,-0.1949150342755628
-0.12600000000000122,-1.260000000000012e-07,-0.09859290000787957,-0.19546307177106825
-0.1252000000000031,-1.2520000000000308e-07,-0.1080169806722786,-0.19604319579956153
-0.1244000000000014,-1.244000000000014e-07,-0.09102689129058472,-0.19665895357454544
-0.12360000000000326,-1.2360000000000325e-07,-0.14096220674757987,-0.1973138187109758
-0.12280000000000157,-1.2280000000000158e-07,-0.09639854292286876,-0.19801117006190472
-0.12200000000000344,-1.2200000000000342e-07,-0.13066261457546968,-0.1987542729557441
-0.12120000000000175,-1.2120000000000175e-07,-0.10851119200769743,-0.19954626281694116
-0.12040000000000362,-1.2040000000000362e-07,-0.09471882532189158,-0.20039013111828763
-0.11959999999999837,-1.1959999999999837e-07,-0.10344177859897508,-0.20128871359008024
-0.11880000000000024,-1.1880000000000023e-07,-0.08037285715767384,-0.20224468056629707
-0.11799999999999855,-1.1799999999999854e-07,-0.12180518402670104,-0.2032605292515324
-0.11720000000000041,-1.1720000000000041e-07,-0.17487070077656486,-0.20433857753825546
-0.11639999999999873,-1.1639999999999873e-07,-0.14559490236393702,-0.205480958830867
-0.11560000000000059,-1.1560000000000059e-07,-0.15595463872472903,-0.20668961722448975
-0.11480000000000246,-1.1480000000000244e-07,-0.13458850908443154,-0.20796630241791964
-0.11400000000000077,-1.1400000000000076e-07,-0.14590678683033853,-0.2093125639111354
-0.11320000000000263,-1.1320000000000263e-07,-0.13833586073589144,-0.21072974427310964
-0.11240000000000094,-1.1240000000000094e-07,-0.14600570450196415,-0.21221897148792115
-0.11160000000000281,-1.116000000000028e-07,-0.1396647295789702,-0.21378115056750752
-0.11080000000000112,-1.1080000000000111e-07,-0.12864017947663076,-0.21541695476554582
-0.11000000000000298,-1.1000000000000298e-07,-0.09491041681661228,-0.21712681684778945
-0.1092000000000013,-1.092000000000013e-07,-0.1454634504635915,-0.21891092095744663
-0.10840000000000316,-1.0840000000000315e-07,-0.1680720143781269,-0.22076919563342046
-0.10760000000000147,-1.0760000000000147e-07,-0.1236411243308928,-0.22270130849348085
-0.10680000000000334,-1.0680000000000333e-07,-0.13315088322120572,-0.2247066630327596
-0.10600000000000165,-1.0600000000000164e-07,-0.1416777023521274,-0.22678439796227123
-0.10520000000000351,-1.0520000000000351e-07,-0.09282897319193645,-0.22893338951295017
-0.10440000000000182,-1.0440000000000182e-07,-0.11029152388328295,-0.23115225710109186
-0.10360000000000369,-1.0360000000000368e-07,-0.14971692872190207,-0.2334393726442869
-0.102800000000002,-1.0280000000000199e-07,-0.13107568114787227,-0.23579287362085083
-0.10200000000000387,-1.0200000000000386e-07,-0.18750517115685467,-0.23821067971065002
-0.10120000000000218,-1.0120000000000218e-07,-0.18664346692631822,-0.24069051261304988
-0.10040000000000049,-1.0040000000000049e-07,-0.17201909108146246,-0.24322991848631043
-0.0995999999999988,-9.95999999999988e-08,-0.19730374031361275,-0.24582629243291693
-0.09880000000000067,-9.880000000000066e-08,-0.11920493528939019,-0.24847690455561938
-0.09799999999999898,-9.799999999999897e-08,-0.18407556620338061,-0.251178927270851
-0.09720000000000084,-9.720000000000083e-08,-0.14952722234152893,-0.25392946370845265
-0.09639999999999915,-9.639999999999914e-08,-0.1851337816029484,-0.2567255770898895
-0.09560000000000102,-9.560000000000101e-08,-0.2035145875106812,-0.2595643209607039
-0.09479999999999933,-9.479999999999933e-08,-0.15238298617946106,-0.26244277010768985
-0.0940000000000012,-9.400000000000119e-08,-0.183315048673052,-0.2653580519709358
-0.0931999999999995,-9.31999999999995e-08,-0.16305498632671284,-0.2683073783746146
-0.09240000000000137,-9.240000000000137e-08,-0.2328367228348567,-0.27128807741240296
-0.09160000000000323,-9.160000000000323e-08,-0.15376897383978244,-0.27429762530357216
-0.09080000000000155,-9.080000000000154e-08,-0.21863203902811054,-0.27733367800038783
-0.09000000000000341,-9.00000000000034e-08,-0.20901125638605697,-0.28039410231211886
-0.08920000000000172,-8.920000000000171e-08,-0.19521340449166624,-0.28347700632505757
-0.08840000000000359,-8.840000000000358e-08,-0.14813082750119363,-0.2865807689292519
-0.0876000000000019,-8.76000000000019e-08,-0.22134462650282855,-0.28970406829190065
-0.08680000000000376,-8.680000000000376e-08,-0.25124116847695016,-0.2928459091102751
-0.08600000000000207,-8.600000000000207e-08,-0.19906402336048143,-0.2960056484160175
-0.08520000000000394,-8.520000000000394e-08,-0.20855846228793495,-0.2991830196361297
-0.08440000000000225,-8.440000000000225e-08,-0.17949695484440292,-0.3023781546088017
-0.08360000000000412,-8.360000000000411e-08,-0.23120333984793856,-0.30559160328790935
-0.08280000000000243,-8.280000000000242e-08,-0.20990132691925303,-0.3088243508678602
-0.08200000000000074,-8.200000000000073e-08,-0.24716774346443787,-0.31207783198295846
-0.08119999999999905,-8.119999999999905e-08,-0.2732940480987778,-0.3153539415266866
-0.08040000000000092,-8.04000000000009e-08,-0.22113714032209084,-0.3186550415682463
-0.07959999999999923,-7.959999999999922e-08,-0.2128658431838554,-0.32198396385905437
-0.07880000000000109,-7.880000000000109e-08,-0.24753277422562175,-0.32534400750537884
-0.0779999999999994,-7.79999999999994e-08,-0.2529481167180018,-0.32873893146745115
-0.07720000000000127,-7.720000000000126e-08,-0.2601511728948016,-0.33217294157150123
-0.07639999999999958,-7.639999999999957e-08,-0.22998511084266576,-0.33565067170169705
-0.07560000000000144,-7.560000000000144e-08,-0.30327759017624484,-0.3391771588287261
-0.07479999999999976,-7.479999999999976e-08,-0.2862799350681586,-0.34275781155843466
-0.07400000000000162,-7.400000000000162e-08,-0.2245799801277999,-0.3463983719470902
-0.07319999999999993,-7.319999999999993e-08,-0.27292031135476946,-0.3501048704316574
-0.0724000000000018,-7.240000000000179e-08,-0.2821824910023277,-0.35388357384608127
-0.07160000000000011,-7.16000000000001e-08,-0.27287056745466615,-0.3577409265865297
-0.07080000000000197,-7.080000000000197e-08,-0.29870881816548844,-0.3616834850253434
-0.07000000000000384,-7.000000000000383e-08,-0.30982547655661863,-0.36571784529298745
-0.06920000000000215,-6.920000000000214e-08,-0.31493347264006144,-0.36985056460099064
-0.06840000000000401,-6.840000000000401e-08,-0.33719913284171865,-0.3740880763912553
-0.06760000000000232,-6.760000000000233e-08,-0.29571138835260846,-0.3784365997764856
-0.06680000000000419,-6.680000000000418e-08,-0.27521698620862645,-0.3829020439768691
-0.0660000000000025,-6.60000000000025e-08,-0.2861533982482467,-0.38748990871778877
-0.06520000000000437,-6.520000000000437e-08,-0.3115048125401496,-0.39220518175522123
-0.06440000000000268,-6.440000000000268e-08,-0.3155568622526068,-0.397052234777739
-0.06360000000000099,-6.360000000000098e-08,-0.3245517931471209,-0.4020347189073157
-0.0627999999999993,-6.279999999999929e-08,-0.3137360488052626,-0.407155460958315
-0.062000000000001165,-6.200000000000116e-08,-0.34037774926649345,-0.41241636157773875
-0.06119999999999948,-6.119999999999948e-08,-0.3433509669193434,-0.4178182963901975
-0.06040000000000134,-6.040000000000133e-08,-0.3135841710535009,-0.4233610212895931
-0.05959999999999965,-5.9599999999999654e-08,-0.35403223398914707,-0.42904308304290706
-0.05880000000000152,-5.880000000000151e-08,-0.3444093708303463,-0.43486173638944114
-0.05799999999999983,-5.7999999999999825e-08,-0.35760652569480156,-0.44081286881712023
-0.057200000000001694,-5.720000000000169e-08,-0.3099015016479575,-0.4468909341719993
-0.056400000000000006,-5.64e-08,-0.3443208534469693,-0.4530888962115083
-0.05560000000000187,-5.560000000000187e-08,-0.3845094218670686,-0.4593981831295011
-0.05480000000000018,-5.480000000000018e-08,-0.353047399927255,-0.4658086539356472
-0.054000000000002046,-5.4000000000002045e-08,-0.3826948499721674,-0.4723085773767106
-0.05320000000000036,-5.320000000000036e-08,-0.43348940982189355,-0.47888462389760855
-0.05240000000000222,-5.240000000000222e-08,-0.38944681554442284,-0.4855218710005076
-0.051600000000000534,-5.1600000000000535e-08,-0.34901634160091843,-0.4922038222848617
-0.0508000000000024,-5.0800000000002394e-08,-0.41755431966010437,-0.49891244042776584
-0.05000000000000071,-5.0000000000000706e-08,-0.45808371127593484,-0.5056281943407335
-0.049200000000002575,-4.920000000000257e-08,-0.3832278324934111,-0.5123301206626278
-0.04840000000000089,-4.8400000000000883e-08,-0.4441218778465561,-0.5189958996367936
-0.04760000000000275,-4.760000000000275e-08,-0.4113924554260351,-0.5256019453338963
-0.046800000000004616,-4.6800000000004615e-08,-0.4573018207427393,-0.5321235101270307
-0.04600000000000293,-4.6000000000002927e-08,-0.4369965548499495,-0.5385348032604036
-0.04520000000000124,-4.520000000000124e-08,-0.41424632725795485,-0.544809123260855
-0.04439999999999955,-4.439999999999955e-08,-0.46764169678571976,-0.5509190038351783
-0.043600000000001415,-4.3600000000001416e-08,-0.46791310657205787,-0.5568363727722647
-0.04279999999999973,-4.279999999999973e-08,-0.45328740655358213,-0.5625327232164969
-0.04200000000000159,-4.200000000000159e-08,-0.42003294206296116,-0.5679792965120294
-0.0411999999999999,-4.11999999999999e-08,-0.44446818165562463,-0.5731472756533349
-0.04040000000000177,-4.0400000000001765e-08,-0.5038950991806987,-0.5780079881859095
-0.03960000000000008,-3.9600000000000077e-08,-0.5322842271570207,-0.5825331171413026
-0.038800000000001944,-3.880000000000194e-08,-0.48073747184425564,-0.5866949182977792
-0.038000000000000256,-3.8000000000000254e-08,-0.48790988809493685,-0.5904664418386014
-0.03720000000000212,-3.720000000000212e-08,-0.507420403328777,-0.593821756393822
-0.03640000000000043,-3.640000000000043e-08,-0.4757607345557471,-0.5967361734432788
-0.035600000000002296,-3.56000000000023e-08,-0.5042633438244268,-0.5991864700323544
-0.03480000000000061,-3.480000000000061e-08,-0.4765040378203149,-0.6011511076657823
-0.03400000000000247,-3.400000000000247e-08,-0.561793415918453,-0.6026104451094012
-0.033200000000000784,-3.320000000000078e-08,-0.516330410043117,-0.6035469426741757
-0.03240000000000265,-3.2400000000002646e-08,-0.5233087726647836,-0.6039453554274399
-0.03160000000000096,-3.160000000000096e-08,-0.5461734264030982,-0.6037929127255808
-0.030800000000002825,-3.0800000000002824e-08,-0.5406733505387662,-0.603079481506489
-0.030000000000001137,-3.0000000000001136e-08,-0.5383000712765362,-0.6017977108933046
-0.029200000000003,-2.9200000000003e-08,-0.5304323898693235,-0.5999431558196608
-0.028400000000001313,-2.8400000000001313e-08,-0.5209903408941252,-0.5975143775842042
-0.027600000000003178,-2.7600000000003175e-08,-0.5603643006355516,-0.5945130194648045
-0.02680000000000149,-2.6800000000001487e-08,-0.5459801268198228,-0.5909438557513123
-0.0259999999999998,-2.59999999999998e-08,-0.5480148519159043,-0.586814812796776
-0.025200000000001666,-2.5200000000001665e-08,-0.566408140926522,-0.5821369609777132
-0.024399999999999977,-2.4399999999999977e-08,-0.5310410273514026,-0.5769244768259991
-0.02360000000000184,-2.360000000000184e-08,-0.5116727413293249,-0.5711945750477527
-0.022800000000000153,-2.280000000000015e-08,-0.5117591758987667,-0.5649674106470446
-0.022000000000002018,-2.2000000000002017e-08,-0.5102984781325728,-0.5582659518740507
-0.02120000000000033,-2.120000000000033e-08,-0.5123492795337419,-0.5511158251725781
-0.020400000000002194,-2.0400000000002194e-08,-0.49105558867364607,-0.5435451337036898
-0.019600000000000506,-1.9600000000000506e-08,-0.46017497127734774,-0.5355842514021645
-0.01880000000000237,-1.880000000000237e-08,-0.4588292674885661,-0.527265594904216
-0.018000000000000682,-1.800000000000068e-08,-0.4214232677830698,-0.5186233760497827
-0.017200000000002547,-1.7200000000002546e-08,-0.4304862879123563,-0.5096933379667417
-0.01640000000000086,-1.6400000000000858e-08,-0.3842169954269372,-0.5005124779566317
-0.015600000000002723,-1.560000000000272e-08,-0.4384644229420287,-0.49111876051921
-0.014800000000001035,-1.4800000000001034e-08,-0.3874273897368048,-0.4815508238956978
-0.014000000000002899,-1.4000000000002898e-08,-0.3461170547395289,-0.47184768351264506
-0.01320000000000121,-1.320000000000121e-08,-0.3148929658002606,-0.46204843569934395
-0.012400000000003075,-1.2400000000003074e-08,-0.3244554939617865,-0.4521919650140287
-0.011600000000001387,-1.1600000000001386e-08,-0.316660630655734,-0.44231665838053624
-0.010800000000003251,-1.0800000000003252e-08,-0.31755940487426626,-0.4324601289629153
-0.010000000000001563,-1.0000000000001562e-08,-0.34499755719193637,-0.4226589523276161
-0.009200000000003428,-9.200000000003427e-09,-0.2808602062764347,-0.41294841705089214
-0.00840000000000174,-8.40000000000174e-09,-0.3170727569677809,-0.40336229159619963
-0.007600000000003604,-7.600000000003603e-09,-0.26212363423328133,-0.39393260903169924
-0.006799999999998363,-6.799999999998363e-09,-0.2545347398280349,-0.38468947095078354
-0.006000000000000227,-6.0000000000002274e-09,-0.291949061602121,-0.37566087174929264
-0.005199999999998539,-5.199999999998539e-09,-0.28401858765761645,-0.366872544171565
-0.004400000000000404,-4.400000000000403e-09,-0.27762749181224944,-0.3583478267792026
-0.0035999999999987153,-3.5999999999987154e-09,-0.25431023478433623,-0.3501075537789373
-0.00280000000000058,-2.8000000000005797e-09,-0.22105558178228035,-0.3421699675172767
-0.0020000000000024443,-2.000000000002444e-09,-0.21301370706456613,-0.3345506538924208
-0.001200000000000756,-1.200000000000756e-09,-0.22823423958440392,-0.32726250087439324
-0.0004000000000026205,-4.0000000000262047e-10,-0.21335944763611892,-0.32031568019711454
0.00039999999999906777,3.9999999999906773e-10,-0.2180507770525617,-0.31371765208553937
0.0011999999999972033,1.1999999999972033e-09,-0.21447875437648944,-0.3074731926536267
0.0019999999999988916,1.9999999999988913e-09,-0.1779575331015848,-0.3015844434046113
0.002799999999997027,2.799999999997027e-09,-0.19722236109638347,-0.2960509820979844
0.0035999999999987153,3.5999999999987154e-09,-0.16759174370008534,-0.29086991409725194
0.004399999999996851,4.399999999996851e-09,-0.18890718458661793,-0.28603598314769174
0.005199999999998539,5.199999999998539e-09,-0.14065744896138455,-0.28154170033751624
0.005999999999996675,5.999999999996675e-09,-0.22164303707001576,-0.2773774897740835
0.006799999999998363,6.799999999998363e-09,-0.23261897893443662,-0.2735318492785508
0.0075999999999964984,7.599999999996498e-09,-0.1675438918056953,-0.26999152421008166
0.008399999999998187,8.399999999998186e-09,-0.23049119839881316,-0.2667416924404087
0.009199999999996322,9.199999999996322e-09,-0.21311092124161357,-0.2637661585510229
0.00999999999999801,9.99999999999801e-09,-0.1631402369931121,-0.26104755549261904
0.010799999999996146,1.0799999999996146e-08,-0.16632320755719343,-0.2585675521729538
0.011599999999997834,1.1599999999997834e-08,-0.11413225516362013,-0.2563070656713533
0.012399999999999523,1.2399999999999522e-08,-0.20352210269969895,-0.2542464769505304
0.01320000000000121,1.320000000000121e-08,-0.1626840405003116,-0.2523658489916416
0.013999999999999346,1.3999999999999346e-08,-0.1577591276290531,-0.25064514623152645
0.014800000000001035,1.4800000000001034e-08,-0.12924914114674513,-0.24906445411370814
0.01559999999999917,1.559999999999917e-08,-0.17752119462850802,-0.2476041975340344
0.01640000000000086,1.6400000000000858e-08,-0.15932706513616246,-0.2462453569492591
0.017199999999998994,1.7199999999998993e-08,-0.14080875658526493,-0.24496968088644433
0.018000000000000682,1.800000000000068e-08,-0.1326666400206049,-0.2437598935505152
0.018799999999998818,1.879999999999882e-08,-0.15395768253246045,-0.24259989619590572
0.019600000000000506,1.9600000000000506e-08,-0.14712968267971238,-0.241474960890824
0.02039999999999864,2.039999999999864e-08,-0.14717904725915743,-0.24037191523719237
0.021199999999996777,2.1199999999996775e-08,-0.1418389804069542,-0.2392793165283975
0.021999999999998465,2.1999999999998463e-08,-0.18165873405544408,-0.23818761376038422
0.0227999999999966,2.27999999999966e-08,-0.17661144999214606,-0.2370892958761308
0.02359999999999829,2.359999999999829e-08,-0.1516935350158577,-0.235979024633985
0.024399999999996425,2.4399999999996423e-08,-0.13474032711139472,-0.23485375056894808
0.025199999999998113,2.519999999999811e-08,-0.16021751728610445,-0.23371281065850713
0.02599999999999625,2.5999999999996246e-08,-0.19222576349136267,-0.232558006462662
0.026799999999997937,2.6799999999997934e-08,-0.1287797052085322,-0.23139366164024144
0.027599999999996072,2.759999999999607e-08,-0.12737045253993173,-0.2302266578656451
0.02839999999999776,2.839999999999776e-08,-0.19990865819111336,-0.22906644831254885
0.029199999999995896,2.9199999999995894e-08,-0.12632698927182995,-0.22792504802201163
0.029999999999997584,2.999999999999758e-08,-0.12000057796846919,-0.22681700060758825
0.030799999999999272,3.079999999999927e-08,-0.2206147029562504,-0.22575932087769512
0.03160000000000096,3.160000000000096e-08,-0.1337394190402037,-0.2247714130922276
0.032399999999999096,3.239999999999909e-08,-0.12378329841173441,-0.22387496472452462
0.033200000000000784,3.320000000000078e-08,-0.15358640792304534,-0.2230938157856981
0.03399999999999892,3.399999999999892e-08,-0.16014451067451008,-0.22245380397637549
0.03480000000000061,3.480000000000061e-08,-0.11371785752620278,-0.22198258611611177
0.035599999999998744,3.5599999999998744e-08,-0.13396902997215943,-0.22170943644273944
0.03640000000000043,3.640000000000043e-08,-0.16540476153258465,-0.22166502249125397
0.03719999999999857,3.7199999999998566e-08,-0.11319754432148965,-0.22188115936313224
0.038000000000000256,3.8000000000000254e-08,-0.13737461357422598,-0.22239054327990448
0.03879999999999839,3.879999999999839e-08,-0.179351463509839,-0.22322646539087643
0.03960000000000008,3.9600000000000077e-08,-0.14444754432148965,-0.22442250688733534
0.040399999999998215,4.039999999999821e-08,-0.19134930712935994,-0.22601221657810422
0.0411999999999999,4.11999999999999e-08,-0.1591776472212061,-0.22802877223425844
0.04199999999999804,4.199999999999804e-08,-0.13745745494046524,-0.23050462723737564
0.042799999999996174,4.2799999999996175e-08,-0.14528012131196189,-0.23347114434612903
0.04359999999999786,4.359999999999786e-08,-0.16553961582750887,-0.23695821867187394
0.044399999999996,4.4399999999996e-08,-0.17095420197636058,-0.24099389216808653
0.045199999999997686,4.5199999999997685e-08,-0.14145711470036737,-0.24560396208063384
0.04599999999999582,4.599999999999582e-08,-0.16353136962225046,-0.25081158591155717
0.04679999999999751,4.679999999999751e-08,-0.20980709217154692,-0.2566368855470862
0.047599999999995646,4.759999999999564e-08,-0.20539133357573736,-0.2630965532901768
0.048399999999997334,4.839999999999733e-08,-0.2202591276290531,-0.2702034626322378
0.04919999999999902,4.919999999999902e-08,-0.2031292665762825,-0.2779662867461101
0.05000000000000071,5.0000000000000706e-08,-0.18267288157204664,-0.2863891279122166
0.050799999999998846,5.079999999999885e-08,-0.20978118111081612,-0.29547116136415763
0.051600000000000534,5.1600000000000535e-08,-0.21021108722322746,-0.3052062972779881
0.05239999999999867,5.239999999999867e-08,-0.191942438433232,-0.3155828647707355
0.05320000000000036,5.320000000000036e-08,-0.2428132210748859,-0.32658332181079164
0.053999999999998494,5.399999999999849e-08,-0.22348578905423055,-0.33818399490014217
0.05480000000000018,5.480000000000018e-08,-0.28224902849964195,-0.3503548522927322
0.05559999999999832,5.5599999999998314e-08,-0.23622012885157329,-0.3630593143925265
0.056400000000000006,5.64e-08,-0.27631885801146394,-0.3762541048579888
0.05719999999999814,5.7199999999998137e-08,-0.32676257140138043,-0.38988914583674283
0.05799999999999983,5.7999999999999825e-08,-0.3077865536726274,-0.4039075006538364
0.058799999999997965,5.8799999999997966e-08,-0.3236212111802472,-0.41824536718198635
0.05959999999999965,5.9599999999999654e-08,-0.26761954676652966,-0.432832125054071
0.06039999999999779,6.039999999999779e-08,-0.3085173761310993,-0.44759043982439906
0.06119999999999948,6.119999999999948e-08,-0.37206764878173537,-0.4624364270706933
0.06199999999999761,6.19999999999976e-08,-0.28099997565139256,-0.4772798791798025
0.0627999999999993,6.279999999999929e-08,-0.3839818946924902,-0.49202455718109706
0.06359999999999744,6.359999999999743e-08,-0.3230901183669279,-0.5065685495382932
0.06439999999999912,6.439999999999912e-08,-0.31132945140642443,-0.520804699310093
0.06519999999999726,6.519999999999726e-08,-0.33761273968078287,-0.5346211005175348
0.0659999999999954,6.599999999999539e-08,-0.36308217561899614,-0.5479016638659924
0.06679999999999708,6.679999999999708e-08,-0.3459487213620229,-0.5605267511313028
0.06759999999999522,6.759999999999522e-08,-0.3583700410310793,-0.5723738765466857
0.06840000000000046,6.840000000000045e-08,-0.37481806718295374,-0.5833184724712797
0.0691999999999986,6.91999999999986e-08,-0.3987878433602643,-0.59323471551907
0.07000000000000028,7.000000000000028e-08,-0.39075353436761207,-0.6019964081883806
0.07079999999999842,7.079999999999841e-08,-0.34547247833806427,-0.609477909871329
0.07160000000000011,7.16000000000001e-08,-0.38994006135112436,-0.6155551099528584
0.07239999999999824,7.239999999999824e-08,-0.42694395801065177,-0.6201064345075475
0.07319999999999993,7.319999999999993e-08,-0.46136558113503456,-0.6230138768379891
0.07399999999999807,7.399999999999807e-08,-0.4125452228716804,-0.624164040806801
0.07479999999999976,7.479999999999976e-08,-0.4530331949527855,-0.6234491846967614
0.07559999999999789,7.559999999999788e-08,-0.5581947189477567,-0.6207682522634048
0.07639999999999958,7.639999999999957e-08,-0.601292390605582,-0.6160278767336984
0.07719999999999771,7.719999999999771e-08,-0.6046066222623863,-0.6091433428003197
0.0779999999999994,7.79999999999994e-08,-0.6552086434659414,-0.6000394913017728
0.07879999999999754,7.879999999999753e-08,-0.6815223831549841,-0.5886515513944466
0.07959999999999923,7.959999999999922e-08,-0.7035240107849301,-0.5749258856338284
0.08039999999999736,8.039999999999736e-08,-0.705707965284534,-0.5588206344365205
0.08119999999999905,8.119999999999905e-08,-0.6909859959419726,-0.5403062478484837
0.08199999999999719,8.199999999999719e-08,-0.631685610644233,-0.5193658943594337
0.08279999999999887,8.279999999999888e-08,-0.6798356722536136,-0.49599573860294743
0.08359999999999701,8.3599999999997e-08,-0.6520432687843665,-0.470205082060033
0.0843999999999987,8.439999999999869e-08,-0.6305782214724436,-0.4420163632616596
0.08519999999999683,8.519999999999683e-08,-0.5553073795181973,-0.411465016454553
0.08599999999999852,8.599999999999852e-08,-0.49269087285473034,-0.3785991902719621
0.08680000000000021,8.680000000000021e-08,-0.4145729661533113,-0.34347933059137836
0.08759999999999835,8.759999999999834e-08,-0.3562088043827576,-0.3061776343363547
0.08840000000000003,8.840000000000002e-08,-0.3072887721055506,-0.2667773833482363
0.08919999999999817,8.919999999999816e-08,-0.3067716750811702,-0.2253721695362525
0.08999999999999986,8.999999999999985e-08,-0.11254505273755266,-0.18206502431808103
0.090799999999998,9.0799999999998e-08,-0.05008647456906634,-0.13696746694177442
0.09159999999999968,9.159999999999968e-08,0.04794386190072619,-0.09019848764090121
0.09239999999999782,9.239999999999781e-08,0.06408000128971036,-0.041883482622589785
0.0931999999999995,9.31999999999995e-08,0.17955946049300253,0.007846841492300527
0.09399999999999764,9.399999999999764e-08,0.17537368985201796,0.058857575970293174
0.09479999999999933,9.479999999999933e-08,0.3651902273201755,0.11101071333800805
0.09559999999999746,9.559999999999745e-08,0.4648705863197883,0.16416622851751184
0.09639999999999915,9.639999999999914e-08,0.556457436991959,0.2181831210051257
0.09719999999999729,9.719999999999728e-08,0.6206814109873362,0.2729204023051277
0.09799999999999898,9.799999999999897e-08,0.6529576622868655,0.3282380142226343
0.09879999999999711,9.879999999999711e-08,0.7703229965036756,0.383997665484053
0.0995999999999988,9.95999999999988e-08,0.7637491944686938,0.44006357636895976
0.10039999999999694,1.0039999999999693e-07,0.8498422108283752,0.49630312345269445
0.10119999999999862,1.0119999999999862e-07,0.8514661314892413,0.5525873790695764
0.10199999999999676,1.0199999999999676e-07,0.8917424586527021,0.6087915426402879
0.10279999999999845,1.0279999999999845e-07,0.8801400972090487,0.6647952634848586
0.10359999999999658,1.0359999999999657e-07,0.9235008542881649,0.7204828570716397
0.10439999999999827,1.0439999999999826e-07,0.9616842018754559,0.7757434187396004
0.10519999999999641,1.051999999999964e-07,1.0232837241619759,0.8304708407101289
0.10600000000000165,1.0600000000000164e-07,1.063231899744725,0.8845637396713846
0.10679999999999978,1.0679999999999978e-07,1.1121838961223713,0.937925303437156
0.10760000000000147,1.0760000000000147e-07,1.1499025366370967,0.9904630662416072
0.10839999999999961,1.0839999999999961e-07,1.1419556070675476,1.0420886231890685
0.1092000000000013,1.092000000000013e-07,1.1763883868234057,1.092717295235972
0.10999999999999943,1.0999999999999942e-07,1.1696114527478925,1.142267756788823
0.11079999999999757,1.1079999999999756e-07,1.1896027513593448,1.1906616384750581
0.11159999999999926,1.1159999999999925e-07,1.2824049895829366,1.2378231178072912
0.11239999999999739,1.1239999999999738e-07,1.2460174869397722,1.2836785102889283
0.11319999999999908,1.1319999999999907e-07,1.2963371256436709,1.3281558730383018
0.11399999999999721,1.1399999999999721e-07,1.3523106076712867,1.3711846323089736
0.1147999999999989,1.147999999999989e-07,1.3738106444550584,1.4126952454037627
0.11559999999999704,1.1559999999999704e-07,1.447186721496404,1.4526189064435593
0.11639999999999873,1.1639999999999873e-07,1.4253944674580312,1.4908873043003519
0.11719999999999686,1.1719999999999685e-07,1.4597360837800608,1.527432439792321
0.11799999999999855,1.1799999999999854e-07,1.5766868318467187,1.562186507988278
0.11879999999999669,1.1879999999999668e-07,1.476137768425811,1.5950818501619175
0.11959999999999837,1.1959999999999837e-07,1.5995528074618648,1.6260509785656863
0.12039999999999651,1.203999999999965e-07,1.6206800569501667,1.6550266757777576
0.1211999999999982,1.211999999999982e-07,1.641733543484347,1.6819421689287537
0.12199999999999633,1.2199999999999633e-07,1.7134310385879006,1.7067313776564288
0.12279999999999802,1.2279999999999803e-07,1.7646925745400346,1.7293292332172638
0.12359999999999616,1.2359999999999616e-07,1.7654470367328674,1.7496720648700472
0.12439999999999785,1.2439999999999783e-07,1.8050216686776197,1.7676980484885276
0.12519999999999953,1.2519999999999953e-07,1.7744306178908944,1.7833477113770777
0.12600000000000122,1.260000000000012e-07,1.8420291562425621,1.7965644864241728
0.12679999999999936,1.2679999999999936e-07,1.848872853080739,1.8072953079639014
0.12760000000000105,1.2760000000000104e-07,1.9152726480185651,1.815491240977276
0.12839999999999918,1.2839999999999916e-07,1.8878036649665533,1.821108134573335
0.12920000000000087,1.2920000000000087e-07,1.8711207311862434,1.8241072901117033
0.129999999999999,1.29999999999999e-07,1.90167054865289,1.8244561339024319
0.1308000000000007,1.308000000000007e-07,1.9077213868378298,1.8221288841095915
0.13159999999999883,1.3159999999999882e-07,1.973109114776201,1.8171072012253016
0.13240000000000052,1.3240000000000052e-07,1.9424779663315817,1.8093808112628036
0.13319999999999865,1.3319999999999865e-07,2.0247313319427893,1.7989480907169415
0.1339999999999968,1.3399999999999678e-07,1.9753501834981706,1.785816602457692
0.13479999999999848,1.3479999999999848e-07,1.93790408613578,1.7700035721148988
0.1355999999999966,1.355999999999966e-07,2.0004634739813048,1.7515362951731819
0.1363999999999983,1.3639999999999828e-07,1.9701557482527097,1.7304524658639586
0.13719999999999644,1.3719999999999644e-07,1.9679177003072734,1.7068004199520246
0.13799999999999812,1.379999999999981e-07,1.9758194240335833,1.680639284660094
0.13879999999999626,1.3879999999999627e-07,1.9050581501604267,1.6520390302951902
0.13959999999999795,1.3959999999999794e-07,1.8530154800186254,1.621080419650017
0.14039999999999608,1.4039999999999607e-07,1.81295949456708,1.5878548529005259
0.14119999999999777,1.4119999999999777e-07,1.7477546590326698,1.552464107405096
0.1419999999999959,1.419999999999959e-07,1.7928836487990214,1.5150199734207215
0.1427999999999976,1.427999999999976e-07,1.6763300841037214,1.4756437882333815
0.14359999999999928,1.4359999999999927e-07,1.5976235841555946,1.434465872582483
0.14440000000000097,1.4440000000000098e-07,1.5403673793869226,1.391624874592571
0.1451999999999991,1.451999999999991e-07,1.492827470241465,1.3472670276868306
0.1460000000000008,1.4600000000000078e-07,1.4268059455102344,1.3015453300523494
0.14679999999999893,1.4679999999999893e-07,1.389517020299298,1.2546186540916962
0.14760000000000062,1.476000000000006e-07,1.3362097865374638,1.206650794951754
0.14839999999999876,1.4839999999999876e-07,1.2395302574479214,1.1578094677343573
0.14920000000000044,1.4920000000000044e-07,1.207212772829013,1.108265263409848
0.14999999999999858,1.4999999999999856e-07,1.1704517265478525,1.0581905737800885
0.15080000000000027,1.5080000000000027e-07,1.094033772490003,1.0077584960574995
0.1515999999999984,1.515999999999984e-07,1.0114110219783057,0.9571417277455776
0.1524000000000001,1.524000000000001e-07,0.9966958597214903,0.9065114625495445
0.15319999999999823,1.5319999999999822e-07,0.9301192208271343,0.8560362980212957
0.15399999999999991,1.539999999999999e-07,0.8653963043328217,0.8058811655373641
0.15479999999999805,1.5479999999999805e-07,0.7796425961857283,0.7562062930253846
0.15559999999999619,1.5559999999999618e-07,0.6917979889795731,0.7071662106052865
0.15639999999999787,1.5639999999999788e-07,0.6850140570097887,0.658908808966757
0.157199999999996,1.57199999999996e-07,0.6114333329444692,0.6115744598003956
0.1579999999999977,1.5799999999999768e-07,0.55060661818478,0.5652952069074697
0.15879999999999583,1.5879999999999584e-07,0.5166795857158153,0.5201940357714459
0.15959999999999752,1.595999999999975e-07,0.45225228887208413,0.4763842284422024
0.16039999999999566,1.6039999999999564e-07,0.40529737747334327,0.4339688095861369
0.16119999999999735,1.6119999999999734e-07,0.36228217015788733,0.39304008848983285
0.16199999999999903,1.6199999999999902e-07,0.33203610360018754,0.3536793006685506
0.16280000000000072,1.6280000000000072e-07,0.268779558592418,0.3159563515283148
0.16359999999999886,1.6359999999999884e-07,0.2575547133096219,0.2799296632749053
0.16440000000000055,1.6440000000000055e-07,0.21058145657621186,0.24564612497131488
0.16519999999999868,1.6519999999999867e-07,0.2244699040743381,0.21314114433244935
0.16600000000000037,1.6600000000000037e-07,0.187913314007929,0.18243879853408718
0.1667999999999985,1.667999999999985e-07,0.15655134540162585,0.1535520800440322
0.1676000000000002,1.6760000000000018e-07,0.13373851378377388,0.12648323230311842
0.16839999999999833,1.6839999999999833e-07,0.14905361443020837,0.10122416901009412
0.16920000000000002,1.692e-07,0.1615333770898264,0.077756969784045
0.16999999999999815,1.6999999999999813e-07,0.1454518966819789,0.05605444409347804
0.17079999999999984,1.7079999999999984e-07,0.16421513612739158,0.0360807546033719
0.17159999999999798,1.7159999999999796e-07,0.1438639103469237,0.017792090567962937
0.17239999999999966,1.7239999999999966e-07,0.14322954801976007,0.0011373816183670726
0.1731999999999978,1.731999999999978e-07,0.16002350325562098,-0.013940957756124028
0.1739999999999995,1.739999999999995e-07,0.11286508279287943,-0.0275062625910234
0.17479999999999762,1.7479999999999762e-07,0.09222731577494958,-0.03962683994930405
0.1755999999999993,1.755999999999993e-07,0.09524346794436767,-0.05037518837752408
0.17639999999999745,1.7639999999999745e-07,0.10468759743771372,-0.059827222668304536
0.17719999999999914,1.7719999999999913e-07,0.1335900407237789,-0.0680615117948733
0.17799999999999727,1.7799999999999725e-07,0.09951378114807952,-0.07515853738631062
0.1787999999999954,1.787999999999954e-07,0.134271687113241,-0.08119997954373481
0.1795999999999971,1.7959999999999708e-07,0.09675296245891385,-0.0862680361019521
0.18039999999999523,1.803999999999952e-07,0.09397417545894893,-0.09044478061542893
0.18120000000000047,1.8120000000000046e-07,0.08881284227219943,-0.09381156343461505
0.1819999999999986,1.819999999999986e-07,0.09572708818295439,-0.09644845929373957
0.1828000000000003,1.828000000000003e-07,0.08169338380516589,-0.0984337638967192
0.18359999999999843,1.8359999999999841e-07,0.05842889604846668,-0.09984354107865201
0.18440000000000012,1.8440000000000012e-07,0.024811101995150686,-0.10075122123565539
0.18519999999999825,1.8519999999999824e-07,-0.0028689558459253917,-0.10122725087590645
0.18599999999999994,1.8599999999999994e-07,0.07187363015667625,-0.10133879240635313
0.18679999999999808,1.8679999999999807e-07,-0.0296475911182279,-0.10114947268547159
0.18759999999999977,1.8759999999999975e-07,-0.01844563152405243,-0.10071917844159373
0.1883999999999979,1.883999999999979e-07,0.007019831891299511,-0.10010389634045325
0.1891999999999996,1.8919999999999958e-07,-0.012763228791063952,-0.09935559527022964
0.18999999999999773,1.8999999999999773e-07,0.03404604640735709,-0.09852214830524009
0.19079999999999941,1.907999999999994e-07,0.020538140442197594,-0.09764729177761744
0.19159999999999755,1.9159999999999753e-07,-0.024091720611574274,-0.09677061885531835
0.19239999999999924,1.9239999999999923e-07,-0.006338467647468704,-0.0959276049455049
0.19319999999999737,1.9319999999999736e-07,-0.012627429642177113,-0.09514966213542575
0.19399999999999906,1.9399999999999906e-07,0.0042626064053354895,-0.09446421981311381
0.1947999999999972,1.947999999999972e-07,0.022917849767305043,-0.09389482861682374
0.19559999999999889,1.9559999999999887e-07,-0.044810816309689194,-0.09346128491996541
0.19639999999999702,1.9639999999999702e-07,-0.013684700187783783,-0.09317977311849379
0.1971999999999987,1.971999999999987e-07,0.0004666465166582867,-0.09306302304287684
0.19799999999999685,1.9799999999999682e-07,0.00217511203704035,-0.09312047990374417
0.19879999999999853,1.9879999999999852e-07,0.0022522796829305136,-0.09335848431552574
0.19959999999999667,1.9959999999999665e-07,-0.008348038026347204,-0.0937804600875154
0.20039999999999836,2.0039999999999835e-07,-0.02832496382629124,-0.0943871075824072
0.20120000000000005,2.0120000000000003e-07,-0.04143227943053862,-0.09517660052437815
0.20199999999999818,2.0199999999999818e-07,-0.024133142443087507,-0.09614478424174155
0.20279999999999987,2.0279999999999986e-07,-0.058050149349186064,-0.09728537350298616
0.203599999999998,2.0359999999999799e-07,0.006619997872913785,-0.09859014836621416
0.2043999999999997,2.0439999999999969e-07,-0.03216537091859184,-0.10004914678660093
0.20519999999999783,2.0519999999999781e-07,-0.025390896679584607,-0.10165085306429322
0.20599999999999952,2.0599999999999952e-07,0.003638078831816216,-0.10338238151742196
0.20679999999999765,2.0679999999999764e-07,-0.011521930179311468,-0.1052296550091949
0.20759999999999934,2.0759999999999934e-07,-0.02434194820356783,-0.10717757814574824
0.20839999999999748,2.0839999999999747e-07,-0.03785401520302312,-0.10921020509846624
0.20919999999999916,2.0919999999999915e-07,-0.011215151601467355,-0.11131090210559869
0.2099999999999973,2.099999999999973e-07,0.01099755081754239,-0.11346250480491005
0.210799999999999,2.1079999999999898e-07,-0.028878565305362258,-0.11564747065750414
0.21159999999999712,2.115999999999971e-07,0.004057582358490741,-0.11784802681273021
0.2123999999999988,2.123999999999988e-07,-0.028669948056315953,-0.12004631379522657
0.21319999999999695,2.1319999999999693e-07,0.003905895415953431,-0.12222452536747941
0.21399999999999864,2.1399999999999863e-07,-0.038207321500638436,-0.12436504486407873
0.21479999999999677,2.1479999999999676e-07,0.024406727622811708,-0.12645057822701133
0.21559999999999846,2.1559999999999844e-07,0.009136830521527806,-0.12846428389208508
0.2163999999999966,2.163999999999966e-07,0.0035887142523707283,-0.13038989956383862
0.21719999999999828,2.1719999999999827e-07,-0.05254780445627194,-0.13221186573913268
0.21799999999999642,2.1799999999999642e-07,-0.053575947761812515,-0.1339154455957443
0.2187999999999981,2.187999999999981e-07,-0.02903573745681598,-0.13548684061408256
0.2195999999999998,2.195999999999998e-07,-0.05309327237718797,-0.136913301140007
0.22040000000000148,2.2040000000000147e-07,-0.034398878509076525,-0.1381832310621416
0.22119999999999962,2.211999999999996e-07,0.00919111247879556,-0.13928628582316271
0.2220000000000013,2.220000000000013e-07,-0.028175357400900047,-0.14021346303481774
0.22279999999999944,2.2279999999999943e-07,-0.05572056094605049,-0.14095718496033705
0.22359999999999758,2.2359999999999756e-07,-0.07567044002307721,-0.1415113720449419
0.22439999999999927,2.2439999999999926e-07,-0.09385284275606676,-0.1418715065604772
0.2251999999999974,2.2519999999999738e-07,-0.1103943013713522,-0.14203468538667963
0.2259999999999991,2.2599999999999909e-07,-0.07060443130645311,-0.14199966106832562
0.22679999999999723,2.2679999999999721e-07,-0.024677854021477152,-0.1417668705791364
0.22759999999999891,2.2759999999999891e-07,-0.05926326787162406,-0.14133845162200842
0.22839999999999705,2.2839999999999704e-07,-0.07312448013439976,-0.14071824668392008
0.22919999999999874,2.2919999999999872e-07,-0.040968896532333154,-0.13991179535151144
0.22999999999999687,2.2999999999999687e-07,-0.042074207483763004,-0.1389263155791003
0.23079999999999856,2.3079999999999855e-07,0.01303151957109705,-0.13777067474209836
0.2315999999999967,2.3159999999999667e-07,-0.025871491547062142,-0.13645535142323162
0.23239999999999839,2.3239999999999838e-07,-0.08422014484262075,-0.13499238892416265
0.23319999999999652,2.331999999999965e-07,-0.01114554968164061,-0.13339534144691623
0.2339999999999982,2.339999999999982e-07,-0.06230098155604491,-0.13167921380370018
0.23479999999999634,2.3479999999999633e-07,-0.003092516034660875,-0.12986039547814254
0.23559999999999803,2.3559999999999803e-07,-0.03234410458404735,-0.12795658989926562
0.23639999999999617,2.3639999999999616e-07,-0.01799378687477038,-0.12598673985155617
0.23719999999999786,2.3719999999999784e-07,-0.017635563199332793,-0.12397094997592273
0.23799999999999955,2.3799999999999954e-07,-0.0126355631993329,-0.1219304073045464
0.23880000000000123,2.388000000000012e-07,-0.012878981408793067,-0.11988730073274212
0.23959999999999937,2.3959999999999937e-07,0.04486443680066721,-0.11786474027538496
0.24040000000000106,2.4040000000000107e-07,0.027718499441810707,-0.11588667687534215
0.2411999999999992,2.4119999999999917e-07,0.006789841639686323,-0.11397782339328266
0.24200000000000088,2.4200000000000087e-07,0.01730315694943041,-0.1121635771777143
0.24279999999999902,2.42799999999999e-07,0.035337465942082424,-0.11046994429926826
0.2436000000000007,2.4360000000000067e-07,0.03574789105663978,-0.10892346518707807
0.24439999999999884,2.4439999999999883e-07,0.010253300401224408,-0.10755114106777697
0.24520000000000053,2.4520000000000053e-07,0.005069649357945849,-0.10638036027488162
0.24599999999999866,2.4599999999999863e-07,-0.0070074424236112876,-0.10543882316419761
0.2467999999999968,2.467999999999968e-07,0.022522365295648328,-0.10475446407346212
0.2475999999999985,2.475999999999985e-07,-0.01053615356024551,-0.1043553685429437
0.24839999999999662,2.483999999999966e-07,-0.01885284275606658,-0.10426968387126934
0.2491999999999983,2.491999999999983e-07,-0.005170931990838845,-0.10452552099268253
0.24999999999999645,2.4999999999999644e-07,-0.0017625115290966775,-0.10515084561745702
0.25079999999999814,2.5079999999999814e-07,-0.00993659219349663,-0.10617335658105365
0.25159999999999627,2.5159999999999624e-07,-0.09600634584098611,-0.10762034939184595
0.25239999999999796,2.5239999999999795e-07,-0.021857079654692413,-0.1095185630434683
0.2531999999999961,2.531999999999961e-07,-0.06386116482465543,-0.11189400829685425
0.2539999999999978,2.5399999999999775e-07,-0.07495456050429539,-0.11477177588865839
0.2547999999999959,2.547999999999959e-07,-0.0793300329317761,-0.11817582349037004
0.2555999999999976,2.555999999999976e-07,-0.04416378236820595,-0.12212874068673152
0.2563999999999993,2.563999999999993e-07,-0.0997703416299256,-0.1266514917313719
0.257200000000001,2.5720000000000095e-07,-0.07259868172177164,-0.1317631363534124
0.2579999999999991,2.579999999999991e-07,-0.0811156660990493,-0.13748052940854993
0.2588000000000008,2.588000000000008e-07,-0.1193773169950747,-0.14381800068000228
0.25959999999999894,2.595999999999989e-07,-0.13730930362463312,-0.15078701664803162
0.26040000000000063,2.604000000000006e-07,-0.10332704434343842,-0.15839582658249718
0.26119999999999877,2.6119999999999877e-07,-0.15621307108431992,-0.166649095896787
0.26200000000000045,2.6200000000000047e-07,-0.0747905789703065,-0.17554753034309467
0.2627999999999986,2.6279999999999857e-07,-0.15864838654131486,-0.1850874952945265
0.2636000000000003,2.6360000000000027e-07,-0.11278725014287083,-0.1952606349879229
0.2643999999999984,2.643999999999984e-07,-0.13749371101043817,-0.20605349714846088
0.2652000000000001,2.6520000000000007e-07,-0.15716253405791747,-0.21744716887880422
0.26599999999999824,2.659999999999982e-07,-0.13333196172126094,-0.22941693009065123
0.2667999999999999,2.6679999999999993e-07,-0.11966120988429818,-0.24193193109870048
0.26759999999999806,2.6759999999999803e-07,-0.1458459575091995,-0.25495490127763265
0.2683999999999962,2.683999999999962e-07,-0.17154708489651593,-0.2684418958701036
0.2691999999999979,2.691999999999979e-07,-0.1800856307877945,-0.282342088101025
0.269999999999996,2.69999999999996e-07,-0.10500846314190415,-0.2965976137167301
0.2707999999999977,2.707999999999977e-07,-0.15931565782317936,-0.31114347496470884
0.27159999999999584,2.7159999999999584e-07,-0.1440535149593929,-0.32590751084827385
0.27239999999999753,2.7239999999999754e-07,-0.16894287052770984,-0.34081044016434703
0.27319999999999567,2.7319999999999564e-07,-0.18523674989924022,-0.35576598332502485
0.27399999999999736,2.7399999999999734e-07,-0.10593106790402107,-0.3706810683096302
0.27479999999999905,2.7479999999999905e-07,-0.18040716149710523,-0.3854561253413351
0.27560000000000073,2.756000000000007e-07,-0.14422127820901753,-0.3999854740231159
0.27639999999999887,2.7639999999999885e-07,-0.16339551060108004,-0.41415780565567983
0.27720000000000056,2.7720000000000055e-07,-0.1566168753287771,-0.42785676227565395
0.2779999999999987,2.779999999999987e-07,-0.21620569387069288,-0.44096161262201106
0.2788000000000004,2.7880000000000035e-07,-0.23851996231026806,-0.45334802380486305
0.2795999999999985,2.795999999999985e-07,-0.27584671385272763,-0.4648889259684523
0.2804000000000002,2.804000000000002e-07,-0.23942762642948168,-0.4754554657923684
0.28119999999999834,2.811999999999983e-07,-0.27695675366954564,-0.4849180433378262
0.28200000000000003,2.82e-07,-0.2710579794500143,-0.4931474255287842
0.28279999999999816,2.8279999999999816e-07,-0.2780251831434164,-0.5000159284045314
0.28359999999999985,2.835999999999998e-07,-0.2959444981586561,-0.5053986591326898
0.284399999999998,2.8439999999999797e-07,-0.3592604310119496,-0.5091748076142046
0.2851999999999997,2.8519999999999967e-07,-0.3249802830535913,-0.5112289763733684
0.2859999999999978,2.859999999999978e-07,-0.3538575716224539,-0.5114525363631013
0.2867999999999995,2.8679999999999947e-07,-0.37206361638659136,-0.5097449953851139
0.28759999999999764,2.875999999999976e-07,-0.35788446661670736,-0.5060153650449841
0.2883999999999993,2.8839999999999933e-07,-0.34410042199982005,-0.5001835115149476
0.28919999999999746,2.8919999999999743e-07,-0.3840760236251448,-0.4921814748382811
0.28999999999999915,2.8999999999999913e-07,-0.3663526542446318,-0.48195474105960656
0.2907999999999973,2.907999999999973e-07,-0.3511879163671159,-0.4694634510964537
0.2915999999999954,2.915999999999954e-07,-0.37894949139980927,-0.4546835299910539
0.2923999999999971,2.923999999999971e-07,-0.39590818451218723,-0.4376077200200319
0.29319999999999524,2.9319999999999524e-07,-0.43516658244510964,-0.4182465011146732
0.2940000000000005,2.940000000000005e-07,-0.4382807074318906,-0.3966288822028492
0.2947999999999986,2.947999999999986e-07,-0.4477569895364102,-0.37280304751188353
0.2956000000000003,2.956000000000003e-07,-0.4165327120857061,-0.346836842650168
0.29639999999999844,2.9639999999999845e-07,-0.41177688663769363,-0.31881808643493414
0.29720000000000013,2.972000000000001e-07,-0.4415890745601221,-0.28885469590755797
0.29799999999999827,2.9799999999999825e-07,-0.4236001576240547,-0.2570746137091149
0.29879999999999995,2.9879999999999995e-07,-0.3478725513459153,-0.22362552894635712
0.2995999999999981,2.9959999999999805e-07,-0.3998876069327082,-0.188674384870688
0.3003999999999998,3.0039999999999975e-07,-0.41044480161398234,-0.15240666911649647
0.3011999999999979,3.011999999999979e-07,-0.4022971998414073,-0.11502548487840247
0.3019999999999996,3.019999999999996e-07,-0.33037047082876736,-0.07675040427093549
0.30279999999999774,3.027999999999977e-07,-0.3447896341153447,-0.03781610827416415
0.3035999999999994,3.035999999999994e-07,-0.3071687756093606,0.0015291788614337776
0.30439999999999756,3.0439999999999756e-07,-0.1938148256163199,0.04102544917406803
0.30519999999999925,3.051999999999992e-07,-0.05736850066193533,0.08040284910577533
0.3059999999999974,3.0599999999999737e-07,0.07120844168974738,0.11938377693529123
0.3067999999999991,3.0679999999999907e-07,0.1778376613448831,0.15768511667105045
0.3075999999999972,3.0759999999999717e-07,0.3113039592638831,0.1950205824147373
0.3083999999999989,3.0839999999999887e-07,0.45983494172588824,0.23110314478667604
0.30919999999999703,3.09199999999997e-07,0.5290532442987042,0.2656475094082018
0.3099999999999987,3.099999999999987e-07,0.7446244370657054,0.2983726166998859
0.31079999999999686,3.1079999999999683e-07,0.795786489811209,0.32900413240004944
0.31159999999999854,3.1159999999999853e-07,0.8476296211150824,0.35727689925662176
0.3123999999999967,3.123999999999967e-07,0.8363886995272001,0.3829373222883232
0.31319999999999837,3.1319999999999833e-07,0.8199535357978673,0.40574566274006685
0.31400000000000006,3.1400000000000003e-07,0.7720932316052833,0.4254782191183768
0.3147999999999982,3.147999999999982e-07,0.7020875578859336,0.44192937714106817
0.3155999999999999,3.155999999999999e-07,0.7510688723121661,0.4549135137485658
0.316399999999998,3.16399999999998e-07,0.664778397631403,0.46426674327680884
0.3171999999999997,3.171999999999997e-07,0.6483778463510501,0.4698484963845959
0.31799999999999784,3.1799999999999784e-07,0.5793019660960099,0.47154292436929257
0.31879999999999953,3.187999999999995e-07,0.5038905961264892,0.4692601231280329
0.31959999999999766,3.1959999999999765e-07,0.49996072909463773,0.4629371722142799
0.32039999999999935,3.2039999999999935e-07,0.47246470161749743,0.45253898515637747
0.3211999999999975,3.2119999999999745e-07,0.39224246790016926,0.43805896743589523
0.3219999999999992,3.2199999999999915e-07,0.4390456923553723,0.4195194783319778
0.3227999999999973,3.227999999999973e-07,0.4006730200047941,0.396972092328141
0.323599999999999,3.23599999999999e-07,0.34044227570744257,0.3704976550550505
0.32439999999999714,3.243999999999971e-07,0.34070101617624937,0.34020612790352844
0.3251999999999988,3.251999999999988e-07,0.44980167872020127,0.30623621456611105
0.32599999999999696,3.2599999999999696e-07,0.7151430766383902,0.26875476193214043
0.32679999999999865,3.267999999999986e-07,0.8303844212210678,0.22795592717369795
0.3275999999999968,3.2759999999999677e-07,0.8918089984478048,0.18406010296383957
0.32839999999999847,3.2839999999999847e-07,0.8574034562230861,0.1373125941246478
0.3291999999999966,3.2919999999999657e-07,0.840614988492927,0.08798204193868342
0.3299999999999983,3.2999999999999827e-07,0.7134357651564998,0.03635859675494113
0.33079999999999643,3.307999999999964e-07,0.48411117229260725,-0.01724815507602906
0.3315999999999981,3.315999999999981e-07,0.3821634518938477,-0.0725114980519288
0.3323999999999998,3.323999999999998e-07,0.3164553289093506,-0.1290901105037951
0.3332000000000015,3.332000000000015e-07,0.17693119720762895,-0.1866307808250955
0.33399999999999963,3.3399999999999963e-07,0.1083321301050586,-0.24477128954752564
0.3348000000000013,3.348000000000013e-07,-0.14881720964840783,-0.3031434260647588
0.33559999999999945,3.3559999999999943e-07,-0.334779909770629,-0.36137610560967004
0.3363999999999976,3.363999999999976e-07,-0.4514380635602161,-0.41909854953804343
0.3371999999999993,3.371999999999993e-07,-0.5687328487054488,-0.4759434902574526
0.3379999999999974,3.379999999999974e-07,-0.6828611189120447,-0.5315503614504568
0.3387999999999991,3.387999999999991e-07,-0.7421953580194469,-0.5855684345859722
0.33959999999999724,3.3959999999999724e-07,-0.8176863531748729,-0.6376598639249377
0.3403999999999989,3.403999999999989e-07,-0.8610264935936196,-0.6875026040862777
0.34119999999999706,3.4119999999999705e-07,-0.9059818555817731,-0.7347931665534828
0.34199999999999875,3.4199999999999875e-07,-1.0136528327139427,-0.7792491841124425
0.3427999999999969,3.4279999999999685e-07,-1.1094190216671325,-0.8206117550068779
0.3435999999999986,3.4359999999999855e-07,-1.0641990546805986,-0.8586475415492751
0.3443999999999967,3.443999999999967e-07,-1.1698644339567503,-0.8931506010746377
0.3451999999999984,3.451999999999984e-07,-1.2008492634250658,-0.9239439305030579
0.34599999999999653,3.459999999999965e-07,-1.2418429827930637,-0.9508807093447911
0.3467999999999982,3.467999999999982e-07,-1.2706803622154668,-0.973845229677756
0.34759999999999636,3.4759999999999636e-07,-1.2942533297465013,-0.9927535054388217
0.34839999999999804,3.48399999999998e-07,-1.2785192911076966,-1.0075535573062813
0.3491999999999962,3.4919999999999617e-07,-1.2681983259326894,-1.0182253734873106
0.34999999999999787,3.4999999999999787e-07,-1.2693896921329035,-1.0247805507955454
0.35079999999999956,3.507999999999995e-07,-1.2518310583331178,-1.0272616244251194
0.35160000000000124,3.516000000000012e-07,-1.1787840754283578,-1.0257410987228472
0.3523999999999994,3.5239999999999937e-07,-1.150677893190508,-1.0203201949778338
0.35320000000000107,3.5320000000000107e-07,-1.0272365614762766,-1.0111273357341664
0.3539999999999992,3.5399999999999917e-07,-1.0186643479909812,-0.9983163882976194
0.3548000000000009,3.548000000000009e-07,-0.9816481567410029,-0.9820646928411358
0.35559999999999903,3.5559999999999903e-07,-0.8928346055633951,-0.9625709027459024
0.3564000000000007,3.564000000000007e-07,-0.8222291796680721,-0.9400526665566478
0.35719999999999885,3.5719999999999883e-07,-0.7278389528123363,-0.9147441822366758
0.35800000000000054,3.5800000000000053e-07,-0.6405439745613921,-0.886893655293334
0.3587999999999987,3.5879999999999863e-07,-0.6098765124713044,-0.8567606927534772
0.3595999999999968,3.595999999999968e-07,-0.5055328133353392,-0.824613664840649
0.3603999999999985,3.603999999999985e-07,-0.4947004248563016,-0.7907270655410499
0.36119999999999663,3.6119999999999664e-07,-0.36341051571084204,-0.7553789021054365
0.3619999999999983,3.619999999999983e-07,-0.31008512512577413,-0.7188481419948687
0.36279999999999646,3.6279999999999645e-07,-0.28251155068308664,-0.6814122438811157
0.36359999999999815,3.6359999999999815e-07,-0.2583242673560475,-0.6433447970642323
0.3643999999999963,3.6439999999999625e-07,-0.2369658919529467,-0.6049132910981196
0.36519999999999797,3.6519999999999795e-07,-0.1958948141308361,-0.5663770346219565
0.3659999999999961,3.659999999999961e-07,-0.166061821036934,-0.5279852395280744
0.3667999999999978,3.6679999999999775e-07,-0.12563702081277972,-0.4899752837652125
0.36759999999999593,3.675999999999959e-07,-0.11419920873520795,-0.45257116331473846
0.3683999999999976,3.683999999999976e-07,-0.09724467665712444,-0.41598214117914223
0.3691999999999993,3.691999999999993e-07,-0.01726283347935853,-0.380401598584855
0.370000000000001,3.7000000000000096e-07,-0.02252440851205284,-0.3460060910392566
0.37079999999999913,3.707999999999991e-07,-0.025403625869398816,-0.31295460939867503
0.3716000000000008,3.716000000000008e-07,-0.030539236506850198,-0.2813880436886911
0.37239999999999895,3.723999999999989e-07,-0.04991527676542429,-0.25142884509111596
0.37320000000000064,3.732000000000006e-07,0.004482892838243657,-0.2231808793577832
0.3739999999999988,3.7399999999999877e-07,-0.008575626016650961,-0.1967294630257519
0.37480000000000047,3.7480000000000047e-07,-0.06783269977495188,-0.17214157222496596
0.3755999999999986,3.7559999999999857e-07,-0.02483262391162011,-0.14946621256248882
0.3764000000000003,3.7640000000000027e-07,0.011420780780146966,-0.12873493752243537
0.3771999999999984,3.7719999999999843e-07,0.04519915167768351,-0.10996250205112146
0.3780000000000001,3.780000000000001e-07,0.0059880378080605645,-0.09314763747073229
0.37879999999999825,3.7879999999999823e-07,0.006610673374867204,-0.07827393347841749
0.37959999999999994,3.7959999999999993e-07,-0.013498646882195597,-0.06531081266166527
0.3803999999999981,3.8039999999999803e-07,-0.008455523854193014,-0.05421458272333046
0.3811999999999962,3.811999999999962e-07,0.006925017678773404,-0.044929551548350766
0.3819999999999979,3.819999999999979e-07,-0.00927486139825362,-0.03738919040559008
0.38279999999999603,3.82799999999996e-07,-0.03313474948740858,-0.03151733093824616
0.3835999999999977,3.835999999999977e-07,0.04636101361396516,-0.02722938210395931
0.38439999999999586,3.8439999999999585e-07,-0.046767863504283635,-0.02443355384543855
0.38519999999999754,3.8519999999999755e-07,-0.020427456412982714,-0.02303207498112414
0.3859999999999957,3.8599999999999565e-07,-0.06070075820503407,-0.022922393586092493
0.38679999999999737,3.8679999999999735e-07,-0.036203670929039866,-0.023998348999094254
0.38759999999999906,3.8759999999999905e-07,-0.021488320160790053,-0.026151305580689232
0.38840000000000074,3.8840000000000075e-07,-0.0023055771887041665,-0.029271239464579324
0.3891999999999989,3.8919999999999885e-07,-0.012010713881650759,-0.0332477707239196
0.39000000000000057,3.9000000000000055e-07,-0.005901241896925313,-0.03797113451970269
0.3907999999999987,3.907999999999987e-07,-0.06753651229427904,-0.0433330858465113
0.3916000000000004,3.9160000000000036e-07,-0.018116024833082278,-0.049227733448367506
0.3923999999999985,3.923999999999985e-07,-0.03899531805475975,-0.05555229940285189
0.3932000000000002,3.932000000000002e-07,-0.028200946716468778,-0.062207801818000785
0.39399999999999835,3.939999999999983e-07,-0.05470344333704569,-0.06909965905352289
0.39480000000000004,3.948e-07,0.00016227020012316018,-0.07613821482436833
0.3955999999999982,3.9559999999999817e-07,-0.0033853541022730305,-0.08323918443454037
0.39639999999999986,3.9639999999999987e-07,-0.03469228440778149,-0.09032402319733857
0.397199999999998,3.9719999999999797e-07,-0.027739076503317417,-0.09732021879339348
0.3979999999999997,3.9799999999999967e-07,-0.061224853123384104,-0.10416150988806328
0.3987999999999978,3.9879999999999783e-07,-0.04283648148958852,-0.11078803381741409
0.3995999999999995,3.995999999999995e-07,-0.052636186309131805,-0.11714640662516151
0.40039999999999765,4.0039999999999763e-07,0.018732780191140552,-0.12318973922433729
0.40119999999999933,4.0119999999999933e-07,-0.028566924628402823,-0.128877593938165
0.40199999999999747,4.0199999999999743e-07,-0.059782123667989406,-0.13417588607356468
0.40279999999999916,4.0279999999999913e-07,-0.00119005216297019,-0.1390567354426655
0.4035999999999973,4.035999999999973e-07,-0.017170155062686376,-0.1434982728861245
0.40439999999999543,4.043999999999954e-07,-0.000984839605691068,-0.14748440692030673
0.4051999999999971,4.051999999999971e-07,0.0395513613926739,-0.15100455563968485
0.40599999999999525,4.0599999999999524e-07,-0.03226680370542967,-0.15405334891119393
0.4068000000000005,4.068000000000005e-07,-0.05102531428545465,-0.15663030566410097
0.40759999999999863,4.075999999999986e-07,-0.038232342985114354,-0.1587394907392481
0.4084000000000003,4.084000000000003e-07,-0.05173760060103483,-0.16038915541188148
0.40919999999999845,4.0919999999999845e-07,-0.03543331864376631,-0.16159136543979535
0.41000000000000014,4.100000000000001e-07,-0.11124433412023782,-0.16236162033793544
0.4107999999999983,4.1079999999999825e-07,-0.008100893381957519,-0.16271846750658492
0.41159999999999997,4.1159999999999995e-07,-0.05560581075878002,-0.16268311481249187
0.4123999999999981,4.123999999999981e-07,-0.024063784312401193,-0.16227904522527226
0.4131999999999998,4.1319999999999976e-07,0.001027379122427341,-0.16153163710272134
0.4139999999999979,4.139999999999979e-07,0.0009104931393011384,-0.16046779363729824
0.4147999999999996,4.147999999999996e-07,-0.024385126510278354,-0.1591155847829846
0.41559999999999775,4.155999999999977e-07,0.02469188940794753,-0.15750390467290432
0.41639999999999944,4.163999999999994e-07,0.0003540548005549482,-0.15566214713598114
0.4171999999999976,4.1719999999999757e-07,-0.027842911552465655,-0.15361990146128823
0.41799999999999926,4.179999999999992e-07,-0.01667783343585194,-0.1514066700734089
0.4187999999999974,4.1879999999999737e-07,0.005153571108663435,-0.14905160930331007
0.4195999999999991,4.1959999999999907e-07,0.0012367527140000334,-0.1465832940051799
0.4203999999999972,4.203999999999972e-07,-0.029796119456929393,-0.14402950639243706
0.4211999999999989,4.211999999999989e-07,-0.05185032554986524,-0.14141704912022757
0.42199999999999704,4.2199999999999703e-07,-0.021846164515570088,-0.13877158231930276
0.42279999999999873,4.2279999999999873e-07,-0.028137207027425504,-0.13611748403004142
0.42359999999999687,4.2359999999999683e-07,-0.024378128616308725,-0.13347773333627
0.42439999999999856,4.2439999999999853e-07,0.0002572176463768727,-0.13087381543771226
0.4251999999999967,4.251999999999967e-07,0.036133674008379746,-0.12832564786642298
0.4259999999999984,4.2599999999999834e-07,0.014686215687598647,-0.12585152698741542
0.42680000000000007,4.2680000000000004e-07,-0.027500764183114867,-0.12346809378210954
0.4275999999999982,4.275999999999982e-07,-0.014136223092903855,-0.12119031768198685
0.4283999999999999,4.283999999999999e-07,-0.01736799040533743,-0.11903149695008564
0.429199999999998,4.29199999999998e-07,-0.0250641245515002,-0.1170032738938378
0.4299999999999997,4.299999999999997e-07,-0.03071172632507535,-0.1151156630925203
0.43079999999999785,4.3079999999999785e-07,-0.013596428891336831,-0.11337709082701286
0.43159999999999954,4.315999999999995e-07,-0.005471712807383344,-0.11179444397344307
0.4323999999999977,4.3239999999999765e-07,-0.012655287986328645,-0.11037312673573263
0.43319999999999936,4.3319999999999935e-07,-0.008626312473928088,-0.10911712371459492
0.4339999999999975,4.3399999999999745e-07,-0.00015037060950628955,-0.10802906791549338
0.4347999999999992,4.3479999999999916e-07,-0.01604214693406858,-0.10711031237925983
0.4355999999999973,4.355999999999973e-07,0.005234899788847613,-0.10636100418751537
0.436399999999999,4.36399999999999e-07,-0.006614661577902137,-0.10578015966069332
0.43719999999999715,4.371999999999971e-07,-0.01597330135676911,-0.10536573963245299
0.43799999999999883,4.379999999999988e-07,-0.06174951587282651,-0.10511472375410458
0.43879999999999697,4.3879999999999697e-07,-0.01529089862378008,-0.10502318287532653
0.43959999999999866,4.395999999999986e-07,0.05491979914241396,-0.10508634869888311
0.4403999999999968,4.4039999999999677e-07,0.008676797036383466,-0.10529868012352628
0.4411999999999985,4.4119999999999847e-07,0.0028816693545636873,-0.10565392589811973
0.4419999999999966,4.4199999999999657e-07,-0.02784934161534247,-0.10614518331010636
0.4427999999999983,4.427999999999983e-07,-0.0365910195467527,-0.10676495261248409
0.44359999999999644,4.4359999999999643e-07,-0.005308866935579637,-0.10750518685802479
0.44439999999999813,4.4439999999999813e-07,0.00699064937252869,-0.1083573368622659
0.4451999999999998,4.451999999999998e-07,-0.02702016931663742,-0.10931239116801628
0.4460000000000015,4.460000000000015e-07,-0.017184339362060985,-0.11036091106615586
0.44679999999999964,4.4679999999999963e-07,-0.032100173822202205,-0.11149306088194022
0.44760000000000133,4.4760000000000133e-07,-0.030900862576266785,-0.11269863386835954
0.44839999999999947,4.4839999999999944e-07,-0.026218800083376514,-0.11396707420045882
0.4491999999999976,4.491999999999976e-07,0.025733651478558883,-0.11528749575739017
0.4499999999999993,4.499999999999993e-07,0.0011017099076409131,-0.11664869858825
0.4507999999999974,4.507999999999974e-07,-0.031234876388463118,-0.11803918412649361
0.4515999999999991,4.515999999999991e-07,0.0006146849782866504,-0.11944717029740337
0.45239999999999725,4.5239999999999725e-07,-0.018545551625836154,-0.12086060766228668
0.45319999999999894,4.531999999999989e-07,0.03173531589227707,-0.12226719771757288
0.4539999999999971,4.5399999999999705e-07,-0.016763511661765484,-0.12365441444827807
0.45479999999999876,4.5479999999999875e-07,-0.0063273639979115615,-0.12500953019834915
0.4555999999999969,4.5559999999999685e-07,-0.0328166211720764,-0.12631964683502117
0.4563999999999986,4.5639999999999855e-07,-0.031514419731956345,-0.1275717330688768
0.4571999999999967,4.571999999999967e-07,0.0704832353751299,-0.12875266869767454
0.4579999999999984,4.579999999999984e-07,-0.01566368591924938,-0.12984929648855648
0.45879999999999654,4.587999999999965e-07,-0.014946482225846935,-0.13084848234708835
0.45959999999999823,4.595999999999982e-07,-0.0019040396760403588,-0.13173718427192282
0.46039999999999637,4.6039999999999637e-07,-0.005851497996821831,-0.13250253036453108
0.46119999999999806,4.61199999999998e-07,-0.04623412004593597,-0.1331319059292717
0.4619999999999962,4.6199999999999617e-07,-0.01702300617631236,-0.13361304951644692
0.4627999999999979,4.6279999999999787e-07,-0.005857171716171283,-0.13393415763641592
0.46359999999999957,4.6359999999999957e-07,-0.037303305862332437,-0.13408399779813385
0.46440000000000126,4.644000000000012e-07,0.01127628253980184,-0.13405202948385453
0.4651999999999994,4.651999999999994e-07,-0.004234952252794688,-0.13382853263000483
0.4660000000000011,4.660000000000011e-07,0.043529271128139424,-0.13340474311013972
0.4667999999999992,4.667999999999992e-07,0.03178543681525037,-0.13277299458161318
0.4676000000000009,4.676000000000009e-07,-0.006782992658620479,-0.1319268658304411
0.46839999999999904,4.6839999999999903e-07,-0.029487448873371847,-0.13086133241562026
0.4692000000000007,4.692000000000007e-07,-0.007469556425903523,-0.12957292102198403
0.46999999999999886,4.6999999999999884e-07,-0.024795551625836243,-0.12805986457884178
0.47080000000000055,4.7080000000000054e-07,-0.000915614707733603,-0.12632225596824442
0.4715999999999987,4.715999999999987e-07,0.01602378591922493,-0.12436219802997073
0.4723999999999968,4.723999999999968e-07,0.018599629390493977,-0.12218394750677541
0.4731999999999985,4.731999999999985e-07,-0.04324993197625604,-0.11979405049501501
0.47399999999999665,4.7399999999999665e-07,-0.014908276574666868,-0.117201466843873
0.47479999999999833,4.747999999999983e-07,0.003487660785191249,-0.11441768081355974
0.47559999999999647,4.7559999999999645e-07,-0.01642401264065496,-0.11145679522609564
0.47639999999999816,4.7639999999999815e-07,-0.04807876403586331,-0.10833560635260708
0.4771999999999963,4.771999999999963e-07,0.013267884606880553,-0.10507365685541137
0.477999999999998,4.77999999999998e-07,0.014410644866964528,-0.10169326421930025
0.4787999999999961,4.787999999999961e-07,-0.015080768688679136,-0.09821952225848873
0.4795999999999978,4.795999999999978e-07,-0.011419851606360165,-0.09468027344800234
0.48039999999999594,4.80399999999996e-07,-0.0075849297229737545,-0.09110604997054672
0.48119999999999763,4.811999999999976e-07,-0.005791730830639441,-0.0875299815099182
0.4819999999999993,4.819999999999993e-07,-0.02917159188441021,-0.08398766800681612
0.482800000000001,4.82800000000001e-07,-0.0049646390490809544,-0.08051701584380089
0.48359999999999914,4.835999999999992e-07,0.023834157700270975,-0.07715803623609352
0.48440000000000083,4.844000000000008e-07,-0.00042026770978997874,-0.07395260495865719
0.48519999999999897,4.85199999999999e-07,-0.0363466564833308,-0.0709441829097126
0.48600000000000065,4.860000000000006e-07,-0.002636374820566889,-0.06817749737094703
0.4867999999999988,4.867999999999988e-07,0.052273785919224824,-0.06569818419108175
0.4876000000000005,4.876000000000004e-07,0.044536609261207616,-0.0635523915252838
0.4883999999999986,4.883999999999986e-07,0.009035020711820607,-0.0617863461809911
0.4892000000000003,4.892000000000003e-07,0.012018640950407722,-0.060445883970001724
0.48999999999999844,4.899999999999984e-07,0.006866954006869097,-0.05957594571946112
0.4908000000000001,4.908000000000001e-07,-0.050369390444289674,-0.05922004082255672
0.49159999999999826,4.915999999999983e-07,0.0002524887799895126,-0.05941968051139712
0.49239999999999995,4.923999999999999e-07,0.014037289740402858,-0.06021378346080164
0.4931999999999981,4.931999999999981e-07,-0.036293887212118126,-0.06163805687489221
0.4939999999999962,4.939999999999962e-07,-0.02195189157043087,-0.06372435681569621
0.4947999999999979,4.947999999999979e-07,-0.025694893676460495,-0.06650003214837952
0.49559999999999604,4.95599999999996e-07,-0.06956102331605907,-0.06998725709451437
0.49639999999999773,4.963999999999977e-07,0.036858631938279096,-0.07420235803474062
0.49719999999999587,4.971999999999958e-07,-0.03525666549546003,-0.07915514089330733
0.49799999999999756,4.979999999999975e-07,0.056822506804246053,-0.08484822612166987
0.4987999999999957,4.987999999999957e-07,0.0098901040712569,-0.09127639889219852
0.4995999999999974,4.995999999999974e-07,-0.04597235650280718,-0.09842598254442692
0.5003999999999991,5.003999999999991e-07,-0.03134873700047791,-0.10627424358702253
0.5012000000000008,5.012000000000007e-07,0.009066605491901303,-0.11478883672025875
0.5019999999999989,5.019999999999989e-07,0.012267732879216897,-0.1239272985023363
0.5028000000000006,5.028000000000005e-07,-0.010635694341370794,-0.13363659845966414
0.5035999999999987,5.035999999999987e-07,0.00566367023807457,-0.14385275655696184
0.5044000000000004,5.044000000000004e-07,-0.025372795135056858,-0.15450053591542767
0.5051999999999985,5.051999999999986e-07,-0.009938727988350493,-0.16549321949388895
0.5060000000000002,5.060000000000002e-07,-0.03860664296563865,-0.17673247917776624
0.5067999999999984,5.067999999999984e-07,0.02613386251981442,-0.18810834539071175
0.5076,5.076e-07,-0.014146437167206205,-0.19949928495414815
0.5083999999999982,5.083999999999982e-07,-0.0018571349333997844,-0.21077239443713447
0.5091999999999999,5.091999999999998e-07,-0.0030258062532158014,-0.22178371561645926
0.509999999999998,5.09999999999998e-07,0.009141692620643127,-0.23237867888406205
0.5107999999999997,5.107999999999996e-07,0.06275948667495834,-0.24239267950823828
0.5115999999999978,5.115999999999978e-07,0.01672661450402968,-0.2516517905801221
0.5123999999999995,5.123999999999995e-07,0.018839075077093703,-0.25997361522621887
0.5131999999999977,5.131999999999977e-07,0.028280556221199404,-0.267168279214963
0.5139999999999993,5.139999999999993e-07,-0.007533296114946797,-0.27303956346126945
0.5147999999999975,5.147999999999975e-07,0.04535481114308215,-0.2773861742110415
0.5155999999999992,5.155999999999991e-07,0.027820010183669197,-0.2800031469226547
0.5163999999999973,5.163999999999973e-07,-0.026279135080651272,-0.2806833780625797
0.5171999999999954,5.171999999999954e-07,0.04436638617577637,-0.27921927718668416
0.5179999999999971,5.179999999999971e-07,0.018447374615862877,-0.2754045298000807
0.5187999999999953,5.187999999999952e-07,0.0589718488548705,-0.2690359596091332
0.5196000000000005,5.196000000000005e-07,0.0497662201931619,-0.25991547690522365
0.5203999999999986,5.203999999999987e-07,0.019317589426423254,-0.24785209791975094
0.5212000000000003,5.212000000000003e-07,0.03199915995255376,-0.23266401805279768
0.5219999999999985,5.219999999999985e-07,0.035160001171540056,-0.21418071995548038
0.5228000000000002,5.228000000000001e-07,-0.018368142134001175,-0.1922450956277051
0.5235999999999983,5.235999999999983e-07,0.015839567044854785,-0.16671556005695143
0.5244,5.243999999999999e-07,-0.04255977500577046,-0.13746813252555912
0.5251999999999981,5.251999999999981e-07,-0.02864144392605228,-0.10439846060806701
0.5259999999999998,5.259999999999998e-07,0.046522726120370894,-0.06742376112158688
0.5267999999999979,5.267999999999979e-07,0.03553014011776945,-0.026484651906177437
0.5275999999999996,5.275999999999996e-07,-0.00571645519046271,0.018453151735299045
0.5283999999999978,5.283999999999978e-07,0.03025608198319185,0.06739730188359028
0.5291999999999994,5.291999999999994e-07,0.024903343516669008,0.12032746959579121
0.5299999999999976,5.299999999999976e-07,0.005801361392673954,0.17719420787831108
0.5307999999999993,5.307999999999992e-07,0.06134739714568349,0.23791804940847472
0.5315999999999974,5.315999999999974e-07,0.09084580859629732,0.3023888606205869
0.5323999999999991,5.32399999999999e-07,0.09513768331401184,0.3704654715352351
0.5331999999999972,5.331999999999972e-07,0.15008207718312416,0.4419755980231237
0.5339999999999989,5.339999999999989e-07,0.23992206817099548,0.5167160701037643
0.534799999999997,5.34799999999997e-07,0.27608809114257093,0.5944533764250983
0.5355999999999987,5.355999999999987e-07,0.4032903909758443,0.6749245313036094
0.5363999999999969,5.363999999999969e-07,0.4856354878529725,0.7578382667138879
0.5371999999999986,5.371999999999985e-07,0.5499269832510296,0.8428765475105995
0.5379999999999967,5.379999999999967e-07,0.6367052392036743,0.9296964040364357
0.5387999999999984,5.387999999999983e-07,0.6618052902413969,1.0179320721630865
0.5396000000000001,5.396000000000001e-07,0.7052698823693304,1.107197426705547
0.5403999999999982,5.403999999999981e-07,0.7715440899347841,1.1970886899535451
0.5411999999999999,5.411999999999999e-07,0.8199595059937068,1.2871873926579582
0.541999999999998,5.41999999999998e-07,0.9516935032551634,1.3770635601006191
0.5427999999999997,5.427999999999997e-07,1.187032999978486,1.4662790908499648
0.5435999999999979,5.435999999999979e-07,1.463328201227848,1.5543912905841428
0.5443999999999996,5.443999999999995e-07,1.7440639387663541,1.6409565182513928
0.5451999999999977,5.451999999999977e-07,1.9584719408278781,1.7255338973132721
0.5459999999999994,5.459999999999993e-07,2.178341813101853,1.8076890414012021
0.5467999999999975,5.467999999999975e-07,2.5423811889026022,1.8869977417823443
0.5475999999999992,5.475999999999992e-07,2.8951467341603676,1.9630495637349856
0.5483999999999973,5.483999999999973e-07,3.002416553099832,2.0354513003590777
0.549199999999999,5.49199999999999e-07,3.0474918264432205,2.1038302356284664
0.5499999999999972,5.499999999999972e-07,3.029198395364314,2.1678371736733593
0.5507999999999988,5.507999999999988e-07,2.8938259782003484,2.2271491980436378
0.551599999999997,5.51599999999997e-07,2.782542492226401,2.2814721323194487
0.5523999999999987,5.523999999999986e-07,2.845970577602855,2.330542681040047
0.5531999999999968,5.531999999999968e-07,2.8464099368524653,2.374130236821024
0.5539999999999985,5.539999999999984e-07,2.8507243156423554,2.4120383453957004
0.5547999999999966,5.547999999999966e-07,2.8406520630765,2.444105825216507
0.5555999999999983,5.555999999999983e-07,2.8015967948869216,2.4702075424669143
0.5563999999999965,5.563999999999964e-07,2.805716931536363,2.4902548460902123
0.5571999999999981,5.571999999999981e-07,2.8742851702020094,2.5041956708091977
0.5579999999999998,5.579999999999998e-07,2.798222223639266,2.5120143190995536
0.5588000000000015,5.588000000000015e-07,2.774574355194136,2.513730935747085
0.5595999999999997,5.595999999999996e-07,2.7594232337849016,2.5094006910570905
0.5604000000000013,5.604000000000013e-07,2.6885174593746113,2.499112691026931
0.5611999999999995,5.611999999999995e-07,2.664405451687749,2.4829886347922034
0.5619999999999976,5.619999999999975e-07,2.6211311268806154,2.461181241355148
0.5627999999999993,5.627999999999993e-07,2.5354916563674057,2.4338724689833997
0.5635999999999974,5.635999999999974e-07,2.4655296712103643,2.4012715517354657
0.5643999999999991,5.643999999999991e-07,2.3985692746027083,2.363612878326328
0.5651999999999973,5.651999999999973e-07,2.353822148246154,2.32115373896902
0.565999999999999,5.659999999999989e-07,2.251314959543962,2.274171965889785
0.5667999999999971,5.667999999999971e-07,2.221654647075507,2.2229634929251687
0.5675999999999988,5.675999999999987e-07,2.1229042677558487,2.1678398590156926
0.5683999999999969,5.683999999999969e-07,2.062048805076756,2.1091256795631197
0.5691999999999986,5.691999999999986e-07,1.9999497724605382,2.0471561085539394
0.5699999999999967,5.699999999999967e-07,1.9065994156697008,1.9822743131001657
0.5707999999999984,5.707999999999984e-07,1.8560091212255032,1.9148289806366967
0.5715999999999966,5.715999999999966e-07,1.8378887546872789,1.8451718774712145
0.5723999999999982,5.723999999999982e-07,1.7037863932436252,1.7736554757487117
0.5731999999999964,5.731999999999964e-07,1.70100495789442,1.700630664229215
0.5739999999999981,5.73999999999998e-07,1.584915343929417,1.626444556646221
0.5747999999999962,5.747999999999962e-07,1.5391359132330273,1.5514384098438376
0.5755999999999979,5.755999999999978e-07,1.4787266214838657,1.4759456623781158
0.5763999999999996,5.763999999999996e-07,1.381546828018557,1.400290102805383
0.5772000000000013,5.772000000000012e-07,1.305253325669896,1.3247841754697096
0.5779999999999994,5.779999999999994e-07,1.255547241825199,1.2497274302409123
0.5788000000000011,5.78800000000001e-07,1.1722309296512474,1.175405121326098
0.5795999999999992,5.795999999999992e-07,1.1056779327880402,1.1020869589640903
0.5804000000000009,5.804000000000009e-07,1.0724034194694712,1.0300260165187027
0.581199999999999,5.81199999999999e-07,0.9971261451545597,0.9594577942396989
0.5820000000000007,5.820000000000007e-07,0.9269317122048877,0.8905994397892365
0.5827999999999989,5.827999999999989e-07,0.8852555878071131,0.8236491245630515
0.583599999999997,5.835999999999969e-07,0.7973873385688082,0.7587855738784475
0.5843999999999987,5.843999999999987e-07,0.7349836078918939,0.6961677482377109
0.5851999999999968,5.851999999999968e-07,0.7060669780086659,0.6359346720740269
0.5859999999999985,5.859999999999985e-07,0.626630791264251,0.5782054056194514
0.5867999999999967,5.867999999999967e-07,0.6280118615477503,0.523079154790902
0.5875999999999983,5.875999999999983e-07,0.5436201220059598,0.47063551328764275
0.5883999999999965,5.883999999999965e-07,0.5006508745791818,0.420934830466956
0.5891999999999982,5.891999999999981e-07,0.43848923793710615,0.37401869803321386
0.5899999999999963,5.899999999999963e-07,0.39117875121216805,0.32991054812024956
0.590799999999998,5.90799999999998e-07,0.36337783486610764,0.28861635491655235
0.5915999999999961,5.915999999999961e-07,0.3029244752329818,0.25012543153054745
0.5923999999999978,5.923999999999978e-07,0.3116954689158904,0.21441131330616248
0.593199999999996,5.93199999999996e-07,0.2895837646853545,0.18143271829650898
0.5939999999999976,5.939999999999976e-07,0.2617979797904191,0.1511345751258184
0.5947999999999993,5.947999999999993e-07,0.22970916124850316,0.12344910806862952
0.595600000000001,5.95600000000001e-07,0.2159113093541123,0.09829696889063122
0.5963999999999992,5.963999999999992e-07,0.21785751936460596,0.07558840482781015
0.5972000000000008,5.972000000000008e-07,0.19340033893728314,0.05522445200155257
0.597999999999999,5.97999999999999e-07,0.16827437454304128,0.03709814356308527
0.5988000000000007,5.988000000000006e-07,0.2178807820760973,0.021095721941059686
0.5995999999999988,5.995999999999988e-07,0.16719289413419425,0.007097844742995463
0.6004000000000005,6.004000000000004e-07,0.19209057177110012,-0.0050192258567482995
0.6011999999999986,6.011999999999986e-07,0.1930477889821951,-0.015382460006046372
0.6020000000000003,6.020000000000003e-07,0.2059693730260177,-0.024120932565448783
0.6027999999999984,6.027999999999984e-07,0.12596313147457483,-0.03136473954950869
0.6036000000000001,6.036000000000001e-07,0.18403772663555618,-0.037243966372543014
0.6043999999999983,6.043999999999983e-07,0.163880554484102,-0.04188771477376374
0.6052,6.051999999999999e-07,0.12470556574851344,-0.04542319439359499
0.6059999999999981,6.059999999999981e-07,0.18992609826935158,-0.04797488407962547
0.6067999999999962,6.067999999999962e-07,0.20311682307092926,-0.04966376711016096
0.6075999999999979,6.075999999999979e-07,0.1417779286646832,-0.05060664360706557
0.608399999999996,6.08399999999996e-07,0.15116853254328877,-0.050915522430326376
0.6091999999999977,6.091999999999977e-07,0.10577002269952285,-0.050697093793031556
0.6099999999999959,6.099999999999959e-07,0.12838615234012085,-0.050052282768788814
0.6107999999999976,6.107999999999975e-07,0.16022190643036538,-0.049075882885132316
0.6115999999999957,6.115999999999957e-07,0.16253409435279398,-0.0478562681503405
0.6123999999999974,6.123999999999974e-07,0.043951857601419064,-0.04647518109878046
0.6131999999999991,6.131999999999991e-07,0.05698881494231145,-0.04500759369502294
0.6140000000000008,6.140000000000007e-07,0.08615491377821893,-0.043521637234524846
0.6147999999999989,6.147999999999989e-07,0.08116456002042849,-0.04207859683535453
0.6156000000000006,6.156000000000006e-07,0.08159522247636719,-0.040732965801854704
0.6163999999999987,6.163999999999987e-07,0.0762453208695204,-0.039532554992582014
0.6172000000000004,6.172000000000004e-07,0.06859590295456464,-0.03851865222507467
0.6179999999999986,6.179999999999986e-07,0.11241266801471639,-0.03772622664664649
0.6188000000000002,6.188000000000002e-07,0.09930686509652453,-0.03718417289962428
0.6195999999999984,6.195999999999984e-07,0.05853821630652867,-0.0369155898086726
0.6204000000000001,6.204e-07,0.006866064430613328,-0.03693808819784117
0.6211999999999982,6.211999999999982e-07,-0.004279532689145604,-0.03726412232968279
0.6219999999999999,6.219999999999998e-07,0.02793449390448366,-0.037901339448015214
0.622799999999998,6.22799999999998e-07,0.03806461933402083,-0.03885294210513823
0.6235999999999997,6.235999999999997e-07,0.06724244492928477,-0.04011805836722715
0.6243999999999978,6.243999999999978e-07,0.05321346941688443,-0.04169211550253138
0.6251999999999995,6.251999999999995e-07,0.03146547406970068,-0.04356721322395973
0.6259999999999977,6.259999999999977e-07,0.07371846265803761,-0.04573249291037307
0.6267999999999994,6.267999999999993e-07,0.05052300899107198,-0.048174499487811495
0.6275999999999975,6.275999999999975e-07,0.01001177419847643,-0.05087753286133889
0.6283999999999992,6.283999999999991e-07,0.03381738032936443,-0.05382398598083782
0.6291999999999973,6.291999999999973e-07,0.009276602193273753,-0.05699466682379839
0.6299999999999955,6.299999999999955e-07,0.028975308824344737,-0.06036910182218236
0.6307999999999971,6.307999999999971e-07,0.019211161307743474,-0.06392581856915225
0.6315999999999953,6.315999999999953e-07,-0.05784361261728588,-0.06764260599628891
0.6324000000000005,6.324000000000005e-07,-0.0033332858948806887,-0.07149675059032834
0.6331999999999987,6.331999999999987e-07,-0.0023643419244283592,-0.07546524763938578
0.6340000000000003,6.340000000000003e-07,-0.01170766173973714,-0.07952498699616406
0.6347999999999985,6.347999999999985e-07,0.01144693792680851,-0.08365291340390613
0.6356000000000002,6.356000000000001e-07,0.03206314343173755,-0.08782616197626769
0.6363999999999983,6.363999999999983e-07,0.0016082711135565475,-0.09202216988509004
0.6372,6.371999999999999e-07,-0.025221809256338545,-0.09621876566093857
0.6379999999999981,6.379999999999981e-07,0.02849471395786729,-0.10039423775987633
0.6387999999999998,6.387999999999998e-07,-0.025786758175110336,-0.10452738423973074
0.639599999999998,6.39599999999998e-07,1.8204261353460538e-05,-0.10859754556780388
0.6403999999999996,6.403999999999996e-07,-0.03741370650487408,-0.11258462276309178
0.6411999999999978,6.411999999999978e-07,0.0007206558222883075,-0.11646908325262206
0.6419999999999995,6.419999999999994e-07,0.007057658222823449,-0.12023195699651268
0.6427999999999976,6.427999999999976e-07,0.029016539847635414,-0.12385482560533578
0.6435999999999993,6.435999999999992e-07,-0.011139308130197811,-0.12731980729604775
0.6443999999999974,6.443999999999974e-07,-0.00567743791804709,-0.1306095405563088
0.6451999999999991,6.45199999999999e-07,0.015692852756845177,-0.1337071693021219
0.6459999999999972,6.459999999999972e-07,0.02003749674677291,-0.13659633216264933
0.6467999999999989,6.467999999999989e-07,-0.003259522940759041,-0.1392611583481509
0.6475999999999971,6.475999999999971e-07,0.03763981910986569,-0.1416862723449679
0.6483999999999988,6.483999999999987e-07,-0.025102842756067112,-0.14385680941106394
0.6491999999999969,6.491999999999969e-07,-0.003689429053171267,-0.1457584435187238
0.6499999999999986,6.499999999999985e-07,-0.0072126549808908536,-0.14737742904057338
0.6507999999999967,6.507999999999967e-07,0.02636409656156946,-0.14870065714013236
0.6515999999999984,6.515999999999983e-07,0.011373174972685973,-0.14971572752258133
0.6524000000000001,6.524000000000001e-07,-0.022864417788761138,-0.15041103589462423
0.6531999999999982,6.531999999999981e-07,-0.007609840651036315,-0.15077587713338847
0.6539999999999999,6.539999999999999e-07,0.012349116838108465,-0.15080056377863826
0.654799999999998,6.547999999999981e-07,0.003916298001689356,-0.15047655908654622
0.6555999999999997,6.555999999999997e-07,-0.0030389904199203954,-0.14979662353781897
0.6563999999999979,6.563999999999979e-07,-0.007732968185603539,-0.14875497335199306
0.6571999999999996,6.571999999999995e-07,-0.02595433291230087,-0.14734744920159937
0.6579999999999977,6.579999999999977e-07,-0.03164014033705609,-0.14557169296680605
0.6587999999999994,6.587999999999993e-07,0.02581730446603281,-0.1434273300671629
0.6595999999999975,6.595999999999975e-07,0.01634745242439095,-0.14091615467247642
0.6603999999999992,6.603999999999992e-07,-0.0011901853956990394,-0.1380423148982537
0.6611999999999973,6.611999999999973e-07,-0.02671390329117873,-0.13481249486982527
0.661999999999999,6.61999999999999e-07,-0.009009447076427257,-0.13123609026785665
0.6627999999999972,6.627999999999972e-07,-0.016489209737044597,-0.12732537369783525
0.6635999999999989,6.635999999999988e-07,-0.01966537091859255,-0.12309564603264089
0.664399999999997,6.64399999999997e-07,-0.06849537542415618,-0.11856536978913912
0.6651999999999987,6.651999999999986e-07,0.004850441011728712,-0.11375628060705445
0.6659999999999968,6.659999999999968e-07,-0.05121042273608012,-0.10869347300023158
0.6667999999999985,6.667999999999984e-07,-0.0013431965138561708,-0.10340545675095214
0.6675999999999966,6.675999999999966e-07,-0.036355111784647676,-0.09792418059516184
0.6683999999999983,6.683999999999983e-07,-0.015944686670090746,-0.0922850201627492
0.6691999999999965,6.691999999999964e-07,-0.04521008249698255,-0.08652672747712575
0.6699999999999982,6.699999999999981e-07,0.01399478982119895,-0.08069133969474684
0.6707999999999998,6.707999999999998e-07,0.0015280780955579942,-0.0748240451929254
0.6716000000000015,6.716000000000015e-07,-0.018244391489634637,-0.06897300558315234
0.6723999999999997,6.723999999999996e-07,-0.018602047332978877,-0.06318913270494875
0.6732000000000014,6.732000000000013e-07,-0.03293836925431659,-0.05752582013037699
0.6739999999999995,6.739999999999995e-07,-0.03400755507071551,-0.05203862922183955
0.6747999999999976,6.747999999999975e-07,-0.006171649252806333,-0.04678493039398379
0.6755999999999993,6.755999999999993e-07,0.03579404175454126,-0.04182350095482601
0.6763999999999974,6.763999999999975e-07,0.04869595628907408,-0.037214081699699975
0.6771999999999991,6.771999999999991e-07,0.05174350472813938,-0.03301689521385409
0.6779999999999973,6.779999999999973e-07,0.048236922936599314,-0.029292129511042653
0.678799999999999,6.787999999999989e-07,0.06546626949378709,-0.02609939115699511
0.6795999999999971,6.795999999999971e-07,0.06199240814551388,-0.02349713242952678
0.6803999999999988,6.803999999999987e-07,0.07926903876500013,-0.02154205740799675
0.6811999999999969,6.811999999999969e-07,0.08419111477658348,-0.020288512194658992
0.6819999999999986,6.819999999999986e-07,0.1032437323201334,-0.019787864746758643
0.6827999999999967,6.827999999999967e-07,0.09644145501568158,-0.02008788002264339
0.6835999999999984,6.835999999999984e-07,0.11131132958714485,-0.02123209629891143
0.6843999999999966,6.843999999999966e-07,0.11727043880295263,-0.02325920858752717
0.6851999999999983,6.851999999999982e-07,0.1422530383232452,-0.026202465070847225
0.6859999999999964,6.859999999999964e-07,0.11140514137021373,-0.030089082376710152
0.6867999999999981,6.86799999999998e-07,0.1009079023655568,-0.03493968532741221
0.6875999999999962,6.875999999999962e-07,0.15890949091594297,-0.04076777651857011
0.6883999999999979,6.883999999999978e-07,0.16218929863420328,-0.04757924073870434
0.6891999999999996,6.891999999999996e-07,0.0800051556241641,-0.05537188883477828
0.6900000000000013,6.900000000000012e-07,0.09566183580785736,-0.06413504513495294
0.6907999999999994,6.907999999999994e-07,0.015353165224299303,-0.07384918195815082
0.6916000000000011,6.91600000000001e-07,0.03674861061639678,-0.08448560415881179
0.6923999999999992,6.923999999999992e-07,0.012237716062897697,-0.09600618619649559
0.6932000000000009,6.932000000000009e-07,-0.01178558572915378,-0.10836316394273116
0.6939999999999991,6.93999999999999e-07,0.012806826015963502,-0.12149898331535525
0.6948000000000008,6.948000000000007e-07,-0.043738037290089515,-0.13534620779799322
0.6955999999999989,6.955999999999989e-07,-0.029575531658384335,-0.14982748690167735
0.696399999999997,6.963999999999969e-07,-0.05372895887897222,-0.16485558762530506
0.6971999999999987,6.971999999999987e-07,-0.027205657086920354,-0.18033349096267237
0.6979999999999968,6.979999999999969e-07,-0.09247744619291698,-0.19615455547966665
0.6987999999999985,6.987999999999985e-07,-0.1111099923787,-0.2122027499280783
0.6995999999999967,6.995999999999967e-07,-0.04798603263727319,-0.228352956762766
0.7003999999999984,7.003999999999983e-07,-0.023768677216208012,-0.24447134829895045
0.7011999999999965,7.011999999999965e-07,-0.12420614905468153,-0.26041583707220806
0.7019999999999982,7.019999999999981e-07,-0.08329980910908752,-0.27603660166965405
0.7027999999999963,7.027999999999963e-07,-0.13556244394063466,-0.29117668882968584
0.703599999999998,7.03599999999998e-07,-0.08735999237870029,-0.30567269200500125
0.7043999999999961,7.043999999999961e-07,-0.1492248737090085,-0.3193555059401625
0.7051999999999978,7.051999999999978e-07,-0.14844298547260149,-0.3320511561608761
0.705999999999996,7.05999999999996e-07,-0.16300608146621975,-0.34358170158588486
0.7067999999999977,7.067999999999976e-07,-0.2163046138388065,-0.35376620775458
0.7075999999999993,7.075999999999993e-07,-0.15692233202879002,-0.3624217874528597
0.708400000000001,7.08400000000001e-07,-0.17516733878763713,-0.36936470485269624
0.7091999999999992,7.091999999999992e-07,-0.160251504328496,-0.37441153865162313
0.7100000000000009,7.100000000000008e-07,-0.2192693209116321,-0.377380399055121
0.710799999999999,7.10799999999999e-07,-0.2492470030541023,-0.37809219273843997
0.7116000000000007,7.116000000000006e-07,-0.17832950418124316,-0.37637192917775053
0.7123999999999988,7.123999999999988e-07,-0.27123784877865464,-0.37205006104362237
0.7132000000000005,7.132000000000004e-07,-0.21250108822506597,-0.36496385077403026
0.7139999999999986,7.139999999999986e-07,-0.23151058273961223,-0.3549587549922313
0.7148000000000003,7.148000000000003e-07,-0.28938885524299707,-0.34188981808491103
0.7155999999999985,7.155999999999984e-07,-0.2496054152409748,-0.32562306601272617
0.7164000000000001,7.164000000000001e-07,-0.1941936659517971,-0.3060368913242968
0.7171999999999983,7.171999999999983e-07,-0.24980438624681156,-0.2830234204187816
0.718,7.179999999999999e-07,-0.21364630602416756,-0.2564898543404519
0.7187999999999981,7.187999999999981e-07,-0.21254950565376074,-0.2263597747462427
0.7195999999999962,7.195999999999963e-07,-0.0971757712065413,-0.19257440715069407
0.7203999999999979,7.203999999999979e-07,0.02022985147608658,-0.15509383413497524
0.7211999999999961,7.211999999999961e-07,0.08375610507270359,-0.11389815184347274
0.7219999999999978,7.219999999999977e-07,0.12826246156803744,-0.06898856359700822
0.7227999999999959,7.227999999999959e-07,0.21196063944857535,-0.020388404625544254
0.7235999999999976,7.235999999999975e-07,0.33289970213322473,0.03185590831246898
0.7243999999999957,7.243999999999957e-07,0.42245277486076294,0.08767400925273083
0.7251999999999974,7.251999999999974e-07,0.5098271897861784,0.1469708050219669
0.7259999999999991,7.259999999999991e-07,0.5267578913216786,0.20962579586993835
0.7268000000000008,7.268000000000007e-07,0.5487547900862371,0.27549250527057234
0.7275999999999989,7.275999999999989e-07,0.600180686893018,0.34439803126090984
0.7284000000000006,7.284000000000006e-07,0.6177801723954355,0.4161427335898744
0.7291999999999987,7.291999999999987e-07,0.5742612960134457,0.49050007270449925
0.7300000000000004,7.300000000000004e-07,0.5977024369184543,0.5672166180411509
0.7307999999999986,7.307999999999986e-07,0.5715311172503981,0.6460122440771885
0.7316000000000003,7.316000000000002e-07,0.5692821011849194,0.726580532990261
0.7323999999999984,7.323999999999984e-07,0.598775027426619,0.8085894024369273
0.7332000000000001,7.332e-07,0.6724900379547716,0.8916819758295476
0.7339999999999982,7.339999999999982e-07,0.7010359610606764,0.9754777105742076
0.7347999999999999,7.347999999999998e-07,0.7374263005635164,1.059573797127352
0.735599999999998,7.35599999999998e-07,0.7733506088199107,1.1435468385716416
0.7363999999999997,7.363999999999997e-07,0.8333031362451773,1.2269548168051907
0.7371999999999979,7.371999999999978e-07,0.9171628358228987,1.3093393474163464
0.7379999999999995,7.379999999999995e-07,0.99956297329661,1.3902282208931784
0.7387999999999977,7.387999999999977e-07,1.059633710879623,1.469138223054756
0.7395999999999994,7.395999999999993e-07,1.0839524438098187,1.5455782225995005
0.7403999999999975,7.403999999999975e-07,1.223156371274038,1.6190525085397547
0.7411999999999992,7.411999999999991e-07,1.2273582182201097,1.6890643550665976
0.7419999999999973,7.419999999999973e-07,1.3629428389449583,1.7551197860688514
0.7427999999999955,7.427999999999955e-07,1.4081302739996602,1.8167315061445586
0.7435999999999972,7.435999999999971e-07,1.6470105925342091,1.8734229595636447
0.7443999999999953,7.443999999999953e-07,2.001550430409913,1.9247324733915083
0.7452000000000005,7.452000000000005e-07,2.3260961305174015,1.9702174361271294
0.7459999999999987,7.459999999999987e-07,2.528049720039311,2.0094584592415434
0.7468000000000004,7.468000000000003e-07,2.6512913244031777,2.0420634665715287
0.7475999999999985,7.475999999999985e-07,2.6581981953960936,2.06767165611726
0.7484000000000002,7.484000000000001e-07,2.680058538669239,2.085957280438645
0.7491999999999983,7.491999999999983e-07,2.6887780895523425,2.0966331951053125
0.75,7.5e-07,2.720346217866676,2.099454128899481
0.7507999999999981,7.507999999999981e-07,2.59769207338412,2.0942196341722568
0.7515999999999998,7.515999999999998e-07,2.5877688640071397,2.0807766806046137
0.752399999999998,7.52399999999998e-07,2.545844406319871,2.0590218604566743
0.7531999999999996,7.531999999999996e-07,2.543080373747161,2.0289031780696782
0.7539999999999978,7.539999999999978e-07,2.542862112552693,1.9904214008309569
0.7547999999999995,7.547999999999994e-07,2.5027567648184896,1.9436309530645723
0.7555999999999976,7.555999999999976e-07,2.4634860745909073,1.8886403385164443
0.7563999999999993,7.563999999999992e-07,2.3886303866176064,1.825612081411687
0.7571999999999974,7.571999999999974e-07,2.3661848593830976,1.7547621805423974
0.7579999999999991,7.57999999999999e-07,2.349917838223049,1.676359075488668
0.7587999999999973,7.587999999999972e-07,2.3070070360846215,1.5907221288714632
0.7595999999999989,7.595999999999989e-07,2.246018234094446,1.4982196335331972
0.7603999999999971,7.603999999999971e-07,2.1094366801190554,1.3992663588406247
0.7611999999999988,7.611999999999987e-07,1.8826786615067919,1.294320655960062
0.7619999999999969,7.619999999999969e-07,1.7277452380555096,1.1838811478765212
0.7627999999999986,7.627999999999985e-07,1.5859563910056926,1.0684830358605188
0.7635999999999967,7.635999999999967e-07,1.3372971774166518,0.948694059708484
0.7643999999999984,7.643999999999983e-07,1.0859857090539797,0.8251101541555524
0.7652000000000001,7.652000000000001e-07,0.8741448490754776,0.6983508482598735
0.7659999999999982,7.659999999999982e-07,0.6635074613769045,0.5690544581801533
0.7667999999999999,7.667999999999999e-07,0.486605321546765,0.4378731264809578
0.7675999999999981,7.675999999999981e-07,0.23601238105111527,0.30546776282878857
0.7683999999999997,7.683999999999997e-07,0.014286894370083236,0.17250294172477948
0.7691999999999979,7.691999999999979e-07,-0.29330105288441266,0.03964181283205748
0.7699999999999996,7.699999999999995e-07,-0.47643238754337813,-0.09245892150243007
0.7707999999999977,7.707999999999977e-07,-0.5536343080569928,-0.22315390884658037
0.7715999999999994,7.715999999999993e-07,-0.7069657493842799,-0.35181387964459676
0.7723999999999975,7.723999999999975e-07,-0.7963380056314283,-0.47783016460077465
0.7731999999999992,7.731999999999992e-07,-0.9769525076410797,-0.6006189549393791
0.7739999999999974,7.739999999999973e-07,-1.0785561909625647,-0.7196252686343543
0.774799999999999,7.74799999999999e-07,-1.209030921300469,-0.8343265904126165
0.7755999999999972,7.755999999999972e-07,-1.2588107658025005,-0.9442361580969577
0.7763999999999989,7.763999999999988e-07,-1.359871818062743,-1.0489058726870488
0.777199999999997,7.77199999999997e-07,-1.4073423115020214,-1.1479288144366795
0.7779999999999987,7.779999999999986e-07,-1.5143354262551547,-1.2409413519683326
0.7787999999999968,7.787999999999968e-07,-1.595136416168758,-1.3276248360725522
0.7795999999999985,7.795999999999984e-07,-1.6531771552242878,-1.407706874231688
0.7803999999999967,7.803999999999966e-07,-1.6992890847500306,-1.4809621861144324
0.7811999999999983,7.811999999999983e-07,-1.761613376454685,-1.5472130443560164
0.7819999999999965,7.819999999999964e-07,-1.7514217803656875,-1.606329308880516
0.7827999999999982,7.827999999999981e-07,-1.7834956559679127,-1.6582280668013756
0.7835999999999999,7.835999999999998e-07,-1.8151570259374326,-1.702872893495288
0.7844000000000015,7.844000000000015e-07,-1.8365596577349335,-1.740272753726288
0.7851999999999997,7.851999999999996e-07,-1.8217998597640606,-1.7704805646735513
0.7860000000000014,7.860000000000013e-07,-1.7513584154027257,-1.793591445401557
0.7867999999999995,7.867999999999995e-07,-1.7254488592777988,-1.8097406797133775
0.7875999999999976,7.875999999999975e-07,-1.7384542295418222,-1.819101421389715
0.7883999999999993,7.883999999999993e-07,-1.6644360336390283,-1.8218821724350867
0.7891999999999975,7.891999999999975e-07,-1.6550879849573326,-1.818324066073788
0.7899999999999991,7.899999999999991e-07,-1.5786970776224012,-1.8086979868937945
0.7907999999999973,7.907999999999973e-07,-1.526258545986073,-1.7933015607835665
0.791599999999999,7.915999999999989e-07,-1.5030799249667208,-1.7724560471632245
0.7923999999999971,7.923999999999971e-07,-1.451681263395292,-1.746503165469699
0.7931999999999988,7.931999999999987e-07,-1.4127186736233854,-1.7158018869286082
0.7939999999999969,7.939999999999969e-07,-1.3549442361681492,-1.6807252213903685
0.7947999999999986,7.947999999999986e-07,-1.3249423441624364,-1.6416570275004272
0.7955999999999968,7.955999999999967e-07,-1.2638143360348184,-1.5989888727722472
0.7963999999999984,7.963999999999984e-07,-1.1923683904000917,-1.5531169682729296
0.7971999999999966,7.971999999999966e-07,-1.1699932191311482,-1.5044392006396405
0.7979999999999983,7.979999999999982e-07,-1.0997325889534164,-1.453352282036258
0.7987999999999964,7.987999999999964e-07,-1.0779117755070728,-1.4002490364469198
0.7995999999999981,7.99599999999998e-07,-1.0366250825409464,-1.345515838417405
0.8003999999999962,8.003999999999962e-07,-0.9486113879115452,-1.2895302180504227
0.8011999999999979,8.011999999999978e-07,-0.9498803010773065,-1.2326586437913867
0.8019999999999996,8.019999999999996e-07,-0.8973555233829722,-1.1752544923371309
0.8028000000000013,8.028000000000012e-07,-0.8259825843598394,-1.11765621287238
0.8035999999999994,8.035999999999994e-07,-0.8043662271272476,-1.0601856908035403
0.8044000000000011,8.04400000000001e-07,-0.7719305323505936,-1.0031468142371924
0.8051999999999992,8.051999999999992e-07,-0.7043312353586102,-0.9468242446497221
0.8060000000000009,8.060000000000009e-07,-0.6525423860120059,-0.8914823915179388
0.8067999999999991,8.06799999999999e-07,-0.5875446550405874,-0.8373645891327861
0.8076000000000008,8.076000000000007e-07,-0.6260735546886571,-0.7846924723826061
0.8083999999999989,8.083999999999989e-07,-0.5457323521732689,-0.7336655469384126
0.809199999999997,8.09199999999997e-07,-0.4415715477380524,-0.684460948008176
0.8099999999999987,8.099999999999987e-07,-0.4278293019755499,-0.6372333806890147
0.8107999999999969,8.107999999999969e-07,-0.4286579064431617,-0.5921152339251656
0.8115999999999985,8.115999999999985e-07,-0.3631676653334748,-0.5492168591020405
0.8123999999999967,8.123999999999967e-07,-0.3519950214907994,-0.5086270033359988
0.8131999999999984,8.131999999999983e-07,-0.31942352756425896,-0.47041338660784726
0.8139999999999965,8.139999999999965e-07,-0.28577660627087953,-0.43462341109924907
0.8147999999999982,8.147999999999981e-07,-0.3032711210619645,-0.40128499043794275
0.8155999999999963,8.155999999999963e-07,-0.27962968497649987,-0.37040748603088547
0.816399999999998,8.16399999999998e-07,-0.2539794348546849,-0.34198273727718487
0.8171999999999962,8.171999999999961e-07,-0.19865052693174645,-0.31598617223465686
0.8179999999999978,8.179999999999978e-07,-0.24116301003463025,-0.2923779852717874
0.818799999999996,8.18799999999996e-07,-0.2350181692573985,-0.27110436833277207
0.8195999999999977,8.195999999999976e-07,-0.2015325811497677,-0.2520987826391381
0.8203999999999994,8.203999999999993e-07,-0.17796074698412934,-0.23528325796057148
0.821200000000001,8.21200000000001e-07,-0.199454921536117,-0.22056970704286716
0.8219999999999992,8.219999999999992e-07,-0.16379975403747915,-0.2078612433685434
0.8228000000000009,8.228000000000008e-07,-0.1436363403345835,-0.19705349109421944
0.823599999999999,8.23599999999999e-07,-0.15154052389769967,-0.18803587672283673
0.8244000000000007,8.244000000000006e-07,-0.12573026476475535,-0.180692892810014
0.8251999999999988,8.251999999999988e-07,-0.17572799573617282,-0.17490532475231957
0.8260000000000005,8.260000000000004e-07,-0.11905943706346012,-0.17055143245415794
0.8267999999999986,8.267999999999986e-07,-0.11751665427455515,-0.16750807944085366
0.8276000000000003,8.276000000000003e-07,-0.13974883769141888,-0.16565180279780156
0.8283999999999985,8.283999999999984e-07,-0.16766682853203907,-0.16485981815483397
0.8292000000000002,8.292000000000001e-07,-0.12662695846713978,-0.16501095477943784
0.8299999999999983,8.299999999999983e-07,-0.14019406376639099,-0.16598651670742948
0.8308,8.308e-07,-0.11796604138382127,-0.1676710667555894
0.8315999999999981,8.315999999999981e-07,-0.11688796566774196,-0.16995313121278954
0.8323999999999963,8.323999999999963e-07,-0.09457577774531423,-0.17272582393474778
0.8331999999999979,8.331999999999979e-07,-0.13800443554743724,-0.17588738942073112
0.8339999999999961,8.339999999999961e-07,-0.11991868145719176,-0.17934166521068784
0.8347999999999978,8.347999999999977e-07,-0.13688796566774197,-0.18299846462713099
0.8355999999999959,8.355999999999959e-07,-0.07311299946197236,-0.18677388153819185
0.8363999999999976,8.363999999999975e-07,-0.133709156136955,-0.1905905194623987
0.8371999999999957,8.371999999999957e-07,-0.10406529929524488,-0.19437764795025814
0.8379999999999974,8.379999999999974e-07,-0.13165929958974854,-0.19807128972221655
0.8387999999999991,8.387999999999991e-07,-0.06842753227631393,-0.20161424251149507
0.8396000000000008,8.396000000000007e-07,-0.11397697272109131,-0.2049560399783732
0.8403999999999989,8.403999999999989e-07,-0.10712533083619391,-0.20805285643266513
0.8412000000000006,8.412000000000006e-07,-0.08544202003301482,-0.210867360399563
0.8419999999999987,8.419999999999987e-07,-0.10000114350277256,-0.21336852228331704
0.8428000000000004,8.428000000000004e-07,-0.0599663425433592,-0.2155313815410418
0.8435999999999986,8.435999999999986e-07,-0.07924989519248404,-0.21733677887948044
0.8444000000000003,8.444000000000002e-07,-0.07505466911751313,-0.21877105900914184
0.8451999999999984,8.451999999999984e-07,0.0022338767737655196,-0.21982574941158406
0.8460000000000001,8.46e-07,-0.07077603384521014,-0.22049722038915975
0.8467999999999982,8.467999999999982e-07,-0.09198366715873485,-0.22078633136549985
0.8475999999999999,8.475999999999998e-07,-0.09555625766689957,-0.22069806799738156
0.848399999999998,8.48399999999998e-07,-0.05721327809068999,-0.22024117420927025
0.8491999999999997,8.491999999999997e-07,-0.04801313463889656,-0.21942778286907272
0.8499999999999979,8.499999999999978e-07,-0.059898253308587,-0.2182730485182991
0.8507999999999996,8.507999999999995e-07,-0.0250143829491849,-0.2167947852821488
0.8515999999999977,8.515999999999977e-07,-0.07511878582942488,-0.21501311273132417
0.8523999999999994,8.523999999999993e-07,-0.052576419142949415,-0.2129501120291879
0.8531999999999975,8.531999999999975e-07,-0.10071910353870273,-0.21062949421637045
0.8539999999999992,8.539999999999992e-07,-0.08313418165631647,-0.20807628202393635
0.8547999999999973,8.547999999999973e-07,-0.07756317969753734,-0.20531650622620434
0.8555999999999955,8.555999999999955e-07,-0.07926672784109856,-0.20237691727786888
0.8563999999999972,8.563999999999971e-07,-0.08865525120255668,-0.19928471281599291
0.8571999999999953,8.571999999999953e-07,-0.047165994028392166,-0.1960672815040474
0.8580000000000005,8.580000000000005e-07,-0.040813103833206466,-0.1927519636128996
0.8587999999999987,8.587999999999987e-07,-0.07358224459096219,-0.18936582864245333
0.8596000000000004,8.596000000000003e-07,-0.04508757807221375,-0.18593547015917977
0.8603999999999985,8.603999999999985e-07,-0.03802788677036295,-0.1824868178490484
0.8612000000000002,8.612000000000001e-07,-0.05249509046276568,-0.17904496658470803
0.8619999999999983,8.619999999999983e-07,-0.057570177591506955,-0.17563402210694434
0.8628,8.628e-07,-0.08516758257777823,-0.17227696273294546
0.8635999999999981,8.635999999999981e-07,-0.0488557348944485,-0.16899551634535692
0.8643999999999998,8.643999999999998e-07,-0.0025542897978554358,-0.16581005182140718
0.865199999999998,8.65199999999998e-07,-0.12626173459994483,-0.16273948404028626
0.8659999999999997,8.659999999999996e-07,-0.014205636501295693,-0.15980119162202122
0.8667999999999978,8.667999999999978e-07,-0.088074603001568,-0.1570109465721896
0.8675999999999995,8.675999999999994e-07,-0.026521229115491707,-0.15438285505447524
0.8683999999999976,8.683999999999976e-07,-0.02265169478312634,-0.1519293086126865
0.8691999999999993,8.691999999999992e-07,-0.03418067029552718,-0.14966094528928942
0.8699999999999974,8.699999999999974e-07,-0.06357751572557468,-0.14758662018435142
0.8707999999999991,8.707999999999991e-07,-0.039456808947252675,-0.1457133850437069
0.8715999999999973,8.715999999999972e-07,-0.01463138157941346,-0.14404647648989188
0.872399999999999,8.723999999999989e-07,-0.06382585131185659,-0.1425893125626958
0.8731999999999971,8.731999999999971e-07,-0.012735292491892203,-0.1413434973276666
0.8739999999999988,8.739999999999987e-07,-0.044972204774143876,-0.14030883341317324
0.8747999999999969,8.747999999999969e-07,0.013376260009980712,-0.1394833424304398
0.8755999999999986,8.755999999999985e-07,0.006168474967792825,-0.13886329330888003
0.8763999999999967,8.763999999999967e-07,-0.04252440621426423,-0.13844323861599728
0.8771999999999984,8.771999999999984e-07,-0.05101075066542293,-0.1382160588979202
0.8780000000000001,8.780000000000001e-07,-0.03915211088655557,-0.1381730149940239
0.8787999999999982,8.787999999999983e-07,-0.04560940396198232,-0.1383038082273842
0.8795999999999999,8.795999999999999e-07,-0.0239302541920976,-0.13859664842225605
0.8803999999999981,8.803999999999981e-07,-0.025958737736737625,-0.1390383298436202
0.8811999999999998,8.811999999999997e-07,-0.0046391358169097785,-0.13961431532682766
0.8819999999999979,8.819999999999979e-07,-0.06928015579894531,-0.1403088290051726
0.8827999999999996,8.827999999999995e-07,-0.011555462243812098,-0.1411049581271846
0.8835999999999977,8.835999999999977e-07,-0.007393712954634868,-0.14198476450350173
0.8843999999999994,8.843999999999993e-07,0.006370850665397221,-0.14292940616583572
0.8851999999999975,8.851999999999975e-07,-0.011627901024314546,-0.14391926984776315
0.8859999999999992,8.859999999999992e-07,-0.05502232569711696,-0.14493411486125884
0.8867999999999974,8.867999999999974e-07,-0.00787298364649125,-0.14595322882820483
0.8875999999999991,8.87599999999999e-07,-0.016166787154690887,-0.14695559558454452
0.8883999999999972,8.883999999999972e-07,-0.010963466602124772,-0.1479200754670149
0.8891999999999989,8.891999999999988e-07,-0.0128236190670461,-0.14882559811711094
0.889999999999997,8.89999999999997e-07,-0.033751520525642675,-0.14965136784724775
0.8907999999999987,8.907999999999986e-07,-0.012445914394755064,-0.15037708148410855
0.8915999999999968,8.915999999999968e-07,-0.04542934612090699,-0.150983158453748
0.8923999999999985,8.923999999999984e-07,-0.008034505344674425,-0.15145098273453605
0.8931999999999967,8.931999999999966e-07,0.003922295762990746,-0.15176315619064473
0.8939999999999984,8.939999999999983e-07,-0.011023422279742068,-0.1519037626947668
0.8947999999999965,8.947999999999965e-07,-0.030261771383715885,-0.15185864231752655
0.8955999999999982,8.955999999999981e-07,0.007656219456903646,-0.15161567467559678
0.8963999999999999,8.963999999999998e-07,-0.02626684048920236,-0.15116507030305248
0.8972000000000016,8.972000000000015e-07,-0.041025502796889324,-0.15049966867791387
0.8979999999999997,8.979999999999996e-07,0.012659056317578354,-0.14961524132275095
0.8988000000000014,8.988000000000014e-07,0.011357611219985575,-0.1485107982112952
0.8995999999999995,8.995999999999995e-07,0.025401150352418522,-0.1471888955400682
0.9003999999999976,9.003999999999976e-07,-0.024659373156291853,-0.14565594272155113
0.9011999999999993,9.011999999999993e-07,0.033790089817306246,-0.14392250617823965
0.9019999999999975,9.019999999999975e-07,-0.004095936923575572,-0.1420036071734505
0.9027999999999992,9.027999999999991e-07,0.003965418791993525,-0.13991901055594624
0.9035999999999973,9.035999999999973e-07,0.01968394665901574,-0.13769350095560462
0.904399999999999,9.043999999999989e-07,-0.017718648354713373,-0.13535714265008902
0.9051999999999971,9.051999999999971e-07,-0.018708397497639417,-0.13294551902950058
0.9059999999999988,9.059999999999987e-07,0.006882841801521433,-0.13049994733359327
0.9067999999999969,9.067999999999969e-07,-0.025215811495038043,-0.1280676641477565
0.9075999999999986,9.075999999999986e-07,-0.003715395391608478,-0.12570197703198804
0.9083999999999968,9.083999999999967e-07,-0.006154115540371485,-0.12346237760927448
0.9091999999999985,9.091999999999984e-07,-0.04346214242850399,-0.1214146114353154
0.9099999999999966,9.099999999999966e-07,-0.00378915834573057,-0.11963070000323706
0.9107999999999983,9.107999999999982e-07,-0.05533042844958169,-0.11818891031507084
0.9115999999999964,9.115999999999964e-07,-0.05814704178207064,-0.1171736675945807
0.9123999999999981,9.12399999999998e-07,-0.010235860323985158,-0.1166754069411966
0.9131999999999962,9.131999999999962e-07,-0.022331676759870245,-0.11679036003935606
0.9139999999999979,9.139999999999978e-07,-0.05499925149705964,-0.117620273420453
0.9147999999999996,9.147999999999996e-07,-0.0672807994943696,-0.1192720551771127
0.9156000000000013,9.156000000000012e-07,-0.0950408618400087,-0.1218573474265141
0.9163999999999994,9.163999999999994e-07,-0.04117132750864361,-0.12549202225297362
0.9172000000000011,9.17200000000001e-07,-0.10014999358663701,-0.1302955993919208
0.9179999999999993,9.179999999999992e-07,-0.09754010549748138,-0.13639058455355046
0.918800000000001,9.18800000000001e-07,-0.10041705382724508,-0.14390172797917833
0.9195999999999991,9.19599999999999e-07,-0.11413698173221931,-0.15295520354529124
0.9204000000000008,9.204000000000008e-07,-0.127210820550673,-0.1636777094831725
0.9211999999999989,9.211999999999989e-07,-0.14395881589785686,-0.17619549256903078
0.921999999999997,9.21999999999997e-07,-0.15318108869574454,-0.1906332984491219
0.9227999999999987,9.227999999999987e-07,-0.14805436795897542,-0.207113251586589
0.9235999999999969,9.235999999999969e-07,-0.2586231008881721,-0.22575366914750905
0.9243999999999986,9.243999999999985e-07,-0.22532248799843835,-0.24666781398248272
0.9251999999999967,9.251999999999967e-07,-0.30284726569277254,-0.26996259273117973
0.9259999999999984,9.259999999999983e-07,-0.3147149838827561,-0.2957372060342722
0.9267999999999965,9.267999999999965e-07,-0.31424800778134854,-0.3240817589197462
0.9275999999999982,9.275999999999981e-07,-0.3948099313280098,-0.3550758406272996
0.9283999999999963,9.283999999999963e-07,-0.3747040157627146,-0.3887870843965442
0.929199999999998,9.29199999999998e-07,-0.43005864623495027,-0.4252697190222081
0.9299999999999962,9.299999999999961e-07,-0.42182044885863856,-0.4645631252385143
0.9307999999999979,9.307999999999978e-07,-0.47260630961790584,-0.5066904112054993
0.931599999999996,9.31599999999996e-07,-0.49748583043157923,-0.5516570224907578
0.9323999999999977,9.323999999999976e-07,-0.5601581340351571,-0.5994494029308663
0.9331999999999994,9.331999999999993e-07,-0.5207041697871668,-0.6500337236037788
0.934000000000001,9.34000000000001e-07,-0.5952748315068477,-0.7033546978514154
0.9347999999999992,9.347999999999992e-07,-0.5817792201331371,-0.759334500843845
0.9356000000000009,9.356000000000008e-07,-0.6440857343352149,-0.8178718125170712
0.936399999999999,9.36399999999999e-07,-0.6738476128232351,-0.8788410027860301
0.9372000000000007,9.372000000000006e-07,-0.6947129102569733,-0.9420914777100768
0.9379999999999988,9.379999999999988e-07,-0.72130354494027,-1.0074472047789271
0.9388000000000005,9.388000000000004e-07,-0.7196402829650377,-1.0747064346963073
0.9395999999999987,9.395999999999986e-07,-0.81595402265408,-1.143641635937827
0.9404000000000003,9.404000000000003e-07,-0.7580428411959947,-1.2139996568993325
0.9411999999999985,9.411999999999984e-07,-0.8307951493051373,-1.285502128596696
0.9420000000000002,9.420000000000002e-07,-0.8569893546618146,-1.3578461186138906
0.9427999999999983,9.427999999999983e-07,-0.89036770302953,-1.430705044308627
0.9436,9.436e-07,-0.8999542525428637,-1.5037298501617151
0.9443999999999981,9.443999999999981e-07,-1.057160336387561,-1.5765504506114096
0.9451999999999963,9.451999999999963e-07,-1.155819175250521,-1.6487774357933906
0.945999999999998,9.459999999999979e-07,-1.3384462776047366,-1.7200040334163753
0.9467999999999961,9.467999999999961e-07,-1.5044295989815741,-1.789808315756808
0.9475999999999978,9.475999999999977e-07,-1.6594736691613274,-1.8577556367577692
0.9483999999999959,9.483999999999959e-07,-1.7659750324165078,-1.9234012807644518
0.9491999999999976,9.491999999999975e-07,-1.7975106288000084,-1.9862933017173803
0.9499999999999957,9.499999999999957e-07,-1.8284773037418784,-2.045975529689281
0.9507999999999974,9.507999999999974e-07,-1.8871991236535652,-2.1019907203428585
0.9515999999999991,9.515999999999991e-07,-1.9627114941093464,-2.1538838219314016
0.9524000000000008,9.524000000000007e-07,-1.9872925584137644,-2.2012053336058988
0.9531999999999989,9.531999999999989e-07,-2.0671043693133226,-2.2435147279104997
0.9540000000000006,9.540000000000005e-07,-2.1183152188071794,-2.280383909453886
0.9547999999999988,9.547999999999987e-07,-2.1131334597696148,-2.3114006808960523
0.9556000000000004,9.556000000000004e-07,-2.1840611727177763,-2.3361721866325293
0.9563999999999986,9.563999999999986e-07,-2.203387471373035,-2.3543283039056426
0.9572000000000003,9.572000000000001e-07,-2.2909039269987796,-2.3655249505195295
0.9579999999999984,9.579999999999983e-07,-2.3521669779337566,-2.369447277899409
0.9588000000000001,9.588e-07,-2.336715321794909,-2.365812717995199
0.9595999999999982,9.595999999999982e-07,-2.421419325123459,-2.354373852604799
0.9603999999999999,9.604e-07,-2.429948792602621,-2.3349210741745186
0.9611999999999981,9.61199999999998e-07,-2.462918607860492,-2.3072850080556875
0.9619999999999997,9.619999999999996e-07,-2.405974289856711,-2.2713386675658884
0.9627999999999979,9.627999999999978e-07,-2.410518472683568,-2.2269993150277365
0.9635999999999996,9.635999999999995e-07,-2.3915819847806157,-2.174230004211785
0.9643999999999977,9.643999999999977e-07,-2.32893483819203,-2.113040782220944
0.9651999999999994,9.651999999999992e-07,-2.2421227261329335,-2.0434895317515434
0.9659999999999975,9.659999999999974e-07,-2.2320313741876703,-1.965682437807799
0.9667999999999992,9.667999999999992e-07,-2.141874013523782,-1.8797740662901496
0.9675999999999974,9.675999999999973e-07,-2.072349691013437,-1.7859670453820393
0.9683999999999955,9.683999999999955e-07,-1.9846957350423167,-1.684511344319099
0.9691999999999972,9.691999999999972e-07,-1.8899854924601125,-1.5757031479633705
0.9699999999999953,9.699999999999954e-07,-1.7668023333835958,-1.4598833296302167
0.9708000000000006,9.708000000000005e-07,-1.6547040594076947,-1.3374355288031523
0.9715999999999987,9.715999999999987e-07,-1.5701644169347904,-1.208783844684648
0.9724000000000004,9.724000000000004e-07,-1.4947717716195972,-1.0743901609400743
0.9731999999999985,9.731999999999984e-07,-1.3038103933742078,-0.934751121506036
0.9740000000000002,9.740000000000001e-07,-1.1433982670621605,-0.7903947820048502
0.9747999999999983,9.747999999999983e-07,-0.8360573312193265,-0.6418769661539813
0.9756,9.756e-07,-0.5567631874720297,-0.48977736146384754
0.9763999999999982,9.763999999999982e-07,-0.3512865651284123,-0.33469539319114466
0.9771999999999998,9.771999999999997e-07,-0.1679647700436347,-0.1772459195953106
0.977999999999998,9.779999999999979e-07,0.21264273407204698,-0.01805479476353916
0.9787999999999997,9.787999999999996e-07,0.4788261575233295,0.14224565245808252
0.9795999999999978,9.795999999999978e-07,0.6651695899863403,0.30302117355648883
0.9803999999999995,9.803999999999995e-07,0.7777560245551813,0.46364013924806835
0.9811999999999976,9.811999999999975e-07,1.0239311259378743,0.6234780126325153
0.9819999999999993,9.819999999999992e-07,1.412288289813758,0.7819217086028666
0.9827999999999975,9.827999999999974e-07,1.6532192166444635,0.9383737936930926
0.9835999999999991,9.835999999999991e-07,1.758598622514245,1.0922564833207542
0.9843999999999973,9.843999999999973e-07,1.890614055124907,1.2430153969480686
0.985199999999999,9.851999999999988e-07,2.028978028384026,1.3901230361561583
0.9859999999999971,9.85999999999997e-07,2.188842606258009,1.5330819557904733
0.9867999999999988,9.867999999999988e-07,2.2790828082871357,1.67142760379464
0.9875999999999969,9.87599999999997e-07,2.346888451201795,1.8047308108204612
0.9883999999999986,9.883999999999987e-07,2.417850585789712,1.9325999160696021
0.9891999999999967,9.891999999999966e-07,2.5319508644194295,2.054682521006608
0.9899999999999984,9.899999999999984e-07,2.5649511287941955,2.1706668674600755
0.9908000000000001,9.908000000000001e-07,2.6483438499737204,2.2802828410921756
0.9915999999999983,9.915999999999983e-07,2.743147147996466,2.3833026052299813
0.9924,9.923999999999998e-07,2.8056514975421956,2.4795408736284434
0.9931999999999981,9.93199999999998e-07,2.8495386208647018,2.568854833909157
0.9939999999999998,9.939999999999997e-07,2.8869735570020394,2.651143736241608
0.9947999999999979,9.947999999999979e-07,2.961118094322946,2.7263481643412955
0.9955999999999996,9.955999999999996e-07,2.954749316334108,2.794449008046079
0.9963999999999977,9.963999999999978e-07,3.0568634781046615,2.8554661585749423
0.9971999999999994,9.971999999999993e-07,3.056608521647279,2.909456949074193
0.9979999999999976,9.979999999999975e-07,3.0996519090510484,2.956514364251699
0.9987999999999992,9.987999999999992e-07,3.12996644186639,2.996765043842367
0.9995999999999974,9.995999999999974e-07,3.0779536553071796,3.0303671053803707
1.000399999999999,1.000399999999999e-06,3.0947498795716237,3.0575078122829704
1.0011999999999972,1.001199999999997e-06,3.090037365663049,3.0784011135391287
1.001999999999999,1.0019999999999988e-06,3.150570350482081,3.0932850812827395
1.002799999999997,1.002799999999997e-06,3.116129814191937,3.1024192721924297
1.0035999999999987,1.0035999999999987e-06,3.111734481446944,3.1060820380596663
1.0043999999999969,1.004399999999997e-06,3.0638959272807953,3.1045678101097205
1.0051999999999985,1.0051999999999984e-06,3.109159014998544,3.0981843808001033
1.0059999999999967,1.0059999999999966e-06,3.0385700447289663,3.087250205837814
1.0067999999999984,1.0067999999999983e-06,3.0285813921686655,3.0720917480210264
1.0075999999999965,1.0075999999999965e-06,2.986256909654787,3.0530408832321956
1.0083999999999982,1.008399999999998e-06,2.9721933216944088,3.030432387506217
1.0091999999999999,1.0091999999999998e-06,2.953288418570537,3.004601522566744
1.0100000000000016,1.0100000000000016e-06,2.9218298013214907,2.975881735569234
1.0107999999999997,1.0107999999999997e-06,2.8589399905691835,2.9446024870461516
1.0116000000000014,1.0116000000000012e-06,2.8124535702546933,2.9110872192603416
1.0123999999999995,1.0123999999999994e-06,2.847399288297426,2.8756514753444424
1.0131999999999977,1.0131999999999976e-06,2.8206208415365577,2.8386011777189384
1.0139999999999993,1.0139999999999993e-06,2.794323745984695,2.800231072359888
1.0147999999999975,1.0147999999999975e-06,2.6890158317436645,2.7608233436205003
1.0155999999999992,1.0155999999999992e-06,2.6973457603858972,2.720646402581849
1.0163999999999973,1.0163999999999972e-06,2.6498035822118564,2.6799538503003277
1.017199999999999,1.017199999999999e-06,2.6355758242050533,2.638983615744909
1.0179999999999971,1.017999999999997e-06,2.611537390960878,2.597957266630255
1.0187999999999988,1.0187999999999988e-06,2.5773945548374617,2.557079489793006
1.019599999999997,1.019599999999997e-06,2.543261364956255,2.516537736298707
1.0203999999999986,1.0203999999999985e-06,2.5356070296644773,2.4765020251455603
1.0211999999999968,1.0211999999999967e-06,2.537001907225481,2.4371248982541296
1.0219999999999985,1.0219999999999984e-06,2.4710100775654067,2.3985415184021823
1.0227999999999966,1.0227999999999966e-06,2.4529343467412406,2.360869900902176
1.0235999999999983,1.0235999999999983e-06,2.470252208384019,2.324211269142685
1.0243999999999964,1.0243999999999963e-06,2.378879269360885,2.2886505236098653
1.0251999999999981,1.025199999999998e-06,2.381674321178374,2.2542568136418195
1.0259999999999962,1.0259999999999962e-06,2.349865234491386,2.2210842009276774
1.026799999999998,1.026799999999998e-06,2.2811349040006754,2.189172403620243
1.0275999999999996,1.0275999999999995e-06,2.342610353898336,2.158547609850054
1.0284000000000013,1.0284000000000012e-06,2.313969674155399,2.129223349390709
1.0291999999999994,1.0291999999999994e-06,2.2700751736182645,2.1012014122558553
1.0300000000000011,1.0300000000000011e-06,2.2720849325085766,2.074472803169743
1.0307999999999993,1.0307999999999993e-06,2.261568212507066,2.0490187211939506
1.031600000000001,1.0316000000000008e-06,2.182165125525575,2.0248115543012055
1.032399999999999,1.032399999999999e-06,2.213351953668626,2.0018158793115104
1.0332000000000008,1.0332000000000008e-06,2.1424993278492064,1.9799894582950461
1.033999999999999,1.033999999999999e-06,2.164833833629164,1.9592842232571526
1.034799999999997,1.034799999999997e-06,2.0757396057426654,1.9396472416222594
1.0355999999999987,1.0355999999999986e-06,2.1145175973195447,1.921021655714418
1.0363999999999969,1.0363999999999968e-06,2.0347243225628784,1.9033475900828019
1.0371999999999986,1.0371999999999985e-06,2.064873928989269,1.8865630211240414
1.0379999999999967,1.0379999999999967e-06,2.0332755400684763,1.8706046040000208
1.0387999999999984,1.0387999999999984e-06,2.101920569356142,1.855408452354622
1.0395999999999965,1.0395999999999966e-06,2.0504216659387677,1.8409108668426963
1.0403999999999982,1.0403999999999981e-06,2.013164516316135,1.8270490090752394
1.0411999999999964,1.0411999999999963e-06,1.9746796845510315,1.8137615183153706
1.041999999999998,1.041999999999998e-06,1.9160494073948313,1.8009890691019792
1.0427999999999962,1.0427999999999962e-06,1.945361519452928,1.7886748688077958
1.0435999999999979,1.0435999999999977e-06,1.9490364323241853,1.7767650948259446
1.044399999999996,1.0443999999999959e-06,1.928881529201314,1.7652092715870236
1.0451999999999977,1.0451999999999976e-06,1.8987612385264225,1.7539605880102078
1.0459999999999994,1.0459999999999994e-06,1.895808446725388,1.7429761563891444
1.046800000000001,1.046800000000001e-06,1.8999474988373795,1.7322172141471088
1.0475999999999992,1.047599999999999e-06,1.8476381477756263,1.7216492703393196
1.0484000000000009,1.0484000000000008e-06,1.8251576287724798,1.7112421992011462
1.049199999999999,1.049199999999999e-06,1.7374094816976329,1.7009702834191027
1.0500000000000007,1.0500000000000007e-06,1.8568738485303609,1.6908122100922482
1.0507999999999988,1.050799999999999e-06,1.844037186369924,1.6807510224948476
1.0516000000000005,1.0516000000000004e-06,1.8098275851863561,1.67077403076035
1.0523999999999987,1.0523999999999986e-06,1.7801517642439078,1.6608726846069617
1.0532000000000004,1.0532000000000004e-06,1.7624911874006872,1.6510424113393762
1.0539999999999985,1.0539999999999985e-06,1.7105930177960182,1.6412824225767193
1.0548000000000002,1.0548e-06,1.7488887133099307,1.6315954933518704
1.0555999999999983,1.0555999999999982e-06,1.7328683242418852,1.6219877173021695
1.0564,1.0564e-06,1.7553558411390013,1.6124682416200544
1.0571999999999981,1.0571999999999981e-06,1.679889242060463,1.6030489853232854
1.0579999999999963,1.0579999999999963e-06,1.705611363130687,1.5937443443170731
1.058799999999998,1.058799999999998e-06,1.6777232558726585,1.5845708866751256
1.059599999999996,1.059599999999996e-06,1.6456601598790406,1.5755470415182518
1.0603999999999978,1.0603999999999977e-06,1.6697099405629148,1.5666927847659315
1.061199999999996,1.0611999999999959e-06,1.6507583212078383,1.5580293248625532
1.0619999999999976,1.0619999999999976e-06,1.6501852387329126,1.5495787913513404
1.0627999999999957,1.0627999999999958e-06,1.6301657577350577,1.5413639289165335
1.0635999999999974,1.0635999999999973e-06,1.6553675656015696,1.5334077992707478
1.0643999999999956,1.0643999999999955e-06,1.6359998474115858,1.5257334930466744
1.0652000000000008,1.0652000000000008e-06,1.601139807594767,1.5183638536645683
1.065999999999999,1.065999999999999e-06,1.6042978119530802,1.5113212149914799
1.0668000000000006,1.0668000000000005e-06,1.6229678074475156,1.5046271544707879
1.0675999999999988,1.0675999999999987e-06,1.5790377496074406,1.498302263249554
1.0684000000000005,1.0684000000000004e-06,1.5905568903651965,1.492365934651097
1.0691999999999986,1.0691999999999986e-06,1.5628789130412684,1.4868361721434389
1.0700000000000003,1.0700000000000001e-06,1.6113728232184896,1.481729417748256
1.0707999999999984,1.0707999999999983e-06,1.5955701298106084,1.4770604016137652
1.0716,1.0716e-06,1.583103606596402,1.4728420132550277
1.0723999999999982,1.0723999999999982e-06,1.550984148128368,1.4690851947896273
1.0732,1.0732e-06,1.5629277097906216,1.465798856383819
1.073999999999998,1.073999999999998e-06,1.5722876737431086,1.4629898140333708
1.0747999999999998,1.0747999999999996e-06,1.5828685104555316,1.4606627496779168
1.075599999999998,1.0755999999999978e-06,1.5642249938529202,1.458820193481734
1.0763999999999996,1.0763999999999996e-06,1.5399783226803558,1.4574625279518898
1.0771999999999977,1.0771999999999977e-06,1.5632490519884978,1.4565880134381137
1.0779999999999994,1.0779999999999993e-06,1.5302092577869306,1.4561928344460808
1.0787999999999975,1.0787999999999974e-06,1.6189626624786984,1.456271166053479
1.0795999999999992,1.0795999999999992e-06,1.5345255308793222,1.4568152595384247
1.0803999999999974,1.0803999999999973e-06,1.5465706585611412,1.457815546152283
1.0811999999999955,1.0811999999999955e-06,1.5543049983594832,1.459260757829656
1.0819999999999972,1.0819999999999972e-06,1.5732150073706124,1.4611380635079536
1.0827999999999953,1.0827999999999954e-06,1.6021679509003093,1.4634332195805873
1.083599999999997,1.083599999999997e-06,1.579735472302989,1.4661307328333688
1.0843999999999987,1.0843999999999987e-06,1.6107420540935293,1.469214034074024
1.0852000000000004,1.0852000000000004e-06,1.625031091952569,1.4726656606130675
1.0859999999999985,1.0859999999999984e-06,1.5746853513800163,1.4764674457952665
1.0868000000000002,1.0868000000000001e-06,1.571086281980027,1.4806007138876418
1.0875999999999983,1.0875999999999983e-06,1.6176012617034883,1.4850464787573143
1.0884,1.0884e-06,1.6095718700886579,1.4897856448603912
1.0891999999999982,1.0891999999999982e-06,1.6601353063213744,1.494799209080766
1.0899999999999999,1.0899999999999997e-06,1.5738206217783692,1.5000684619462987
1.090799999999998,1.0907999999999979e-06,1.6483441879451877,1.5055751867777372
1.0915999999999997,1.0915999999999996e-06,1.6139159462464936,1.511301855404898
1.0923999999999978,1.0923999999999978e-06,1.6044877045477994,1.5172318191649823
1.0931999999999995,1.0931999999999995e-06,1.637205400208963,1.5233494939322711
1.0939999999999976,1.0939999999999975e-06,1.6614624739672634,1.5296405379058533
1.0947999999999993,1.0947999999999992e-06,1.683174344179414,1.5360920208184146
1.0955999999999975,1.0955999999999974e-06,1.636557609923952,1.542692583165861
1.0963999999999992,1.0963999999999992e-06,1.6759406480774954,1.5494325840477656
1.0971999999999973,1.0971999999999973e-06,1.6940033279666844,1.556304236264312
1.097999999999999,1.0979999999999988e-06,1.6830801553734758,1.5633017273974175
1.0987999999999971,1.098799999999997e-06,1.734923475188784,1.570421325681861
1.0995999999999988,1.0995999999999988e-06,1.6676196093349458,1.5776614695632403
1.100399999999997,1.100399999999997e-06,1.7070943787544106,1.5850228399673214
1.1011999999999986,1.1011999999999987e-06,1.6920463383485842,1.5925084144538628
1.1019999999999968,1.1019999999999966e-06,1.7798656000293134,1.6001235025498195
1.1027999999999984,1.1027999999999984e-06,1.6874908080810278,1.607875761626787
1.1036000000000001,1.1036000000000001e-06,1.747110834380155,1.6157751927365491
1.1043999999999983,1.1043999999999983e-06,1.7225740287669256,1.6238341158886498
1.1052,1.1051999999999998e-06,1.7667072186471322,1.632067124336447
1.105999999999998,1.105999999999998e-06,1.7815012497473255,1.6404910174950404
1.1067999999999998,1.1067999999999997e-06,1.7647067266803713,1.649124712145893
1.107599999999998,1.1075999999999979e-06,1.822624529009556,1.6579891316324105
1.1083999999999996,1.1083999999999996e-06,1.814640340939877,1.6671070728548427
1.1091999999999977,1.1091999999999978e-06,1.8432344929620434,1.6765030510411991
1.1099999999999994,1.1099999999999993e-06,1.7983846672195267,1.6862031225052112
1.1107999999999976,1.1107999999999975e-06,1.8633992308395593,1.6962346858988293
1.1115999999999993,1.1115999999999992e-06,1.830197914940808,1.706626262795779
1.1123999999999974,1.1123999999999974e-06,1.8756075837138395,1.7174072587611295
1.113199999999999,1.113199999999999e-06,1.855741113834143,1.7286077063510925
1.1139999999999972,1.113999999999997e-06,1.8663531583037773,1.7402579917573684
1.114799999999999,1.1147999999999988e-06,1.8965791760325308,1.7523885670685808
1.115599999999997,1.115599999999997e-06,1.8556136367538465,1.7650296503564085
1.1163999999999987,1.1163999999999987e-06,1.8988090904208121,1.778210915988832
1.1171999999999969,1.117199999999997e-06,1.8879284730245147,1.7919611777126692
1.1179999999999986,1.1179999999999984e-06,1.9309701592317938,1.8063080671188918
1.1187999999999967,1.1187999999999966e-06,1.9153482800075148,1.8212777101057647
1.1195999999999984,1.1195999999999984e-06,1.9071900871367684,1.8368944039061241
1.1203999999999965,1.1203999999999965e-06,1.9475927580148293,1.8531802971635867
1.1211999999999982,1.121199999999998e-06,1.940398023907619,1.8701550754155272
1.1219999999999999,1.1219999999999998e-06,1.9829939162078354,1.8878356541415533
1.1228000000000016,1.1228000000000016e-06,2.0045179743424133,1.9062358812649531
1.1235999999999997,1.1235999999999997e-06,2.039600627197218,1.925366250687484
1.1244000000000014,1.1244000000000013e-06,2.0227022690811154,1.9452336281430336
1.1251999999999995,1.1251999999999994e-06,2.0982641926277767,1.9658409904064262
1.1259999999999977,1.1259999999999976e-06,2.068842192480525,1.9871871786951334
1.1267999999999994,1.1267999999999993e-06,2.1408941295458783,2.009266666938414
1.1275999999999975,1.1275999999999975e-06,2.156011583360096,2.0320693454486487
1.1283999999999992,1.1283999999999992e-06,2.162820670047083,2.055580320418454
1.1291999999999973,1.1291999999999972e-06,2.212727426095107,2.0797797295974867
1.129999999999999,1.129999999999999e-06,2.1973170009805494,2.1046425744778166
1.1307999999999971,1.130799999999997e-06,2.2758914834944264,2.13013856932028
1.1315999999999988,1.1315999999999988e-06,2.3006055100880567,2.156232007364577
1.132399999999997,1.132399999999997e-06,2.3401496929149137,2.182881644584898
1.1331999999999987,1.1331999999999985e-06,2.3645480510310164,2.2100406014161367
1.1339999999999968,1.1339999999999967e-06,2.351387777644122,2.2376562830244744
1.1347999999999985,1.1347999999999984e-06,2.441880099270956,2.2656703189321674
1.1355999999999966,1.1355999999999966e-06,2.415026944701004,2.2940185230859966
1.1363999999999983,1.1363999999999983e-06,2.490887324756921,2.322630875735679
1.1371999999999964,1.1371999999999963e-06,2.457142053622308,2.3514315287515632
1.1379999999999981,1.137999999999998e-06,2.502276907917233,2.380338836267647
1.1387999999999963,1.1387999999999962e-06,2.4666368718697202,2.4092654127700692
1.139599999999998,1.139599999999998e-06,2.554339815399416,2.438118220913065
1.1403999999999996,1.1403999999999995e-06,2.5415385220294864,2.4667986913799442
1.1412000000000013,1.1412000000000012e-06,2.608846360406185,2.495202877000957
1.1419999999999995,1.1419999999999994e-06,2.5951442123005752,2.5232216431328136
1.1428000000000011,1.1428000000000012e-06,2.623769004248861,2.5507408960557023
1.1435999999999993,1.1435999999999993e-06,2.617568936660399,2.57764185087977
1.144400000000001,1.1444000000000009e-06,2.6896764798566406,2.6038013401508966
1.145199999999999,1.145199999999999e-06,2.665169557827003,2.629092163965266
1.1460000000000008,1.1460000000000008e-06,2.7023869891113996,2.6533834819305864
1.146799999999999,1.146799999999999e-06,2.7359907873767764,2.6765412467694123
1.147599999999997,1.147599999999997e-06,2.7316578701472047,2.6984286787697846
1.1483999999999988,1.1483999999999986e-06,2.7651253014326023,2.7189067796588833
1.149199999999997,1.1491999999999968e-06,2.813747824352305,2.7378348838138713
1.1499999999999986,1.1499999999999985e-06,2.856846629376528,2.7550712440473397
1.1507999999999967,1.1507999999999967e-06,2.89256912976641,2.7704736485508596
1.1515999999999984,1.1515999999999984e-06,2.8933822257600283,2.7839000650169075
1.1523999999999965,1.1523999999999966e-06,2.92954371067344,2.7952093075549627
1.1531999999999982,1.1531999999999981e-06,2.93180029246498,2.80426172179123
1.1539999999999964,1.1539999999999963e-06,2.9839863274807312,2.8109198834611195
1.154799999999998,1.154799999999998e-06,3.016381168257964,2.815049305833943
1.1555999999999962,1.1555999999999962e-06,3.0408710691285528,2.8165191514561427
1.1563999999999979,1.1563999999999977e-06,3.0394158565702742,2.8152029440117134
1.157199999999996,1.1571999999999959e-06,2.9812285364604634,2.8109792766258996
1.1579999999999977,1.1579999999999976e-06,2.9557999545226714,2.8037325136714286
1.1587999999999994,1.1587999999999994e-06,2.933347050073534,2.7933534839766185
1.159600000000001,1.159600000000001e-06,2.873481148025931,2.7797401641293016
1.1603999999999992,1.160399999999999e-06,2.8336381316659502,2.7627983511911762
1.161200000000001,1.1612000000000008e-06,2.8333549951192545,2.7424423245230054
1.161999999999999,1.161999999999999e-06,2.7481329499133613,2.7185954965615253
1.1628000000000007,1.1628000000000008e-06,2.652652922877977,2.691191052297227
1.1635999999999989,1.163599999999999e-06,2.5733935800910936,2.6601725768866697
1.1644000000000005,1.1644000000000004e-06,2.534375574996522,2.6254946702520474
1.1651999999999987,1.1651999999999986e-06,2.515226120297795,2.5871235465858744
1.1660000000000004,1.1660000000000004e-06,2.481058697288267,2.5450376153467875
1.1667999999999985,1.1667999999999985e-06,2.4797633052316814,2.4992280386865904
1.1676000000000002,1.1676e-06,2.409916884179933,2.4496992584649626
1.1683999999999983,1.1683999999999982e-06,2.425638816738723,2.396469484258117
1.1692,1.1692e-06,2.4308877201570978,2.3395711321605526
1.1699999999999982,1.1699999999999981e-06,2.356195066566034,2.279051202780339
1.1707999999999963,1.1707999999999963e-06,2.355327500103714,2.214971585703804
1.171599999999998,1.171599999999998e-06,2.401460425609154,2.1474092769213464
1.1723999999999961,1.172399999999996e-06,2.4452541164692496,2.0764564953117364
1.1731999999999978,1.1731999999999977e-06,2.3935622950860456,2.002220684352089
1.173999999999996,1.1739999999999959e-06,2.3792585050955393,1.9248243858971457
1.1747999999999976,1.1747999999999976e-06,2.3286810730748835,1.8444049742877207
1.1755999999999958,1.1755999999999958e-06,2.3493625309529103,1.761114241211819
1.1763999999999974,1.1763999999999973e-06,2.220588132579234,1.6751178245508753
1.1771999999999956,1.1771999999999955e-06,2.112119756439875,1.5865944777913694
1.1780000000000008,1.1780000000000008e-06,1.9178980514730795,1.4957351803738188
1.178799999999999,1.178799999999999e-06,1.8284208245135982,1.4027420934167472
1.1796000000000006,1.1796000000000005e-06,1.674446698790558,1.307827369321222
1.1803999999999988,1.1803999999999987e-06,1.551633490149836,1.2112118275669563
1.1812000000000005,1.1812000000000004e-06,1.3473582595683007,1.1131235124108447
1.1819999999999986,1.1819999999999986e-06,1.156448326420504,1.0137961511579676
1.1828000000000003,1.1828000000000003e-06,1.0500194042436146,0.913467534157364
1.1835999999999984,1.1835999999999983e-06,0.9009047505052998,0.8123778395918128
1.1844000000000001,1.1844e-06,0.7761222576540288,0.7107679274113582
1.1851999999999983,1.1851999999999982e-06,0.48966420823677503,0.6088776274305755
1.186,1.186e-06,0.34969957702828114,0.5069440467434772
1.186799999999998,1.1867999999999981e-06,0.26725858785123646,0.4051999211981959
1.1875999999999998,1.1875999999999996e-06,0.104869611602877,0.30387203461295
1.188399999999998,1.1883999999999978e-06,0.011459678455080335,0.20317972766281894
1.1891999999999996,1.1891999999999996e-06,-0.08530306902317053,0.10333351604488594
1.1899999999999977,1.1899999999999977e-06,-0.19110878780219143,0.004533834837026796
1.1907999999999994,1.1907999999999995e-06,-0.2623073427049686,-0.09303007694018306
1.1915999999999976,1.1915999999999974e-06,-0.32681294056098664,-0.1891811405655349
1.1923999999999957,1.1923999999999956e-06,-0.3883831470959779,-0.2837552427080956
1.1931999999999974,1.1931999999999973e-06,-0.4747118274276219,-0.37660187637804726
1.1939999999999955,1.1939999999999955e-06,-0.5686539890509237,-0.4675846155563306
1.1947999999999972,1.1947999999999972e-06,-0.6275787501941186,-0.5565814239205781
1.1955999999999953,1.1955999999999954e-06,-0.6999264954194874,-0.6434848004819957
1.196399999999997,1.196399999999997e-06,-0.7407036547899071,-0.7282017671823802
1.1971999999999987,1.1971999999999987e-06,-0.8421429795531339,-0.810653705587409
1.1980000000000004,1.1980000000000004e-06,-0.8553908231720548,-0.8907760517276786
1.1987999999999985,1.1987999999999986e-06,-0.9326447566146552,-0.9685178598511827
1.1996000000000002,1.1996000000000001e-06,-0.9250885826516746,-1.043841247341965
1.2003999999999984,1.2003999999999983e-06,-1.023435911773614,-1.1167207343071073
1.2012,1.2012e-06,-1.0304999526211944,-1.1871424922981322
1.2019999999999982,1.2019999999999982e-06,-1.0553915772180937,-1.2551035172788092
1.2027999999999999,1.2027999999999997e-06,-1.1368755376957789,-1.3206107422721152
1.203599999999998,1.2035999999999979e-06,-1.208426074722181,-1.3836801051243635
1.2043999999999997,1.2043999999999996e-06,-1.2232356142953689,-1.4443355865395011
1.2051999999999978,1.2051999999999978e-06,-1.2846136592077584,-1.5026082330218913
1.2059999999999995,1.2059999999999995e-06,-1.3274094673677732,-1.5585351786978412
1.2067999999999977,1.2067999999999975e-06,-1.3691270113002734,-1.6121586792010303
1.2075999999999993,1.2075999999999992e-06,-1.4040123943457308,-1.6635251698977525
1.2083999999999975,1.2083999999999974e-06,-1.4697526722391892,-1.7126843596873151
1.2091999999999992,1.2091999999999992e-06,-1.4791712676946736,-1.7596883704506194
1.2099999999999973,1.2099999999999973e-06,-1.5812449547854641,-1.8045909309533423
1.210799999999999,1.2107999999999989e-06,-1.6084168032050523,-1.847446632664956
1.2115999999999971,1.211599999999997e-06,-1.666587479177684,-1.8883102535729734
1.2123999999999988,1.2123999999999988e-06,-1.6804488799518946,-1.9272361547079915
1.213199999999997,1.213199999999997e-06,-1.7213213637910374,-1.9642777527890949
1.2139999999999986,1.2139999999999987e-06,-1.7732121561810779,-1.999487071146543
1.2147999999999968,1.2147999999999966e-06,-1.832120841018586,-2.0329143698436667
1.2155999999999985,1.2155999999999984e-06,-1.8422093561051747,-2.064607854686388
1.2164000000000001,1.2164000000000001e-06,-1.8957715440276026,-2.09461346360495
1.2171999999999983,1.2171999999999983e-06,-1.947325674256207,-2.122974727759327
1.218,1.2179999999999998e-06,-1.95439595665523,-2.1497327036741307
1.218799999999998,1.218799999999998e-06,-2.054076127143408,-2.174925971752109
1.2195999999999998,1.2195999999999997e-06,-2.0564391923313363,-2.198590695661145
1.220399999999998,1.2203999999999979e-06,-2.11325338490758,-2.220760736368626
1.2211999999999996,1.2211999999999996e-06,-2.1115006606950084,-2.241467814042254
1.2219999999999978,1.2219999999999978e-06,-2.1228314215431,-2.2607417106579106
1.2227999999999994,1.2227999999999993e-06,-2.2257857260301885,-2.278610505921195
1.2235999999999976,1.2235999999999975e-06,-2.2426661158344916,-2.2951008389713596
1.2243999999999993,1.2243999999999992e-06,-2.2442389707184227,-2.3102381882904006
1.2251999999999974,1.2251999999999974e-06,-2.2726398254541023,-2.3240471623416568
1.225999999999999,1.225999999999999e-06,-2.289547261981322,-2.336551793755252
1.2267999999999972,1.226799999999997e-06,-2.314244832949207,-2.347775830332247
1.227599999999999,1.2275999999999988e-06,-2.3414577238806515,-2.357743016691311
1.228399999999997,1.228399999999997e-06,-2.3027655990401215,-2.3664773610011727
1.2291999999999987,1.2291999999999988e-06,-2.3443481001672626,-2.3740033819312383
1.2299999999999969,1.229999999999997e-06,-2.3613578590575757,-2.3803463316989437
1.2307999999999986,1.2307999999999984e-06,-2.3187578057230644,-2.385532391861506
1.2315999999999967,1.2315999999999966e-06,-2.3877192598317856,-2.3895888392699147
1.2323999999999984,1.2323999999999984e-06,-2.3406200387041336,-2.3925441803769507
1.2331999999999965,1.2331999999999965e-06,-2.3045538782588455,-2.3944282528730736
1.2339999999999982,1.233999999999998e-06,-2.32141195020562,-2.395272294398727
1.2348,1.2347999999999998e-06,-2.330011019605609,-2.395108978805694
1.2356000000000016,1.2356000000000016e-06,-2.297504210223074,-2.3939724210604414
1.2363999999999997,1.2363999999999997e-06,-2.33341981709022,-2.3918981523849023
1.2372000000000014,1.2372000000000013e-06,-2.2724960766659184,-2.3889230676526134
1.2379999999999995,1.2379999999999994e-06,-2.270476860043831,-2.385085347439307
1.2387999999999977,1.2387999999999976e-06,-2.2626409542259225,-2.38042435746475
1.2395999999999994,1.2395999999999993e-06,-2.2672855674111596,-2.374980528423317
1.2403999999999975,1.2403999999999975e-06,-2.2086080061906617,-2.3687952193574793
1.2411999999999992,1.2411999999999992e-06,-2.2362388879627257,-2.3619105677848227
1.2419999999999973,1.2419999999999972e-06,-2.2023275547769776,-2.3543693297625
1.242799999999999,1.242799999999999e-06,-2.1996176133533116,-2.346214712966903
1.2435999999999972,1.243599999999997e-06,-2.2234553720963723,-2.3374902056830704
1.2443999999999988,1.2443999999999988e-06,-2.1776666744774307,-2.328239404360855
1.245199999999997,1.245199999999997e-06,-2.1783719628990412,-2.3185058421411706
1.2459999999999987,1.2459999999999985e-06,-2.171414782471718,-2.3083328205130034
1.2467999999999968,1.2467999999999967e-06,-2.118404304021649,-2.297763246028686
1.2475999999999985,1.2475999999999984e-06,-2.1703798297836414,-2.286839473756456
1.2483999999999966,1.2483999999999966e-06,-2.165020281934584,-2.275603158865818
1.2491999999999983,1.2491999999999983e-06,-2.161808751961531,-2.2640951174372637
1.2499999999999964,1.2499999999999963e-06,-2.121296192994315,-2.2523551973194786
1.2507999999999981,1.250799999999998e-06,-2.0988018667146644,-2.2404221596820237
1.2515999999999963,1.2515999999999962e-06,-2.099173329835514,-2.228333571825274
1.252399999999998,1.252399999999998e-06,-2.052793392917412,-2.216125711741326
1.2531999999999996,1.2531999999999995e-06,-2.0843042116065784,-2.2038334847980465
1.2540000000000013,1.2540000000000012e-06,-2.0548746457342646,-2.1914903527233403
1.2547999999999995,1.2547999999999994e-06,-2.0431442393782215,-2.1791282748229284
1.2556000000000012,1.2556000000000012e-06,-2.0733146509760867,-2.1667776611139145
1.2563999999999993,1.2563999999999993e-06,-2.0308125704589397,-2.154467336834249
1.257200000000001,1.2572000000000009e-06,-2.042360459137102,-2.1422245176191574
1.2579999999999991,1.257999999999999e-06,-2.0408935198194658,-2.1300747945347562
1.2588000000000008,1.2588000000000008e-06,-2.028076338655884,-2.1180421281309987
1.259599999999999,1.259599999999999e-06,-1.9928495645836037,-2.106148850716445
1.260399999999997,1.260399999999997e-06,-1.999400290121441,-2.0944156761572668
1.2611999999999988,1.2611999999999986e-06,-1.9782768223477754,-2.0828617166416166
1.261999999999997,1.2619999999999968e-06,-1.9208144601678636,-2.0715045059930275
1.2627999999999986,1.2627999999999985e-06,-1.916306970306133,-2.0603600292279407
1.2635999999999967,1.2635999999999967e-06,-1.9325465677203957,-2.04944275810023
1.2643999999999984,1.2643999999999984e-06,-1.9468545187441972,-2.0387656923305713
1.2651999999999965,1.2651999999999966e-06,-1.912108528050829,-2.0283404060929797
1.2659999999999982,1.2659999999999981e-06,-1.8864310426946622,-2.0181770991958476
1.2667999999999964,1.2667999999999963e-06,-1.9039338795543375,-2.0082846523186233
1.267599999999998,1.267599999999998e-06,-1.8963915128688618,-1.998670685646228
1.2683999999999962,1.2683999999999962e-06,-1.8816044796636373,-1.9893416202387588
1.2691999999999979,1.2691999999999977e-06,-1.8839403096172143,-1.9803027414711463
1.269999999999996,1.2699999999999959e-06,-1.8549468914087544,-1.9715582638987144
1.2707999999999977,1.2707999999999976e-06,-1.8807719026731649,-1.9631113969625262
1.2715999999999994,1.2715999999999994e-06,-1.8035557955623878,-1.9549644110303845
1.272400000000001,1.272400000000001e-06,-1.8408957865502595,-1.9471187033542225
1.2731999999999992,1.273199999999999e-06,-1.8510523908706207,-1.9395748635897487
1.274000000000001,1.2740000000000008e-06,-1.8216833485070163,-1.9323327385537996
1.274799999999999,1.274799999999999e-06,-1.811604856686507,-1.9253914959036615
1.2756000000000007,1.2756000000000008e-06,-1.773052315007289,-1.918749686447305
1.2763999999999989,1.276399999999999e-06,-1.7577122481550853,-1.9124053048370762
1.2772000000000006,1.2772000000000005e-06,-1.8335365030769684,-1.9063558484100431
1.2779999999999987,1.2779999999999986e-06,-1.8257889238332135,-1.9005983738710068
1.2788000000000004,1.2788000000000004e-06,-1.8138934025777858,-1.8951295514063096
1.2795999999999985,1.2795999999999985e-06,-1.747615599511342,-1.8899457157751653
1.2804000000000002,1.2804e-06,-1.7916453313662697,-1.8850429140186151
1.2811999999999983,1.2811999999999982e-06,-1.7695328707932063,-1.8804169496044207
1.282,1.282e-06,-1.7871817208760703,-1.8760634229838262
1.2827999999999982,1.2827999999999981e-06,-1.7177313498322817,-1.8719777686298251
1.2835999999999963,1.2835999999999963e-06,-1.7841733229441488,-1.868155288684945
1.284399999999998,1.284399999999998e-06,-1.761835412472424,-1.864591183393183
1.2851999999999961,1.285199999999996e-06,-1.7699266517715844,-1.8612805785220505
1.2859999999999978,1.2859999999999977e-06,-1.7620754259901166,-1.8582185500113282
1.286799999999996,1.2867999999999959e-06,-1.7176765000429217,-1.8554001461522227
1.2875999999999976,1.2875999999999976e-06,-1.7145691844386743,-1.8528204077095922
1.2883999999999958,1.2883999999999958e-06,-1.7169210906983383,-1.8504743865001536
1.2891999999999975,1.2891999999999973e-06,-1.7388207729890608,-1.8483571629631623
1.2899999999999956,1.2899999999999955e-06,-1.7341859945584681,-1.8464638631828374
1.2908000000000008,1.2908000000000008e-06,-1.7232705762017564,-1.8447896756863091
1.291599999999999,1.291599999999999e-06,-1.7296743436624424,-1.8433298682167287
1.2924000000000007,1.2924000000000005e-06,-1.7352190552408318,-1.842079804603922
1.2931999999999988,1.2931999999999987e-06,-1.7065526529495982,-1.8410349618140982
1.2940000000000005,1.2940000000000004e-06,-1.7440706212603976,-1.8401909472325244
1.2947999999999986,1.2947999999999986e-06,-1.7346486211131462,-1.8395435162074005
1.2956000000000003,1.2956000000000004e-06,-1.714151382109489,-1.839088589860966
1.2963999999999984,1.2963999999999983e-06,-1.6842264692382314,-1.8388222731629063
1.2972000000000001,1.2972e-06,-1.7957630104756939,-1.838740873257715
1.2979999999999983,1.2979999999999982e-06,-1.7182380442699252,-1.8388409180221637
1.2988,1.2988e-06,-1.7309126169020854,-1.8391191748065774
1.299599999999998,1.2995999999999981e-06,-1.7512965631258195,-1.8395726693300065
1.3003999999999998,1.3003999999999997e-06,-1.7152364557205386,-1.8401987047793862
1.301199999999998,1.3011999999999978e-06,-1.7185141829226507,-1.840994881271854
1.3019999999999996,1.3019999999999996e-06,-1.7254549077242294,-1.8419591159294884
1.3027999999999977,1.3027999999999977e-06,-1.7156149167353578,-1.843089663861085
1.3035999999999994,1.3035999999999995e-06,-1.6865560576403655,-1.844385140336553
1.3043999999999976,1.3043999999999974e-06,-1.706668782589196,-1.8458445443733482
1.3051999999999957,1.3051999999999956e-06,-1.7211038336714248,-1.847467283827232
1.3059999999999974,1.3059999999999973e-06,-1.7629917892007902,-1.8492532018889347
1.3067999999999955,1.3067999999999955e-06,-1.729179185174933,-1.8512026046634005
1.3075999999999972,1.3075999999999972e-06,-1.7899185182144295,-1.853316289319844
1.3083999999999953,1.3083999999999954e-06,-1.7685487953706296,-1.8555955722147888
1.309199999999997,1.309199999999997e-06,-1.6943454357385037,-1.8580423164243587
1.3099999999999987,1.3099999999999987e-06,-1.7214439005236282,-1.8606589582416568
1.3108000000000004,1.3108000000000004e-06,-1.7502899813352788,-1.8634485323184449
1.3115999999999985,1.3115999999999986e-06,-1.692233542996532,-1.8664146951591793
1.3124000000000002,1.3124000000000001e-06,-1.7442979631637712,-1.8695617465667516
1.3131999999999984,1.3131999999999983e-06,-1.7387072916967035,-1.872894648429497
1.314,1.314e-06,-1.7843278467473622,-1.8764190399856377
1.3147999999999982,1.3147999999999982e-06,-1.7962727325832353,-1.8801412484511273
1.3155999999999999,1.3155999999999997e-06,-1.7923822045679612,-1.8840682937076232
1.316399999999998,1.3163999999999979e-06,-1.8396977971821564,-1.8882078856803524
1.3171999999999997,1.3171999999999996e-06,-1.7421665894249452,-1.8925684131149094
1.3179999999999978,1.3179999999999978e-06,-1.7718624591953407,-1.8971589226555026
1.3187999999999995,1.3187999999999996e-06,-1.7842455732122158,-1.9019890873532284
1.3195999999999977,1.3195999999999977e-06,-1.7976596673943073,-1.907069163891709
1.3203999999999994,1.3203999999999993e-06,-1.8084073225023936,-1.9124099378578547
1.3211999999999975,1.3211999999999974e-06,-1.8114679218744352,-1.9180226563468825
1.3219999999999992,1.3219999999999992e-06,-1.8660949460685308,-1.9239189471550218
1.3227999999999973,1.3227999999999973e-06,-1.8687863513483052,-1.930110723836849
1.323599999999999,1.3235999999999989e-06,-1.8297581321794316,-1.9366100760153662
1.3243999999999971,1.324399999999997e-06,-1.8086284228543243,-1.943429144545902
1.3251999999999988,1.3251999999999988e-06,-1.9161331517197118,-1.9505799814199607
1.325999999999997,1.325999999999997e-06,-1.8612040778141588,-1.9580743945752788
1.3267999999999986,1.3267999999999987e-06,-1.869328793898113,-1.965923778009412
1.3275999999999968,1.3275999999999968e-06,-1.8993217960041426,-1.9741389278126347
1.3283999999999985,1.3283999999999984e-06,-1.8693446816927646,-1.982729844986029
1.3292000000000002,1.3292000000000001e-06,-1.8686407174457742,-1.9917055261752654
1.3299999999999983,1.3299999999999983e-06,-1.9557983815649886,-2.0010737436840325
1.3308,1.3307999999999998e-06,-1.907688985443594,-2.0108408163140714
1.3315999999999981,1.331599999999998e-06,-1.9681188915560062,-2.0210113727358503
1.3323999999999998,1.3323999999999997e-06,-1.9370795893222,-2.0315881092800465
1.333199999999998,1.3331999999999979e-06,-1.9301019830430606,-2.0425715442930983
1.3339999999999996,1.3339999999999996e-06,-1.9069091777243343,-2.053959771497432
1.3347999999999978,1.3347999999999978e-06,-1.9382369132013166,-2.0657482150637536
1.3355999999999995,1.3355999999999993e-06,-1.9333398033965024,-2.0779293892558615
1.3363999999999976,1.3363999999999975e-06,-1.9269958031019991,-2.0904926655035343
1.3371999999999993,1.3371999999999992e-06,-2.0545854538507724,-2.103424049612728
1.3379999999999974,1.3379999999999974e-06,-2.009578455955803,-2.1167059715987406
1.338799999999999,1.338799999999999e-06,-2.0061929211826826,-2.130317090417905
1.3395999999999972,1.339599999999997e-06,-2.050070209751545,-2.1442321157617688
1.340399999999999,1.3403999999999988e-06,-2.0497431938333186,-2.1584216490814114
1.341199999999997,1.341199999999997e-06,-2.05382569496046,-2.1728520460664345
1.3419999999999987,1.3419999999999988e-06,-2.0489571445636168,-2.187485302848809
1.3427999999999969,1.342799999999997e-06,-2.0963096186543733,-2.2022789682146726
1.3435999999999986,1.3435999999999985e-06,-2.0634797658764725,-2.2171860840771345
1.3443999999999967,1.3443999999999966e-06,-2.0926386783059754,-2.2321551563766113
1.3451999999999984,1.3451999999999984e-06,-2.1254628573635266,-2.2471301584295706
1.3459999999999965,1.3459999999999965e-06,-2.139176543718058,-2.262050568548899
1.3467999999999982,1.346799999999998e-06,-2.103857282037329,-2.2768514435248024
1.3476,1.3475999999999998e-06,-2.147494557088499,-2.291463529306289
1.3484000000000016,1.3484000000000016e-06,-2.170285827192349,-2.3058134099625303
1.3491999999999997,1.3491999999999997e-06,-2.1771062613190355,-2.3198236957047436
1.3500000000000014,1.3500000000000013e-06,-2.177314122225554,-2.333413250403531
1.3507999999999996,1.3507999999999994e-06,-2.1736127304624726,-2.3464974586712044
1.3515999999999977,1.3515999999999976e-06,-2.1851819921432014,-2.358988532209426
1.3523999999999994,1.3523999999999993e-06,-2.2316962155241358,-2.3707958547224988
1.3531999999999975,1.3531999999999975e-06,-2.2151957994207057,-2.3818263642349526
1.3539999999999992,1.3539999999999992e-06,-2.267921060806932,-2.3919849711423304
1.3547999999999973,1.3547999999999972e-06,-2.2546002105758163,-2.40117500981769
1.355599999999999,1.355599999999999e-06,-2.2832554539387853,-2.4092987211400203
1.3563999999999972,1.356399999999997e-06,-2.2604299507066137,-2.41625776292175
1.3571999999999989,1.3571999999999988e-06,-2.2882435386669933,-2.42195374488173
1.357999999999997,1.357999999999997e-06,-2.2926681871634855,-2.4262887845122245
1.3587999999999987,1.3587999999999985e-06,-2.271215055122354,-2.4291660798973043
1.3595999999999968,1.3595999999999967e-06,-2.3865398020119977,-2.4304904952482693
1.3603999999999985,1.3603999999999984e-06,-2.390085913628339,-2.430169154654083
1.3611999999999966,1.3611999999999966e-06,-2.369258821846781,-2.428112039371066
1.3619999999999983,1.3619999999999984e-06,-2.330951022550643,-2.4242325839954026
1.3627999999999965,1.3627999999999963e-06,-2.2934531030677903,-2.418448267117607
1.3635999999999981,1.363599999999998e-06,-2.3533471875014955,-2.4106811924604576
1.3643999999999963,1.3643999999999962e-06,-2.2751689458028013,-2.400858656890397
1.365199999999998,1.365199999999998e-06,-2.2957573482412865,-2.3889137019750724
1.3659999999999997,1.3659999999999995e-06,-2.2685431331362222,-2.3747856459536534
1.3668000000000013,1.3668000000000013e-06,-2.2414959249372557,-2.3584205931378657
1.3675999999999995,1.3675999999999994e-06,-2.262039123830591,-2.3397719178859404
1.3684000000000012,1.3684000000000012e-06,-2.196135432234236,-2.31880072039111
1.3691999999999993,1.3691999999999993e-06,-2.106711351569837,-2.29547625161148
1.370000000000001,1.3700000000000009e-06,-2.1357484606383927,-2.269776304732903
1.3707999999999991,1.370799999999999e-06,-2.0743566084494987,-2.2416875705477173
1.3716000000000008,1.3716000000000008e-06,-2.116914106587099,-2.2112059539856643
1.372399999999999,1.372399999999999e-06,-2.0608776412129672,-2.178336848758158
1.373199999999997,1.373199999999997e-06,-1.9892255381669992,-2.143095366771153
1.3739999999999988,1.3739999999999986e-06,-1.9908454886017939,-2.105506518724784
1.374799999999997,1.3747999999999968e-06,-1.9442113538666255,-2.065605342166506
1.3755999999999986,1.3755999999999985e-06,-1.878803009268215,-2.023436973149548
1.3763999999999967,1.3763999999999967e-06,-1.9072545527589602,-1.9790566575318531
1.3771999999999984,1.3771999999999984e-06,-1.836992977727266,-1.9325296978422795
1.3779999999999966,1.3779999999999966e-06,-1.7949762209429836,-1.8839313315789448
1.3787999999999982,1.3787999999999981e-06,-1.8096686860216118,-1.83334653683329
1.3795999999999964,1.3795999999999963e-06,-1.7710800192083598,-1.7808697612893245
1.380399999999998,1.380399999999998e-06,-1.7519598802611305,-1.726604570961388
1.3811999999999962,1.3811999999999962e-06,-1.7486598352024894,-1.6706632155531798
1.381999999999998,1.3819999999999977e-06,-1.6998477990077245,-1.6131661081085125
1.382799999999996,1.3827999999999959e-06,-1.6830816468383063,-1.5542412177259814
1.3835999999999977,1.3835999999999976e-06,-1.6397711991939277,-1.494023375539387
1.3843999999999994,1.3843999999999994e-06,-1.547685029000253,-1.4326534959109887
1.385200000000001,1.385200000000001e-06,-1.4476437979769625,-1.370277716803345
1.3859999999999992,1.385999999999999e-06,-1.340988101727792,-1.307046465498296
1.386800000000001,1.3868000000000009e-06,-1.2430916724011738,-1.2431134580705925
1.387599999999999,1.387599999999999e-06,-1.1379246654950763,-1.1786346431219403
1.3884000000000007,1.3884000000000008e-06,-1.0346459934390015,-1.1137671020952946
1.3891999999999989,1.389199999999999e-06,-0.9205648164864803,-1.0486679199440263
1.3900000000000006,1.3900000000000005e-06,-0.8302650358036054,-0.9834930410009308
1.3907999999999987,1.3907999999999986e-06,-0.7297377247049227,-0.9183961255697485
1.3916000000000004,1.3916000000000004e-06,-0.6585028561560474,-0.8535274230470686
1.3923999999999985,1.3923999999999985e-06,-0.46118575085679725,-0.7890326772909161
1.3932000000000002,1.3932e-06,-0.37690976393273434,-0.7250520795005513
1.3939999999999984,1.3939999999999982e-06,-0.3573659604255353,-0.6617192830369616
1.3948,1.3948e-06,-0.3126322643226169,-0.5991604933428119
1.3955999999999982,1.3955999999999981e-06,-0.24032839846907866,-0.5374936444352348
1.3963999999999963,1.3963999999999963e-06,-0.1775499907884705,-0.4768276715048305
1.397199999999998,1.397199999999998e-06,-0.15283161464911135,-0.41726188716265145
1.3979999999999961,1.397999999999996e-06,-0.11259368164856638,-0.35888546694375967
1.3987999999999978,1.3987999999999977e-06,-0.019553131104471627,-0.3017770478195693
1.399599999999996,1.3995999999999959e-06,0.04404593829521708,-0.2460044416968314
1.4003999999999976,1.4003999999999976e-06,-0.002361045345201568,-0.19162446419048712
1.4011999999999958,1.4011999999999958e-06,0.07621305784871815,-0.13868287732881995
1.4019999999999975,1.4019999999999973e-06,0.12707703110783683,-0.08721444328304795
1.4027999999999956,1.4027999999999955e-06,0.14543551915834063,-0.03724308476999555
1.4036000000000008,1.4036000000000008e-06,0.19308588192725923,0.0112178534886615
1.404399999999999,1.404399999999999e-06,0.20584537644220574,0.058165248964403726
1.4052000000000007,1.4052000000000005e-06,0.2677333319721713,0.10360575885520273
1.4059999999999988,1.4059999999999987e-06,0.2593033499958278,0.14755529946757498
1.4068000000000005,1.4068000000000004e-06,0.29248726541447145,0.19003845665243774
1.4075999999999986,1.4075999999999986e-06,0.3170575478135243,0.23108783703537736
1.4084000000000003,1.4084000000000004e-06,0.372623064563388,0.27074337014535865
1.4091999999999985,1.4091999999999983e-06,0.39271990171790633,0.30905157172693304
1.4100000000000001,1.41e-06,0.3679419469241293,0.3460647785396
1.4107999999999983,1.4107999999999982e-06,0.39479094045978647,0.3818403648388522
1.4116,1.4116e-06,0.3966656565440702,0.41643995049062
1.412399999999998,1.4123999999999981e-06,0.4806751510589867,0.4499286102351887
1.4131999999999998,1.4131999999999997e-06,0.5374496252972947,0.48237409294559086
1.413999999999998,1.4139999999999978e-06,0.5375854244461813,0.5138460588683235
1.4147999999999996,1.4147999999999996e-06,0.6100986638918933,0.5444153419200388
1.4155999999999977,1.4155999999999977e-06,0.5865151029665985,0.5741532432590646
1.4163999999999994,1.4163999999999995e-06,0.6105656399930007,0.6031308615847776
1.4171999999999976,1.4171999999999974e-06,0.7066119401210768,0.6314184648933658
1.4179999999999957,1.4179999999999956e-06,0.6740716539524484,0.6590849076751831
1.4187999999999974,1.4187999999999973e-06,0.7490926476353573,0.6861970967614197
1.4195999999999955,1.4195999999999955e-06,0.8053475650124796,0.7128195082533978
1.4203999999999972,1.4203999999999972e-06,0.8223620527685799,0.7390137572477009
1.4211999999999954,1.4211999999999954e-06,0.7613439327291173,0.7648382214404643
1.421999999999997,1.421999999999997e-06,0.8497440311225695,0.7903477191605555
1.4227999999999987,1.4227999999999987e-06,0.8737724388031776,0.8155932418917883
1.4236000000000004,1.4236000000000004e-06,0.9225738839004706,0.8406217408117174
1.4243999999999986,1.4243999999999986e-06,0.9351151149234611,0.865475966275494
1.4252000000000002,1.4252000000000001e-06,0.9803057638610081,0.8901943585786615
1.4259999999999984,1.4259999999999983e-06,0.9888499834719363,0.9148109878191254
1.4268,1.4268e-06,1.0523022833059086,0.9393555402595731
1.4275999999999982,1.4275999999999982e-06,1.022001934790941,0.9638533482433256
1.4284,1.4283999999999997e-06,1.1167187982442457,0.9883254604195516
1.429199999999998,1.429199999999998e-06,1.1600578052975954,1.01278874878088
1.4299999999999997,1.4299999999999996e-06,1.1580544764701592,1.0372560488175162
1.4307999999999979,1.4307999999999978e-06,1.1815688124981967,1.0617363289830912
1.4315999999999995,1.4315999999999996e-06,1.1976888755810946,1.0862348856803468
1.4323999999999977,1.4323999999999977e-06,1.23767639247821,1.1107535600838414
1.4331999999999994,1.4331999999999993e-06,1.1941957217474009,1.1352909732495067
1.4339999999999975,1.4339999999999974e-06,1.270310111109949,1.1598427760571184
1.4347999999999992,1.4347999999999992e-06,1.3103505857897124,1.184401910563934
1.4355999999999973,1.4355999999999973e-06,1.399173592401307,1.208958879315384
1.436399999999999,1.4363999999999989e-06,1.3403269437585632,1.2335020191137116
1.4371999999999971,1.437199999999997e-06,1.403896885917488,1.2580177757869144
1.4379999999999988,1.4379999999999988e-06,1.447141324845242,1.2824909766877506
1.438799999999997,1.438799999999997e-06,1.4631201035703378,1.306905097950545
1.4395999999999987,1.4395999999999987e-06,1.4361252853229267,1.3312425238769992
1.4403999999999968,1.4403999999999968e-06,1.5347355136511798,1.355484796187595
1.4411999999999985,1.4411999999999984e-06,1.509563021536167,1.3796128512550931
1.4420000000000002,1.4420000000000001e-06,1.5361678405198371,1.4036072438095055
1.4427999999999983,1.4427999999999983e-06,1.505656037896148,1.427448355956972
1.4436,1.4435999999999998e-06,1.575367416141538,1.4511165906791583
1.4443999999999981,1.444399999999998e-06,1.5940763736296824,1.474592549237336
1.4451999999999998,1.4451999999999997e-06,1.6530622261130798,1.4978571920623542
1.445999999999998,1.4459999999999979e-06,1.673341957968008,1.5208919828024257
1.4467999999999996,1.4467999999999996e-06,1.6834149645796022,1.543679015315718
1.4475999999999978,1.4475999999999978e-06,1.6939229831918658,1.5662011236050004
1.4483999999999995,1.4483999999999993e-06,1.7044947414931715,1.588441974995662
1.4491999999999976,1.4491999999999975e-06,1.6504033504673483,1.610386147191646
1.4499999999999993,1.4499999999999992e-06,1.7567479185929442,1.6320191901177687
1.4507999999999974,1.4507999999999974e-06,1.754697494213645,1.6533276735986955
1.4515999999999991,1.451599999999999e-06,1.780233883723445,1.6742992219184094
1.4523999999999972,1.452399999999997e-06,1.7846140850163135,1.694922536209669
1.453199999999999,1.4531999999999989e-06,1.8023610964289756,1.7151874055251792
1.453999999999997,1.453999999999997e-06,1.8761493020801563,1.7350847073708708
1.4547999999999988,1.4547999999999988e-06,1.866239897682893,1.7546063984169606
1.455599999999997,1.455599999999997e-06,1.8526249404892519,1.7737454960437258
1.4563999999999986,1.4563999999999985e-06,1.9323535307029132,1.7924960513552257
1.4571999999999967,1.4571999999999966e-06,1.8941915538217406,1.810853114310229
1.4579999999999984,1.4579999999999984e-06,1.9758727841077726,1.8288126916447163
1.4587999999999965,1.4587999999999965e-06,1.9718300013188677,1.8463716982795568
1.4595999999999982,1.459599999999998e-06,1.9655557914556259,1.863527902943416
1.4604,1.4603999999999998e-06,1.9861519481316081,1.8802798688202098
1.4612000000000016,1.4612000000000016e-06,1.9948790624429869,1.8966268901422072
1.4619999999999997,1.4619999999999997e-06,1.9989524851580103,1.9125689257480472
1.4628000000000014,1.4628000000000013e-06,2.0702707629042174,1.9281065306659513
1.4635999999999996,1.4635999999999994e-06,2.0455143696241125,1.9432407867643429
1.4643999999999977,1.4643999999999976e-06,2.0528613585069535,1.9579732334740463
1.4651999999999994,1.4651999999999993e-06,2.050483161866901,1.9723057995693059
1.4659999999999975,1.4659999999999975e-06,2.0922576361059093,1.9862407369959143
1.4667999999999992,1.4667999999999992e-06,2.11353619551388,1.9997805577084182
1.4675999999999974,1.4675999999999972e-06,2.0825394484779842,2.0129279743974218
1.468399999999999,1.468399999999999e-06,2.110225936380936,2.025685845875309
1.4691999999999972,1.469199999999997e-06,2.0997203753086904,2.0380571277694433
1.4699999999999989,1.4699999999999988e-06,2.156097663877552,2.050044829027523
1.470799999999997,1.470799999999997e-06,2.147335937117195,2.0616519745388944
1.4715999999999987,1.4715999999999985e-06,2.191718218927211,2.072881573930434
1.4723999999999968,1.4723999999999967e-06,2.155729793958905,2.083736596359052
1.4731999999999985,1.4731999999999984e-06,2.2303785681784376,2.094219950938843
1.4739999999999966,1.4739999999999966e-06,2.2381575436908383,2.1043344723161317
1.4747999999999983,1.4747999999999984e-06,2.224504948676109,2.114082910834039
1.4755999999999965,1.4755999999999963e-06,2.230316152664014,2.123467926720771
1.4763999999999982,1.476399999999998e-06,2.206690036541109,2.132492087798436
1.4771999999999963,1.4771999999999962e-06,2.271770608878766,2.141157870300808
1.477999999999998,1.477999999999998e-06,2.241813920419204,2.149467662442223
1.4787999999999997,1.4787999999999995e-06,2.240380269375927,2.157423770368912
1.4796000000000014,1.4796000000000013e-06,2.2991671508524876,2.1650284260746724
1.4803999999999995,1.4803999999999994e-06,2.2907065289506257,2.172283796807185
1.4812000000000012,1.4812000000000012e-06,2.2958457327912796,2.1791919954474452
1.4819999999999993,1.4819999999999993e-06,2.299220864978663,2.1857550913366017
1.482800000000001,1.4828000000000009e-06,2.3187569142493647,2.1919751210724088
1.4835999999999991,1.483599999999999e-06,2.3080342253470474,2.197854098889709
1.4844000000000008,1.4844000000000008e-06,2.3192146234272206,2.203394026346786
1.485199999999999,1.485199999999999e-06,2.2982173085592317,2.208596901144869
1.485999999999997,1.485999999999997e-06,2.3101294739518394,2.213464725000946
1.4867999999999988,1.4867999999999986e-06,2.3431692681534066,2.2179995105543733
1.487599999999997,1.4875999999999968e-06,2.343974798420963,2.222203287301652
1.4883999999999986,1.4883999999999985e-06,2.3110957695740506,2.2260781065394877
1.4891999999999967,1.4891999999999967e-06,2.3493129732674536,2.2296260452938643
1.4899999999999984,1.4899999999999984e-06,2.3210923648832837,2.232849209237747
1.4907999999999966,1.4907999999999966e-06,2.336873496776163,2.235749734626079
1.4915999999999983,1.4915999999999981e-06,2.35742993511491,2.238329789274632
1.4923999999999964,1.4923999999999963e-06,2.3324885666179074,2.2405915725780434
1.493199999999998,1.493199999999998e-06,2.377747304789926,2.242537314522467
1.4939999999999962,1.4939999999999962e-06,2.352246472583068,2.244169273623027
1.494799999999998,1.4947999999999977e-06,2.345777452748284,2.2454897337217794
1.495599999999996,1.495599999999996e-06,2.3484333007251172,2.246500999619996
1.4963999999999977,1.4963999999999976e-06,2.3589556944469785,2.247205391570965
1.4971999999999994,1.4971999999999994e-06,2.3627015334126833,2.2476052386974614
1.498000000000001,1.498000000000001e-06,2.294228428406937,2.2477028714087925
1.4987999999999992,1.498799999999999e-06,2.3719934081303986,2.247500612880991
1.499600000000001,1.4996000000000009e-06,2.4013632068375292,2.2470007696264327
1.500399999999999,1.500399999999999e-06,2.3537943612602295,2.2462056211147825
1.5012000000000008,1.5012000000000008e-06,2.346819591841766,2.2451174083616108
1.501999999999999,1.501999999999999e-06,2.358259484436485,2.2437383214361146
1.5028000000000006,1.5028000000000005e-06,2.333685229514602,2.242070485945563
1.5035999999999987,1.5035999999999986e-06,2.3753365762180425,2.2401159486576856
1.5044000000000004,1.5044000000000004e-06,2.327532634500873,2.2378766624783006
1.5051999999999985,1.5051999999999985e-06,2.3539328087583566,2.2353544710265645
1.5060000000000002,1.506e-06,2.3442403436787282,2.2325510930751946
1.5067999999999984,1.5067999999999982e-06,2.314793377325708,2.2294681071561255
1.5076,1.5076e-06,2.3315977351473074,2.226106936663064
1.5083999999999982,1.5083999999999981e-06,2.317904097621722,2.222468835796417
1.5091999999999963,1.5091999999999963e-06,2.3243975158301824,2.2185548766800536
1.509999999999998,1.509999999999998e-06,2.3483742899024627,2.2143659379337235
1.5107999999999961,1.510799999999996e-06,2.2984828538169975,2.2099026949331604
1.5115999999999978,1.5115999999999977e-06,2.297860406761626,2.205165611963743
1.512399999999996,1.5123999999999959e-06,2.363921838340527,2.2001549364823605
1.5131999999999977,1.5131999999999976e-06,2.2707123888846215,2.1948706957285467
1.5139999999999958,1.5139999999999958e-06,2.2751133953489644,2.1893126959581917
1.5147999999999975,1.5147999999999973e-06,2.2844151048223234,2.18348052461391
1.5155999999999956,1.5155999999999955e-06,2.269643959410751,2.1773735557730305
1.5164000000000009,1.5164000000000008e-06,2.2484189256165203,2.170990959184549
1.517199999999999,1.517199999999999e-06,2.284901941240243,2.1643317131115722
1.5180000000000007,1.5180000000000005e-06,2.266923994722006,2.1573946210694057
1.5187999999999988,1.5187999999999987e-06,2.196575605801213,2.150178332427525
1.5196000000000005,1.5196000000000005e-06,2.2698852971030634,2.142681366743799
1.5203999999999986,1.5203999999999986e-06,2.2267974624956706,2.1349021416113207
1.5212000000000003,1.5212000000000004e-06,2.2114893597442062,2.12683900369589
1.5219999999999985,1.5219999999999983e-06,2.2297523348138517,2.118490262523358
1.5228000000000002,1.5228e-06,2.1803993687553342,2.109854226462941
1.5235999999999983,1.5235999999999982e-06,2.244124970381658,2.1009292402525714
1.5244,1.5244e-06,2.1710254090139083,2.091713723318093
1.5251999999999981,1.5251999999999981e-06,2.2436706658945695,2.0822062080589827
1.5259999999999998,1.5259999999999997e-06,2.1635726930772066,2.0724053772368265
1.526799999999998,1.5267999999999978e-06,2.203044625635996,2.0623100996304258
1.5275999999999996,1.5275999999999996e-06,2.1991798201700186,2.0519194632142748
1.5283999999999978,1.5283999999999977e-06,2.1161275428655664,2.0412328052616173
1.5291999999999994,1.5291999999999995e-06,2.1457456771589802,2.030249738950743
1.5299999999999976,1.5299999999999974e-06,2.108265725987927,2.018970176232541
1.5307999999999957,1.5307999999999956e-06,2.133091153355767,2.0073943468505315
1.5315999999999974,1.5315999999999973e-06,2.099135940798488,1.9955228134631258
1.5323999999999955,1.5323999999999955e-06,2.1079256591357236,1.9833564828273276
1.5331999999999972,1.5331999999999972e-06,2.0631620794502137,1.9708966130155352
1.5339999999999954,1.5339999999999954e-06,2.120487506819053,1.958144816680446
1.534799999999997,1.534799999999997e-06,2.033930728241209,1.9451030604557302
1.5355999999999987,1.5355999999999987e-06,2.0374136680006,1.931773660678105
1.5364000000000004,1.5364000000000004e-06,2.04408998090981,1.9181592757365242
1.5371999999999986,1.5371999999999986e-06,1.9983888535224943,1.9042628954753396
1.5380000000000003,1.5380000000000001e-06,1.9683756140770825,1.890087828171343
1.5387999999999984,1.5387999999999983e-06,1.932930388001111,1.8756376856552563
1.5396,1.5396e-06,1.97342989603435,1.8609163671417224
1.5403999999999982,1.5403999999999982e-06,1.9230958822221544,1.845928042241714
1.5412,1.5411999999999997e-06,1.935277944715045,1.830677133459846
1.541999999999998,1.541999999999998e-06,1.945590964844332,1.815168298280441
1.5427999999999997,1.5427999999999997e-06,1.8970350184733462,1.7994064107846997
1.5435999999999979,1.5435999999999978e-06,1.8971358281513846,1.7833965426515264
1.5443999999999996,1.5443999999999996e-06,1.8476839444205417,1.7671439433781118
1.5451999999999977,1.5451999999999977e-06,1.931462315318078,1.7506540195867368
1.5459999999999994,1.5459999999999993e-06,1.8555219307555975,1.733932313330417
1.5467999999999975,1.5467999999999974e-06,1.8233544318827386,1.7169844793814188
1.5475999999999992,1.5475999999999992e-06,1.7765687987154661,1.6998162616228207
1.5483999999999973,1.5483999999999973e-06,1.7836646151513504,1.682433468853287
1.549199999999999,1.5491999999999989e-06,1.743845429334953,1.6648419504723673
1.5499999999999972,1.549999999999997e-06,1.748793227894833,1.647047572558897
1.5507999999999988,1.5507999999999988e-06,1.7236248968141146,1.629056194790841
1.551599999999997,1.551599999999997e-06,1.6777123153180784,1.6108736485361952
1.5523999999999987,1.5523999999999987e-06,1.7454674602868951,1.592505716316076
1.5531999999999968,1.5531999999999968e-06,1.6798226953739948,1.5739581127220625
1.5539999999999985,1.5539999999999984e-06,1.660032636797661,1.5552364667811325
1.5548000000000002,1.5548000000000001e-06,1.641654856261038,1.536346305735104
1.5555999999999983,1.5555999999999983e-06,1.649131025718454,1.5172930402434341
1.5564,1.5564e-06,1.6032566498735978,1.4980819510928605
1.5571999999999981,1.557199999999998e-06,1.5805966408614698,1.4787181775731932
1.5579999999999998,1.5579999999999997e-06,1.5489258131611752,1.4592067077552957
1.558799999999998,1.5587999999999979e-06,1.5487240052946638,1.4395523709804343
1.5595999999999997,1.5595999999999996e-06,1.5118292403817633,1.4197598329127739
1.5603999999999978,1.5603999999999978e-06,1.4716079515183977,1.3998335935012953
1.5611999999999995,1.5611999999999993e-06,1.463768452497287,1.3797779881499563
1.5619999999999976,1.5619999999999975e-06,1.4094118932365673,1.3595971923073624
1.5627999999999993,1.5627999999999993e-06,1.4233455442798444,1.339295229541729
1.5635999999999974,1.5635999999999974e-06,1.4176234232096199,1.3188759829490428
1.5643999999999991,1.5643999999999992e-06,1.4424584968206693,1.29834320947153
1.5651999999999973,1.565199999999997e-06,1.3978694897673203,1.2777005564438282
1.565999999999999,1.5659999999999989e-06,1.3500426623605284,1.2569515795207133
1.566799999999997,1.566799999999997e-06,1.3607199592052606,1.2360997611197486
1.5675999999999988,1.5675999999999988e-06,1.3467883886791305,1.215148528600852
1.568399999999997,1.568399999999997e-06,1.296636701735592,1.1941012715287518
1.5691999999999986,1.5691999999999985e-06,1.3103963479788021,1.1729613574872246
1.5699999999999967,1.5699999999999966e-06,1.2968772830843773,1.1517321460476344
1.5707999999999984,1.5707999999999984e-06,1.2260002588912815,1.1304170006554681
1.5715999999999966,1.5715999999999965e-06,1.2074547151060329,1.1090192983896254
1.5723999999999982,1.5723999999999983e-06,1.1675199674801304,1.0875424377512894
1.5732,1.5731999999999998e-06,1.153297506170808,1.065989844801037
1.5740000000000016,1.5740000000000016e-06,1.1415835554415097,1.0443649780272524
1.5747999999999998,1.5747999999999997e-06,1.1097833586542054,1.0226713322847178
1.5756000000000014,1.5756000000000013e-06,1.1091864456356955,1.0009124420301463
1.5763999999999996,1.5763999999999994e-06,1.0744820652852758,0.9790918839542788
1.5771999999999977,1.5771999999999976e-06,1.0672470450087372,0.9572132790021306
1.5779999999999994,1.5779999999999993e-06,1.0271642036424982,0.9352802936967304
1.5787999999999975,1.5787999999999975e-06,1.0319039527844243,0.9132966406362513
1.5795999999999992,1.5795999999999992e-06,1.0011491112719335,0.8912660780122531
1.5803999999999974,1.5803999999999974e-06,0.9677754917696051,0.869192407993032
1.581199999999999,1.581199999999999e-06,0.9399533932292015,0.8470794738318996
1.5819999999999972,1.581999999999997e-06,0.9381064802106913,0.824931155589775
1.5827999999999989,1.5827999999999988e-06,0.91897045346981,0.8027513643859469
1.583599999999997,1.583599999999997e-06,0.8972716341916367,0.7805440351010552
1.5843999999999987,1.5843999999999985e-06,0.8657997774961783,0.7583131174720239
1.5851999999999968,1.5851999999999967e-06,0.8357106945794972,0.7360625655667365
1.5859999999999985,1.5859999999999985e-06,0.8293568595303493,0.7137963257054395
1.5867999999999967,1.5867999999999966e-06,0.8206694635562066,0.6915183229799243
1.5875999999999983,1.5875999999999984e-06,0.7683767566306332,0.669232446594775
1.5883999999999965,1.5883999999999965e-06,0.7638573514981102,0.6469425343299524
1.5891999999999982,1.589199999999998e-06,0.7057557096132132,0.624652356516107
1.5899999999999963,1.5899999999999962e-06,0.7142844207498478,0.6023656000103371
1.590799999999998,1.590799999999998e-06,0.6340618077128621,0.5800858527266732
1.5915999999999997,1.5915999999999995e-06,0.6581030778157122,0.5578165892853648
1.5924000000000014,1.5924000000000013e-06,0.6235023440030054,0.5355611582878693
1.5931999999999995,1.5931999999999994e-06,0.6169198428758644,0.5133227716063036
1.5940000000000012,1.5940000000000012e-06,0.5948643126083086,0.49110449592589467
1.5947999999999993,1.5947999999999993e-06,0.5791107952697379,0.4689092466419801
1.595600000000001,1.5956000000000009e-06,0.5519731799791701,0.44673978412348647
1.5963999999999992,1.596399999999999e-06,0.4746617483995694,0.4245987123171383
1.5972000000000008,1.5972000000000008e-06,0.5071017927223525,0.4024884796554099
1.597999999999999,1.597999999999999e-06,0.4919103874418782,0.3804113822001562
1.5987999999999971,1.598799999999997e-06,0.47754966714616365,0.358369568871338
1.5995999999999988,1.5995999999999986e-06,0.41326327763636406,0.3363650485025978
1.600399999999997,1.6003999999999968e-06,0.4257541992249467,0.3143996983938402
1.6011999999999986,1.6011999999999985e-06,0.399454078301974,0.29247527401583606
1.6019999999999968,1.6019999999999967e-06,0.3523873891058533,0.27059341952783655
1.6027999999999984,1.6027999999999984e-06,0.3243823958646994,0.2487556787622529
1.6035999999999966,1.6035999999999966e-06,0.3578957870383743,0.22696350630236473
1.6043999999999983,1.6043999999999981e-06,0.3119455677219495,0.20521827822666977
1.6051999999999964,1.6051999999999963e-06,0.3260063188226542,0.183521302029382
1.605999999999998,1.605999999999998e-06,0.29701006375351946,0.1618738251998016
1.6067999999999962,1.6067999999999962e-06,0.23258182205482547,0.14027704200673696
1.607599999999998,1.6075999999999977e-06,0.20284339708681942,0.11873209819182112
1.608399999999996,1.608399999999996e-06,0.2228642022582935,0.0972400934711386
1.6091999999999977,1.6091999999999977e-06,0.19453068041355892,0.07580208190058302
1.6099999999999994,1.6099999999999994e-06,0.16677194224153968,0.054419070244553724
1.6108000000000011,1.610800000000001e-06,0.1539810514580472,0.0330920145406966
1.6115999999999993,1.611599999999999e-06,0.10882804034048843,0.011821815133342184
1.612400000000001,1.6124000000000009e-06,0.10124444263172228,-0.009390689435036903
1.613199999999999,1.613199999999999e-06,0.040337346344000324,-0.03054472916455575
1.6140000000000008,1.6140000000000008e-06,0.024817033139887257,-0.05163960937459444
1.614799999999999,1.614799999999999e-06,-0.00252371419111197,-0.07267471689814425
1.6156000000000006,1.6156000000000005e-06,0.020408840269840023,-0.09364952513994196
1.6163999999999987,1.6163999999999986e-06,0.001861215967444152,-0.11456359758991122
1.6172000000000004,1.6172000000000004e-06,-0.02735424744790871,-0.13541658955722155
1.6179999999999986,1.6179999999999985e-06,-0.07837331234166334,-0.15620824801581681
1.6188000000000002,1.6188e-06,-0.06069401084411874,-0.17693840949174172
1.6195999999999984,1.6195999999999982e-06,-0.11980563921066056,-0.19760699590853953
1.6204,1.6204e-06,-0.10643769342868181,-0.21821400829869594
1.6211999999999982,1.6211999999999981e-06,-0.08280533575466431,-0.2387595183101658
1.6219999999999963,1.6219999999999963e-06,-0.2114363692543918,-0.25924365746279243
1.622799999999998,1.622799999999998e-06,-0.1877733716546256,-0.2796666041020622
1.6235999999999962,1.623599999999996e-06,-0.23821859772989684,-0.3000285679589733
1.6243999999999978,1.6243999999999977e-06,-0.20903320640887013,-0.32032977221681536
1.625199999999996,1.6251999999999959e-06,-0.2443441460210095,-0.34057043306852564
1.6259999999999977,1.6259999999999976e-06,-0.2630128173408254,-0.3607507369034533
1.6267999999999958,1.6267999999999958e-06,-0.3266716539063968,-0.3808708154155477
1.6275999999999975,1.6275999999999973e-06,-0.25868141279670964,-0.4009307190348165
1.6283999999999956,1.6283999999999955e-06,-0.3417414443379585,-0.42093038916937775
1.6292000000000009,1.6292000000000009e-06,-0.36123020954536245,-0.44086962983118033
1.629999999999999,1.629999999999999e-06,-0.3659187021018304,-0.4607480792971734
1.6308000000000007,1.6308000000000005e-06,-0.3305152748808423,-0.4805651825221533
1.6315999999999988,1.6315999999999987e-06,-0.3699658344367652,-0.5003201650766993
1.6324000000000005,1.6324000000000005e-06,-0.4174297093024316,-0.5200120094084401
1.6331999999999987,1.6331999999999986e-06,-0.4412771142883025,-0.5396394341617221
1.6340000000000003,1.6340000000000004e-06,-0.4529800946007708,-0.5592008771356091
1.6347999999999985,1.6347999999999983e-06,-0.4151649939543366,-0.5786944822842505
1.6356000000000002,1.6356e-06,-0.47257326268841526,-0.5981180910240227
1.6363999999999983,1.6363999999999982e-06,-0.5245815088930734,-0.6174692379806088
1.6372,1.6372e-06,-0.5561152132708617,-0.6367451511280807
1.6379999999999981,1.6379999999999981e-06,-0.5871461934360782,-0.6559427560550376
1.6387999999999998,1.6387999999999997e-06,-0.5760785203050354,-0.67505868393356
1.639599999999998,1.6395999999999978e-06,-0.5861912452538656,-0.6940892827405725
1.6403999999999996,1.6403999999999996e-06,-0.6360766282993228,-0.7130306313709502
1.6411999999999978,1.6411999999999977e-06,-0.6226723688715757,-0.7318785564073889
1.6419999999999995,1.6419999999999995e-06,-0.6002461318259975,-0.7506286514095807
1.6427999999999976,1.6427999999999974e-06,-0.6832248346870623,-0.7692762986337847
1.6435999999999957,1.6435999999999956e-06,-0.6904458591750615,-0.7878166930843231
1.6443999999999974,1.6443999999999973e-06,-0.701064333707873,-0.8062448687278917
1.6451999999999956,1.6451999999999955e-06,-0.7095501103269388,-0.8245557266038087
1.6459999999999972,1.6459999999999972e-06,-0.7190791617036714,-0.8427440644879058
1.6467999999999954,1.6467999999999954e-06,-0.7776873095147772,-0.8608046077183155
1.647599999999997,1.647599999999997e-06,-0.8167552470208862,-0.8787320407348375
1.6483999999999988,1.6483999999999987e-06,-0.776255927500082,-0.8965210388191265
1.6492000000000004,1.6492000000000004e-06,-0.7909185089961188,-0.9141662994961504
1.6499999999999986,1.6499999999999986e-06,-0.8374022809623689,-0.9316625730897301
1.6508000000000003,1.6508000000000001e-06,-0.8643889656526256,-0.9490046919693611
1.6515999999999984,1.6515999999999983e-06,-0.888197408644188,-0.9661875980278247
1.6524,1.6524e-06,-0.8805945184500021,-0.9832063679070792
1.6531999999999982,1.6531999999999982e-06,-0.9036893509513645,-1.000056235504821
1.654,1.6539999999999997e-06,-0.9376271630289368,-1.0167326113665172
1.654799999999998,1.654799999999998e-06,-0.9289127203318774,-1.033231098664399
1.6555999999999997,1.6555999999999997e-06,-0.950495977800546,-1.0495475055532868
1.6563999999999979,1.6563999999999978e-06,-0.9941986937382479,-1.0656778537691907
1.6571999999999996,1.6571999999999996e-06,-1.0383570383356582,-1.081618383409303
1.6579999999999977,1.6579999999999977e-06,-0.94831542799271,-1.097365553918451
1.6587999999999994,1.6587999999999993e-06,-1.0294012579472867,-1.1129160414317796
1.6595999999999975,1.6595999999999974e-06,-1.0341739160439136,-1.1282667327777143
1.6603999999999992,1.6603999999999992e-06,-1.088332260641324,-1.1434147165742776
1.6611999999999973,1.6611999999999973e-06,-1.0166754287289685,-1.158357271925765
1.661999999999999,1.6619999999999989e-06,-1.0661099119791047,-1.1730918552818086
1.6627999999999972,1.662799999999997e-06,-1.050356583151669,-1.1876160860837401
1.6635999999999989,1.6635999999999988e-06,-1.1275129230972634,-1.2019277318510162
1.664399999999997,1.664399999999997e-06,-1.114407120178071,-1.2160246933047958
1.6651999999999987,1.6651999999999987e-06,-1.134872583593424,-1.2299049900126666
1.6659999999999968,1.6659999999999968e-06,-1.1132775993643984,-1.2435667469427134
1.6667999999999985,1.6667999999999984e-06,-1.155391572623517,-1.2570081822727333
1.6676000000000002,1.6676000000000001e-06,-1.1553276444230396,-1.270227596778437
1.6683999999999983,1.6683999999999983e-06,-1.18615397986207,-1.283223365072753
1.6692,1.6692e-06,-1.1951767138230287,-1.2959939288775972
1.6699999999999982,1.669999999999998e-06,-1.201094969039415,-1.3085377924099375
1.6707999999999998,1.6707999999999997e-06,-1.23155967611224,-1.320853519885724
1.671599999999998,1.671599999999998e-06,-1.1706353678558463,-1.3329397350934435
1.6723999999999997,1.6723999999999996e-06,-1.2632257749471478,-1.3447951229442243
1.6731999999999978,1.6731999999999978e-06,-1.2767588356295119,-1.3564184328363575
1.6739999999999995,1.6739999999999993e-06,-1.3192518377355418,-1.3678084835703646
1.6747999999999976,1.6747999999999975e-06,-1.3033350952042104,-1.3789641694679333
1.6755999999999993,1.6755999999999993e-06,-1.2853440977519959,-1.3898844673691655
1.6763999999999974,1.6763999999999974e-06,-1.2779630642522686,-1.4005684443354227
1.6771999999999991,1.6771999999999992e-06,-1.264784254722482,-1.4110152660939514
1.6779999999999973,1.677999999999997e-06,-1.270403297086086,-1.4212242063990765
1.678799999999999,1.6787999999999989e-06,-1.368712988387937,-1.43119465746412
1.679599999999997,1.679599999999997e-06,-1.3140852078523135,-1.440926141438069
1.6803999999999988,1.6803999999999988e-06,-1.3616888543890266,-1.4504183226478595
1.681199999999997,1.681199999999997e-06,-1.3940532437515751,-1.4596710201141252
1.6819999999999986,1.6819999999999985e-06,-1.3748650155705733,-1.4686842197379522
1.6827999999999967,1.6827999999999966e-06,-1.4174312127996331,-1.4774580855480057
1.6835999999999984,1.6835999999999984e-06,-1.3935754857447724,-1.4859929694733953
1.6843999999999966,1.6843999999999965e-06,-1.4008821884592852,-1.4942894192502987
1.6851999999999983,1.6851999999999983e-06,-1.392042537710512,-1.5023481842478343
1.686,1.6859999999999998e-06,-1.4246976293448173,-1.5101702191654338
1.6868000000000016,1.6868000000000016e-06,-1.4148207568793847,-1.5177566856716496
1.6875999999999998,1.6875999999999997e-06,-1.3782738130561845,-1.5251089521119414
1.6884000000000015,1.6884000000000013e-06,-1.4565313029179152,-1.5322285914217018
1.6891999999999996,1.6891999999999994e-06,-1.4792365154751943,-1.5391173773479694
1.6899999999999977,1.6899999999999976e-06,-1.411618305317449,-1.5457772790213025
1.6907999999999994,1.6907999999999993e-06,-1.4612093928879464,-1.552210453871423
1.6915999999999976,1.6915999999999975e-06,-1.4481716792045263,-1.55841923888301
1.6923999999999992,1.6923999999999992e-06,-1.4505521448721614,-1.5644061402145562
1.6931999999999974,1.6931999999999974e-06,-1.486365997208307,-1.5701738211986682
1.693999999999999,1.693999999999999e-06,-1.5171728516504832,-1.575725088696244
1.6947999999999972,1.694799999999997e-06,-1.4943655052415459,-1.5810628777307347
1.6955999999999989,1.6955999999999989e-06,-1.4821681227850956,-1.5861902343369334
1.696399999999997,1.696399999999997e-06,-1.4504193710953843,-1.5911102966455455
1.6971999999999987,1.6971999999999985e-06,-1.5147314831534806,-1.595826274347005
1.6979999999999968,1.6979999999999967e-06,-1.4840664809001987,-1.6003414267497937
1.6987999999999985,1.6987999999999985e-06,-1.490379084926056,-1.604659039624843
1.6995999999999967,1.6995999999999966e-06,-1.527626588305479,-1.6087824009393643
1.7003999999999984,1.7003999999999984e-06,-1.5597356441877752,-1.612714775487648
1.7011999999999965,1.7011999999999965e-06,-1.539682118573035,-1.6164593783651648
1.7019999999999982,1.701999999999998e-06,-1.5330252866606797,-1.6200193472453204
1.7027999999999963,1.7027999999999962e-06,-1.5082528170754876,-1.6233977135326922
1.703599999999998,1.703599999999998e-06,-1.5575112150084085,-1.6265973726511216
1.7043999999999997,1.7043999999999995e-06,-1.504821322413689,-1.6296210539004568
1.7052000000000014,1.7052000000000013e-06,-1.5456081280269183,-1.6324712904265708
1.7059999999999995,1.7059999999999994e-06,-1.5570272154501636,-1.635150389898076
1.7068000000000012,1.7068000000000012e-06,-1.519531376484459,-1.6376604064997065
1.7075999999999993,1.7075999999999993e-06,-1.5263510542686174,-1.6400031148619965
1.708400000000001,1.7084000000000009e-06,-1.5366759896696958,-1.6421799865557691
1.7091999999999992,1.709199999999999e-06,-1.528993094968946,-1.6441921697674289
1.7100000000000009,1.7100000000000008e-06,-1.5632787281362184,-1.646040472711694
1.710799999999999,1.710799999999999e-06,-1.5517003880433722,-1.6477253512402465
1.7115999999999971,1.711599999999997e-06,-1.5195705269906015,-1.64924690100721
1.7123999999999988,1.7123999999999986e-06,-1.5149342358739541,-1.6506048544829262
1.713199999999997,1.7131999999999968e-06,-1.5403168579230682,-1.6517985830467201
1.7139999999999986,1.7139999999999985e-06,-1.5564026878776451,-1.6528271042841352
1.7147999999999968,1.7147999999999967e-06,-1.5738018781996068,-1.6536890944410598
1.7155999999999985,1.7155999999999984e-06,-1.5344021959098837,-1.6543829057926782
1.7163999999999966,1.7163999999999966e-06,-1.5475149967230455,-1.6549065885412229
1.7171999999999983,1.7171999999999981e-06,-1.553790719271342,-1.6552579167832149
1.7179999999999964,1.7179999999999963e-06,-1.5789618872117348,-1.6554344180429772
1.718799999999998,1.718799999999998e-06,-1.5843416724011739,-1.6554334058179223
1.7195999999999962,1.7195999999999962e-06,-1.5251793552799036,-1.655252014539748
1.720399999999998,1.7203999999999977e-06,-1.553676102316799,-1.6548872363618103
1.721199999999996,1.721199999999996e-06,-1.6151666836655842,-1.6543359592297056
1.7219999999999978,1.7219999999999977e-06,-1.534176934523658,-1.653595005736129
1.7227999999999994,1.7227999999999994e-06,-1.5361600260107122,-1.652661172291721
1.7236000000000011,1.723600000000001e-06,-1.5298058116419069,-1.6515312681863359
1.7243999999999993,1.7243999999999991e-06,-1.5815426480608266,-1.6502021541569378
1.725200000000001,1.7252000000000009e-06,-1.5193995475616437,-1.6486707800662193
1.725999999999999,1.725999999999999e-06,-1.5713117129542509,-1.646934221222627
1.7268000000000008,1.7268000000000008e-06,-1.5824011361110302,-1.6449897127911974
1.727599999999999,1.727599999999999e-06,-1.5130606531553972,-1.6428346817038493
1.7284000000000006,1.7284000000000005e-06,-1.5944642321046487,-1.6404667754916928
1.7291999999999987,1.7291999999999986e-06,-1.552845605843474,-1.6378838875246435
1.7300000000000004,1.7300000000000004e-06,-1.5725868676714547,-1.6350841782417096
1.7307999999999986,1.7307999999999985e-06,-1.5654666528608936,-1.632066092086339
1.7316000000000003,1.7316e-06,-1.5686706171078844,-1.6288283700395678
1.7323999999999984,1.7323999999999982e-06,-1.520356008429211,-1.6253700578743475
1.7332,1.7332e-06,-1.4439113869691043,-1.621690510512329
1.7339999999999982,1.7339999999999981e-06,-1.571950424827144,-1.617789393089017
1.7347999999999963,1.7347999999999963e-06,-1.5219421027585545,-1.6136666794466015
1.735599999999998,1.735599999999998e-06,-1.4581559776245205,-1.6093226487514471
1.7363999999999962,1.736399999999996e-06,-1.5190087919543747,-1.6047578808440641
1.7371999999999979,1.7371999999999977e-06,-1.4946597984187178,-1.5999732508477171
1.737999999999996,1.737999999999996e-06,-1.5018989797295512,-1.5949699234849442
1.7387999999999977,1.7387999999999976e-06,-1.4778561969406458,-1.589749347455809
1.7395999999999958,1.7395999999999958e-06,-1.464938017588591,-1.5843132501371242
1.7403999999999975,1.7403999999999973e-06,-1.4370561518820044,-1.5786636327844488
1.7411999999999956,1.7411999999999955e-06,-1.481454509997107,-1.5728027663286757
1.7420000000000009,1.7420000000000009e-06,-1.4446125143564195,-1.5667331877160802
1.742799999999999,1.742799999999999e-06,-1.4720610692588267,-1.5604576965453525
1.7436000000000007,1.7436000000000006e-06,-1.4490038745775526,-1.5539793515513383
1.7443999999999988,1.7443999999999987e-06,-1.447994455926338,-1.5473014663200315
1.7452000000000005,1.7452000000000005e-06,-1.4711518924535574,-1.5404276035094806
1.7459999999999987,1.7459999999999986e-06,-1.5154068856947114,-1.5333615667939307
1.7468000000000004,1.7468000000000004e-06,-1.4655702993986068,-1.52610738975851
1.7475999999999985,1.7475999999999983e-06,-1.4258889932472434,-1.5186693210941482
1.7484000000000002,1.7484e-06,-1.4368460219469037,-1.5110518057026403
1.7491999999999983,1.7491999999999982e-06,-1.415591293081516,-1.5032594616644928
1.75,1.75e-06,-1.4409438430366037,-1.4952970533419763
1.7507999999999981,1.7507999999999981e-06,-1.3721930866930765,-1.487169461129942
1.7515999999999998,1.7515999999999997e-06,-1.3685329259532852,-1.4788816485472513
1.752399999999998,1.7523999999999978e-06,-1.3745797939131534,-1.4704386275079808
1.7531999999999996,1.7531999999999996e-06,-1.3371291584935991,-1.4618454227045095
1.7539999999999978,1.7539999999999977e-06,-1.3385822905337303,-1.4531070360434106
1.7547999999999995,1.7547999999999995e-06,-1.326656129352184,-1.4442284120014866
1.7555999999999976,1.7555999999999974e-06,-1.340632147080937,-1.4352144046377953
1.7563999999999957,1.7563999999999956e-06,-1.3071944108676965,-1.4260697468314685
1.7571999999999974,1.7571999999999973e-06,-1.310240446620706,-1.4167990221396154
1.7579999999999956,1.7579999999999955e-06,-1.2723510151880575,-1.4074066395065181
1.7587999999999973,1.7587999999999972e-06,-1.3032732429273037,-1.3978968109032106
1.7595999999999954,1.7595999999999954e-06,-1.3086482992513555,-1.3882735318158255
1.760399999999997,1.760399999999997e-06,-1.2897271313109626,-1.3785405643317028
1.7611999999999988,1.7611999999999987e-06,-1.3245697706470743,-1.3687014224348635
1.7620000000000005,1.7620000000000005e-06,-1.2636571891510378,-1.3587593590719973
1.7627999999999986,1.7627999999999986e-06,-1.2923835471198883,-1.3487173546115652
1.7636000000000003,1.7636000000000001e-06,-1.2557301198983006,-1.3385781064735847
1.7643999999999984,1.7643999999999983e-06,-1.2163366791600203,-1.3283440199123313
1.7652,1.7652e-06,-1.2188756411547286,-1.318017200140193
1.7660000000000018,1.7660000000000018e-06,-1.1650163208966657,-1.307599446141356
1.7667999999999964,1.7667999999999964e-06,-1.2166816633890454,-1.2970922465959094
1.767599999999998,1.767599999999998e-06,-1.186093828782653,-1.2864967782992816
1.7683999999999997,1.7683999999999997e-06,-1.2159964237963818,-1.2758139073488541
1.7692000000000014,1.7692000000000014e-06,-1.1573814666027413,-1.2650441932517063
1.769999999999996,1.769999999999996e-06,-1.148459542318821,-1.2541878960517032
1.7707999999999977,1.7707999999999977e-06,-1.1559086650533208,-1.2432449865901352
1.7715999999999994,1.7715999999999993e-06,-1.1160673498908291,-1.2322151600530904
1.772400000000001,1.772400000000001e-06,-1.1021684998079655,-1.2210978529672558
1.7731999999999957,1.7731999999999956e-06,-1.0869687724586015,-1.2098922637642908
1.7739999999999974,1.7739999999999973e-06,-1.0881958867699795,-1.1985973769407652
1.774799999999999,1.7747999999999989e-06,-1.0907431708332775,-1.1872119906930545
1.7756000000000007,1.7756000000000006e-06,-1.0777395017657438,-1.175734747717445
1.7763999999999953,1.7763999999999952e-06,-1.1050919758575002,-1.1641641686773834
1.777199999999997,1.777199999999997e-06,-1.096075483447984,-1.1524986877050443
1.7779999999999987,1.7779999999999987e-06,-1.0219150583324264,-1.1407366892634738
1.7787999999999968,1.7787999999999968e-06,-0.9965568346579887,-1.128876545758181
1.7795999999999985,1.7795999999999984e-06,-1.046004557353537,-1.116916655405784
1.7804000000000002,1.7804000000000001e-06,-1.0143670179266007,-1.1048554799499088
1.781200000000002,1.781200000000002e-06,-1.0144184630241937,-1.0926915818096967
1.7819999999999965,1.7819999999999964e-06,-1.017785273142987,-1.0804236602015558
1.7827999999999982,1.782799999999998e-06,-0.9589760738088969,-1.0680505857747344
1.7835999999999999,1.7835999999999997e-06,-0.941738973015211,-1.0555714333746116
1.7844000000000015,1.7844000000000015e-06,-0.9182567895983473,-1.0429855126524208
1.7851999999999961,1.785199999999996e-06,-0.9470992772077959,-1.0302923963042194
1.7859999999999978,1.7859999999999978e-06,-0.9233882392015045,-1.0174919456957716
1.7867999999999995,1.7867999999999994e-06,-0.9475673889713891,-1.0045843335311564
1.7876000000000012,1.787600000000001e-06,-0.9212825880109755,-0.9915700631282155
1.7883999999999958,1.7883999999999957e-06,-0.9230633038014256,-0.9784499838503273
1.7891999999999975,1.7891999999999974e-06,-0.8764828831914322,-0.9652253023425749
1.7899999999999991,1.7899999999999992e-06,-0.8458352814188568,-0.951897589411422
1.7908000000000008,1.7908000000000007e-06,-0.8148266191111692,-0.938468782612174
1.7915999999999954,1.7915999999999953e-06,-0.848333768732802,-0.9249411847895251
1.792399999999997,1.792399999999997e-06,-0.8286161489369701,-0.9113174588955782
1.7931999999999988,1.7931999999999988e-06,-0.804908515622446,-0.8976006193950623
1.7940000000000005,1.7940000000000003e-06,-0.7657891330187439,-0.8837940205268101
1.794799999999995,1.794799999999995e-06,-0.778079003083643,-0.8699013416785825
1.7955999999999968,1.7955999999999966e-06,-0.7589102559004955,-0.8559265701378708
1.7963999999999984,1.7963999999999984e-06,-0.7306026451157919,-0.8418739814627425
1.7972000000000001,1.7972000000000001e-06,-0.7585408732967934,-0.8277481176637738
1.7979999999999983,1.7979999999999983e-06,-0.7209803497880837,-0.8135537633253362
1.7988,1.7987999999999998e-06,-0.7196934683105225,-0.7992959197506954
1.7996000000000016,1.7996000000000016e-06,-0.6991835576925467,-0.7849797772101237
1.8004000000000033,1.8004000000000033e-06,-0.6443295709157355,-0.7706106854090347
1.801199999999998,1.8011999999999979e-06,-0.6691222778403093,-0.7561941223522023
1.8019999999999996,1.8019999999999994e-06,-0.6391188731495417,-0.7417356618187975
1.8028000000000013,1.8028000000000012e-06,-0.6370381881647817,-0.7272409396511158
1.8035999999999959,1.8035999999999957e-06,-0.6276029485711181,-0.7127156190058938
1.8043999999999976,1.8043999999999975e-06,-0.596821060335711,-0.6981653546583386
1.8051999999999992,1.8051999999999993e-06,-0.6343662638808617,-0.6835957564161483
1.806000000000001,1.8060000000000008e-06,-0.5971756908079464,-0.6690123517050438
1.8067999999999955,1.8067999999999953e-06,-0.581409878877626,-0.6544205474387502
1.8075999999999972,1.807599999999997e-06,-0.5602718474829288,-0.6398255914009319
1.808399999999999,1.8083999999999989e-06,-0.5418912300866308,-0.6252325335415314
1.8092000000000006,1.8092000000000004e-06,-0.526564970511932,-0.6106461877889919
1.8099999999999952,1.8099999999999952e-06,-0.4672486974195408,-0.5960710951576645
1.8107999999999969,1.8107999999999967e-06,-0.4386906705314078,-0.5815114890550022
1.8115999999999985,1.8115999999999985e-06,-0.48374627666229564,-0.5669712637363284
1.8124000000000002,1.8124000000000002e-06,-0.44988638857414026,-0.5524539467864973
1.8131999999999948,1.8131999999999948e-06,-0.40516044670871854,-0.5379626763385176
1.8139999999999965,1.8139999999999965e-06,-0.42394865235989954,-0.5235001835328322
1.8147999999999982,1.814799999999998e-06,-0.4226163788257532,-0.509068780531723
1.8155999999999999,1.8155999999999998e-06,-0.4100802536914197,-0.4946703542353042
1.816399999999998,1.816399999999998e-06,-0.3700914126199842,-0.4803063656971244
1.8171999999999997,1.8171999999999995e-06,-0.39577022215007085,-0.46597785513308165
1.8180000000000014,1.8180000000000013e-06,-0.3402047054002072,-0.45168545236962615
1.818800000000003,1.818800000000003e-06,-0.32261429830860594,-0.43742939256273056
1.8195999999999977,1.8195999999999976e-06,-0.32047308981513606,-0.4232095370037138
1.8203999999999994,1.8203999999999993e-06,-0.28113809206811813,-0.40902539878292965
1.821200000000001,1.8212000000000009e-06,-0.3108939175161308,-0.39487617298615907
1.8220000000000027,1.8220000000000026e-06,-0.293330557147346,-0.38076077095273025
1.8227999999999973,1.8227999999999972e-06,-0.264299501118198,-0.36667785796249136
1.823599999999999,1.823599999999999e-06,-0.26961384542170486,-0.35262589358704044
1.8244000000000007,1.8244000000000007e-06,-0.2821910130675942,-0.33860317386606387
1.8251999999999953,1.8251999999999952e-06,-0.22887508021430086,-0.32460787445157335
1.825999999999997,1.8259999999999968e-06,-0.20070932161849142,-0.31063809389430885
1.8267999999999986,1.8267999999999985e-06,-0.23199752727007242,-0.29669189631874654
1.8276000000000003,1.8276000000000003e-06,-0.21159542422340435,-0.2827673528168854
1.828399999999995,1.8283999999999949e-06,-0.17632344660567328,-0.2688625809580054
1.8291999999999966,1.8291999999999966e-06,-0.18828157188725847,-0.2549757818747246
1.8299999999999983,1.8299999999999981e-06,-0.1369697242042285,-0.2411052744757617
1.8308,1.8308e-06,-0.12844082455615938,-0.22724952644958052
1.8315999999999946,1.8315999999999945e-06,-0.1515549495433412,-0.21340718182664042
1.8323999999999963,1.8323999999999962e-06,-0.13152582230327725,-0.19957708493802634
1.833199999999998,1.8331999999999978e-06,-0.10108475726220084,-0.18575830065863258
1.8339999999999996,1.8339999999999995e-06,-0.10213502991323686,-0.17195013089588018
1.8347999999999942,1.834799999999994e-06,-0.050871790467425015,-0.15815212740625673
1.8355999999999995,1.8355999999999994e-06,-0.0701148684371869,-0.1443641011704112
1.8364000000000011,1.836400000000001e-06,8.54267432696676e-05,-0.13058612868723019
1.8372000000000028,1.8372000000000027e-06,-0.030788192758658683,-0.11681855562546417
1.8379999999999974,1.8379999999999973e-06,-0.008369521438842842,-0.10306199828639667
1.838799999999999,1.838799999999999e-06,0.02038388325252466,-0.08931734328829805
1.8396000000000008,1.8396000000000008e-06,0.0454131990040233,-0.07558574580507807
1.8404000000000025,1.8404000000000023e-06,0.022971641995585823,-0.061868626599135
1.841199999999997,1.8411999999999969e-06,0.046808644395819554,-0.048167667982620704
1.8419999999999987,1.8419999999999986e-06,0.03915071590113872,-0.03448480872051771
1.8428000000000004,1.8428000000000004e-06,0.06088982134804055,-0.020822237780192127
1.8436000000000021,1.8436000000000021e-06,0.1017719514299934,-0.007182386775713728
1.8443999999999967,1.8443999999999967e-06,0.08985411231703655,0.006432079039086713
1.8451999999999984,1.8451999999999982e-06,0.1509650969882172,0.020018271340118632
1.846,1.846e-06,0.11033073466105381,0.03357309096137848
1.8467999999999947,1.8467999999999945e-06,0.11821751774476247,0.04709324191176037
1.8475999999999964,1.8475999999999963e-06,0.10539409502973857,0.060575247376754154
1.848399999999998,1.848399999999998e-06,0.15517772354349524,0.07401546794339264
1.8491999999999997,1.8491999999999996e-06,0.1419703546047374,0.08741012223777986
1.8499999999999943,1.8499999999999941e-06,0.19821411305329512,0.10075531000595112
1.850799999999996,1.850799999999996e-06,0.19268755829783962,0.11404703744607489
1.8515999999999977,1.8515999999999977e-06,0.2639388824721297,0.12728124438335897
1.8523999999999994,1.8523999999999992e-06,0.2177529991837019,0.14045383272432901
1.853199999999994,1.853199999999994e-06,0.26032808631244375,0.15356069556567442
1.8539999999999957,1.8539999999999955e-06,0.2668515766159296,0.16659774636392066
1.854800000000001,1.8548000000000009e-06,0.27756461927470705,0.1795609476601111
1.8556000000000026,1.8556000000000024e-06,0.2680779345844506,0.19244633895418303
1.8563999999999972,1.8563999999999972e-06,0.2691005926810775,0.2052500634112157
1.8571999999999989,1.8571999999999987e-06,0.30553008269005993,0.21796839313787147
1.8580000000000005,1.8580000000000005e-06,0.3502170625607731,0.2305977527682783
1.8588000000000022,1.8588000000000022e-06,0.34596490617959413,0.24313474104509433
1.8595999999999968,1.8595999999999968e-06,0.3311547987743436,0.2555761500248801
1.8603999999999985,1.8603999999999983e-06,0.38443252597612587,0.26791898153767346
1.8612000000000002,1.8612e-06,0.38291546573551705,0.28016046059539235
1.8620000000000019,1.8620000000000018e-06,0.3855476716815014,0.29229804553435196
1.8627999999999965,1.8627999999999964e-06,0.39589133173660696,0.3043294347705873
1.8635999999999981,1.8635999999999981e-06,0.3691906204527209,0.316252570142879
1.8643999999999998,1.8643999999999997e-06,0.45062843253029294,0.32806563690157314
1.8652000000000015,1.8652000000000014e-06,0.4601992827607083,0.33976706044148597
1.865999999999996,1.865999999999996e-06,0.45622666972312276,0.35135549988055076
1.8667999999999978,1.8667999999999977e-06,0.38513194986916355,0.3628298386084494
1.8675999999999995,1.8675999999999995e-06,0.49272235696076483,0.374189172007419
1.8684000000000012,1.868400000000001e-06,0.4871763212081551,0.3854327926337649
1.8691999999999958,1.8691999999999956e-06,0.4754818514757112,0.3965601731724346
1.8699999999999974,1.8699999999999973e-06,0.4835063257140193,0.4075709474457566
1.8707999999999991,1.870799999999999e-06,0.5405917395644668,0.4184648897329026
1.8715999999999937,1.8715999999999937e-06,0.5493591400445734,0.4292418926618635
1.8723999999999954,1.8723999999999954e-06,0.5239767065064944,0.4399019439621615
1.873199999999997,1.873199999999997e-06,0.5067307158128259,0.45044510242888075
1.8740000000000023,1.8740000000000023e-06,0.5590434715666466,0.4608714735522507
1.874799999999997,1.8747999999999969e-06,0.5385649572170166,0.47118118535824965
1.8755999999999986,1.8755999999999986e-06,0.578160773653201,0.48137436502162034
1.8764000000000003,1.8764000000000002e-06,0.5998720760342591,0.49145111675578274
1.877200000000002,1.877200000000002e-06,0.5470424117677929,0.5014115014093015
1.8779999999999966,1.8779999999999965e-06,0.5727658570123374,0.5112555181468247
1.8787999999999982,1.8787999999999982e-06,0.5753897408897322,0.520983088550684
1.8796,1.8795999999999998e-06,0.6436973516744358,0.5305940433937327
1.8804000000000016,1.8804000000000015e-06,0.6384510966053011,0.540088112173659
1.8811999999999962,1.881199999999996e-06,0.6422317365311199,0.549464915310526
1.881999999999998,1.8819999999999978e-06,0.642247056493979,0.5587239587810024
1.8827999999999996,1.8827999999999996e-06,0.6745753207221937,0.5678646309346753
1.8836000000000013,1.8836000000000011e-06,0.6712565510089258,0.5768862012755545
1.8843999999999959,1.8843999999999957e-06,0.6735138891425931,0.585787821045775
1.8851999999999975,1.8851999999999974e-06,0.6923542962342943,0.5945685255029055
1.8859999999999992,1.8859999999999992e-06,0.6996449226423209,0.6032272378406502
1.886800000000001,1.886800000000001e-06,0.6573752899172034,0.6117627747602107
1.8875999999999955,1.8875999999999955e-06,0.6863938628434672,0.6201738537405195
1.8883999999999972,1.888399999999997e-06,0.7471540010538378,0.6284591020545405
1.8891999999999989,1.8891999999999988e-06,0.7293160147187818,0.6366170675150189
1.8900000000000006,1.8900000000000005e-06,0.6973531605714093,0.644646230830272
1.8907999999999952,1.890799999999995e-06,0.7541588425669283,0.652545019369988
1.8915999999999968,1.8915999999999968e-06,0.7487777332032695,0.6603118221066442
1.8923999999999985,1.8923999999999984e-06,0.762202229971098,0.6679450054764281
1.8931999999999967,1.8931999999999965e-06,0.766772323858686,0.6754429298727092
1.8939999999999984,1.8939999999999983e-06,0.7636831650772734,0.6828039664658063
1.8948,1.8948e-06,0.7792097198328286,0.6900265140510679
1.8956000000000017,1.8956000000000016e-06,0.7892112325184836,0.6971090156477362
1.8963999999999963,1.8963999999999961e-06,0.8156350488075162,0.704049974584338
1.897199999999998,1.897199999999998e-06,0.7761129953257536,0.7108479698151686
1.8979999999999997,1.8979999999999997e-06,0.8150808794976518,0.7175016702339403
1.8988000000000014,1.8988000000000012e-06,0.8199876355459756,0.7240098477882873
1.899599999999996,1.899599999999996e-06,0.8071273313537907,0.7303713892352015
1.9003999999999976,1.9003999999999975e-06,0.8223881500429573,0.7365853063994967
1.9011999999999993,1.9011999999999993e-06,0.8256019490445924,0.7426507448081034
1.902000000000001,1.902000000000001e-06,0.8459817342340312,0.7485669905739145
1.9027999999999956,1.9027999999999956e-06,0.8339589244093413,0.7543334753908264
1.9035999999999973,1.9035999999999971e-06,0.8808266425993253,0.7599497794851064
1.904399999999999,1.9043999999999989e-06,0.8552611258494615,0.7654156323673466
1.9052000000000007,1.9052000000000006e-06,0.8669381951018987,0.7707309112617786
1.9059999999999953,1.9059999999999952e-06,0.8259944058483507,0.7758956371600213
1.906799999999997,1.906799999999997e-06,0.9018366290816331,0.7809099685331609
1.9075999999999986,1.9075999999999985e-06,0.8662162625431089,0.7857741927984696
1.9084000000000003,1.9084000000000002e-06,0.8946755602710509,0.7904887156557245
1.909199999999995,1.9091999999999948e-06,0.9121908802339104,0.7950540484122566
1.9099999999999966,1.9099999999999965e-06,0.882301524665593,0.7994707934511354
1.9107999999999983,1.9107999999999983e-06,0.8665377932524202,0.8037396280801552
1.9116,1.9116e-06,0.9046749924392583,0.8078612871075279
1.912399999999998,1.912399999999998e-06,0.9054408043695787,0.8118365445762445
1.9131999999999998,1.9131999999999997e-06,0.9032392608788337,0.8156661951197204
1.9140000000000015,1.9140000000000015e-06,0.9022381642969083,0.8193510353923364
1.914799999999996,1.914799999999996e-06,0.9328851982386912,0.8228918460220692
1.9155999999999977,1.915599999999998e-06,0.9087423621142746,0.8262893745479426
1.9163999999999994,1.9163999999999996e-06,0.8552615028720308,0.8295443198348431
1.9172000000000011,1.917200000000001e-06,0.9050638560408146,0.8326573184818603
1.9179999999999957,1.9179999999999954e-06,0.938748603665717,0.8356289337165537
1.9187999999999974,1.918799999999997e-06,0.891853082410289,0.8384596471580261
1.919599999999999,1.919599999999999e-06,0.9648357577939138,0.8411498536597537
1.9204000000000008,1.9204000000000007e-06,0.9166353867501257,0.8436998592855174
1.9211999999999954,1.9211999999999953e-06,0.9395972569622761,0.8461098823819652
1.921999999999997,1.921999999999997e-06,0.8984794629079605,0.8483800576863616
1.9227999999999987,1.9227999999999988e-06,0.8909732213565187,0.8505104434096875
1.9236000000000004,1.9236000000000005e-06,0.9503833062329784,0.8525010312070483
1.924399999999995,1.924399999999995e-06,0.9695297355595969,0.8543517588429812
1.9251999999999967,1.9251999999999964e-06,0.964090183203975,0.8560625251950607
1.9259999999999984,1.925999999999998e-06,0.93885092602881,0.8576332071041739
1.9268,1.9268e-06,0.9038753244034867,0.859063677555232
1.9275999999999947,1.9275999999999945e-06,0.9646286532309225,0.8603538247409517
1.9283999999999963,1.9283999999999962e-06,0.9527365366662621,0.8615035716271021
1.929199999999998,1.929199999999998e-06,0.9388690828520444,0.8625128956345887
1.9299999999999997,1.9299999999999997e-06,0.9777352124926417,0.8633818480071596
1.9307999999999979,1.9307999999999977e-06,0.9386332303686468,0.8641105724047372
1.9315999999999995,1.9315999999999994e-06,0.9555058659354532,0.8646993222761986
1.9324000000000012,1.932400000000001e-06,0.9765729712357031,0.8651484766080022
1.933200000000003,1.933200000000003e-06,0.9375613962030089,0.8654585536978976
1.9339999999999975,1.9339999999999975e-06,0.9789407652890187,0.865630222660068
1.9347999999999992,1.9347999999999992e-06,0.9522268145597209,0.865664312433323
1.9356000000000009,1.9356000000000006e-06,0.938208430144492,0.8655618181393904
1.9364000000000026,1.9364000000000023e-06,0.9463942375692479,0.8653239047156001
1.9371999999999971,1.937199999999997e-06,0.9823325416145813,0.8649519078075705
1.9379999999999988,1.9379999999999986e-06,0.9205359380304792,0.8644473319390273
1.9388000000000005,1.9388000000000004e-06,1.0004739018357143,0.8638118459876136
1.939599999999995,1.939599999999995e-06,0.9654003273930273,0.863047276018271
1.9403999999999968,1.9403999999999967e-06,0.9451727969782194,0.8621555955859873
1.9411999999999985,1.9411999999999985e-06,0.9201831995639566,0.8611389137262238
1.9420000000000002,1.942e-06,0.9439207164610721,0.8599994609826189
1.9427999999999948,1.9427999999999948e-06,0.912533781649,0.8587395739192667
1.9435999999999964,1.9435999999999965e-06,0.9422896070970128,0.8573616785744547
1.9443999999999981,1.944399999999998e-06,0.936196022905939,0.8558682732336979
1.9451999999999998,1.9451999999999996e-06,0.9578954100152051,0.8542619107768397
1.9459999999999944,1.945999999999994e-06,0.9224488597656136,0.8525451807384112
1.946799999999996,1.946799999999996e-06,0.9111689761830225,0.8507206911465723
1.9475999999999978,1.9475999999999977e-06,0.9460570075767195,0.8487910501731526
1.9483999999999995,1.9483999999999994e-06,0.9371693164221204,0.8467588476010879
1.9491999999999976,1.9491999999999974e-06,0.9618443810220414,0.8446266360711412
1.9499999999999993,1.949999999999999e-06,0.9202563946869858,0.842396912031167
1.950800000000001,1.950800000000001e-06,0.9447862024052452,0.8400720963246824
1.9516000000000027,1.9516000000000026e-06,0.941270542203588,0.8376545144332321
1.9523999999999972,1.952399999999997e-06,0.909256054446888,0.8351463765001379
1.953199999999999,1.953199999999999e-06,0.9643318979191571,0.8325497573817382
1.9540000000000006,1.9540000000000007e-06,0.8791942067645577,0.8298665770871624
1.9548000000000023,1.954800000000002e-06,0.88027455150922,0.8270985820767027
1.955599999999997,1.955599999999997e-06,0.8956445019450143,0.8242473279716556
1.9563999999999986,1.9563999999999983e-06,0.9079644441039392,0.8213141642424637
1.9572000000000003,1.9572e-06,0.9082564705503171,0.8183002213612984
1.958000000000002,1.958000000000002e-06,0.9085409312716327,0.8152064007680642
1.9587999999999965,1.9587999999999964e-06,0.8896087929134103,0.812033367883465
1.9595999999999982,1.959599999999998e-06,0.8715877233671698,0.8087815483532437
1.9604,1.9604e-06,0.8667902875762085,0.8054511277028744
1.9611999999999945,1.9611999999999945e-06,0.9049176520084026,0.802042054567274
1.9619999999999962,1.961999999999996e-06,0.8670732356104697,0.798554047598327
1.9627999999999979,1.962799999999998e-06,0.8730958937070964,0.7949866060550878
1.9635999999999996,1.9635999999999993e-06,0.8958455534679984,0.7913390239887999
1.9643999999999942,1.9643999999999943e-06,0.8344376249730177,0.7876104078724513
1.9651999999999958,1.9651999999999956e-06,0.8770093074109924,0.7837996974857013
1.9659999999999975,1.9659999999999974e-06,0.8288414682980354,0.7799056898304988
1.9667999999999992,1.966799999999999e-06,0.8786154505682819,0.7759270657997235
1.9675999999999974,1.967599999999997e-06,0.8905832220927768,0.771862419241558
1.968399999999999,1.968399999999999e-06,0.7940968017782869,0.7677102879781015
1.9692000000000007,1.9692000000000006e-06,0.8464326317318641,0.76346918628666
1.9700000000000024,1.9700000000000023e-06,0.8210744080574264,0.7591376383366192
1.970799999999997,1.970799999999997e-06,0.8883128330247324,0.7547142120420713
1.9715999999999987,1.9715999999999986e-06,0.7789437906611282,0.7501975527084983
1.9724000000000004,1.9724000000000004e-06,0.8560868911603109,0.7455864157593817
1.973200000000002,1.973200000000002e-06,0.8631639829418687,0.7408796977763996
1.9739999999999966,1.9739999999999967e-06,0.8157941083704053,0.7360764650799786
1.9747999999999983,1.9747999999999984e-06,0.8616718889070288,0.7311759791113637
1.9756,1.9755999999999998e-06,0.8147527256194519,0.7261777179725495
1.9764000000000017,1.9764000000000015e-06,0.8407850299592886,0.7210813936429089
1.9771999999999963,1.977199999999996e-06,0.8073771773286393,0.7158869645960233
1.977999999999998,1.977999999999998e-06,0.7286822156287344,0.7105946437559565
1.9787999999999997,1.9787999999999996e-06,0.7842059335239149,0.7052049019226874
1.9796000000000014,1.9796000000000013e-06,0.8382710341703492,0.6997184669053138
1.980399999999996,1.980399999999996e-06,0.7984783272457755,0.6941363185970364
1.9811999999999976,1.9811999999999977e-06,0.7472005241796317,0.6884596801696459
1.9819999999999993,1.9819999999999994e-06,0.7907050254537245,0.6826900055710224
1.982799999999994,1.982799999999994e-06,0.7666773741156437,0.676828963610369
1.9835999999999956,1.9835999999999953e-06,0.7726673117693044,0.6708784190446884
1.9843999999999973,1.984399999999997e-06,0.747351454780043,0.6648404111824162
1.985199999999999,1.985199999999999e-06,0.7340633249924933,0.6587171306085815
1.985999999999997,1.985999999999997e-06,0.6913887523606331,0.652510894725461
1.9867999999999988,1.9867999999999985e-06,0.7168784256389278,0.6462241228641437
1.9876000000000005,1.9876000000000002e-06,0.6776533159806651,0.639859311706392
1.9884000000000022,1.988400000000002e-06,0.7378744163325961,0.633419011638126
1.9891999999999967,1.9891999999999966e-06,0.7000920361291276,0.6269058044599491
1.9899999999999984,1.9899999999999983e-06,0.7155435037558414,0.6203222826705965
1.9908000000000001,1.9908e-06,0.7021364074681193,0.6136710303832333
1.9916000000000018,1.991600000000002e-06,0.711574295409623,0.6069546058639693
1.9923999999999964,1.9923999999999964e-06,0.6520558351307627,0.6001755256861334
1.993199999999998,1.993199999999998e-06,0.6671870962224851,0.5933362505401719
1.9939999999999998,1.994e-06,0.693005865935753,0.5864391727865856
1.9948000000000015,1.9948000000000012e-06,0.6343623493331408,0.5794866058516055
1.995599999999996,1.9955999999999958e-06,0.6751879284293439,0.5724807755381522
1.9963999999999977,1.9963999999999975e-06,0.6293337899245698,0.5654238132877867
1.9971999999999994,1.9971999999999993e-06,0.6086672749858328,0.5583177514037727
1.998000000000001,1.998000000000001e-06,0.6585010244226626,0.5511645202188723
1.9987999999999957,1.9987999999999956e-06,0.6333947295367091,0.5439659471418834
1.9995999999999974,1.9995999999999973e-06,0.6147502680797349,0.536723757448181
2.000399999999999,2.000399999999999e-06,0.6039906977008569,0.5294395766276417
2.0012000000000008,2.001200000000001e-06,0.5860623042741998,0.5221149340942202
2.0019999999999953,2.0019999999999954e-06,0.5869164427789739,0.5147512680712043
2.002799999999997,2.0027999999999967e-06,0.5586945102201841,0.5073499314462797
2.0035999999999987,2.0035999999999985e-06,0.635902863093864,0.4999121983187391
2.004399999999997,2.004399999999997e-06,0.6046974988082221,0.49243927085933414
2.0051999999999985,2.0051999999999986e-06,0.5269476505361852,0.4849322860293699
2.0060000000000002,2.006e-06,0.5763252034805136,0.4773923217172559
2.006800000000002,2.0068000000000017e-06,0.5850458877290151,0.46982040194174224
2.0075999999999965,2.0075999999999962e-06,0.5373796371657444,0.4622175008742235
2.008399999999998,2.008399999999998e-06,0.5193544065846091,0.4545845455089694
2.0092,2.0091999999999998e-06,0.577715542983653,0.4469224168802264
2.0100000000000016,2.0100000000000015e-06,0.509175672918454,0.4392319498028827
2.010799999999996,2.010799999999996e-06,0.490199655189401,0.43151393118722736
2.011599999999998,2.011599999999998e-06,0.5120930959279816,0.42376909704513327
2.0123999999999995,2.0123999999999996e-06,0.5401132206205599,0.4159981283590792
2.013200000000001,2.0132000000000013e-06,0.4761024019313934,0.4082016460122748
2.013999999999996,2.013999999999996e-06,0.46220487602254967,0.40038020499528026
2.0147999999999975,2.014799999999997e-06,0.48896478664082577,0.3925342881474394
2.015599999999999,2.015599999999999e-06,0.46557868403591274,0.3846642997487087
2.016400000000001,2.0164000000000007e-06,0.4721679945452887,0.3767705593071699
2.0171999999999954,2.0171999999999953e-06,0.4744523794019727,0.36885329589029975
2.017999999999997,2.017999999999997e-06,0.42015218261496834,0.3609126433659921
2.018799999999999,2.0187999999999988e-06,0.42102712629121664,0.3529486369753581
2.0196000000000005,2.0196000000000005e-06,0.4157683881191975,0.3449612117289121
2.020399999999995,2.020399999999995e-06,0.3930283746015053,0.3369502031502932
2.0211999999999968,2.021199999999997e-06,0.4101971976493842,0.32891535085308654
2.0219999999999985,2.021999999999998e-06,0.4073431350085416,0.320856305335545
2.0228,2.0228e-06,0.36755950649478486,0.3127726382537073
2.0235999999999983,2.0235999999999983e-06,0.34033356462966347,0.3046638563204262
2.0244,2.0244e-06,0.3563373095605288,0.29652941887709405
2.0252000000000017,2.0252000000000014e-06,0.3742448978157117,0.288368759058131
2.0260000000000034,2.026000000000003e-06,0.3445405174649918,0.2801813082836128
2.026799999999998,2.0267999999999977e-06,0.3679476137528137,0.27196652359959694
2.0275999999999996,2.0275999999999994e-06,0.3477902530895255,0.2637239172046528
2.0284000000000013,2.028400000000001e-06,0.30871550620028143,0.2554530873947375
2.029199999999996,2.0291999999999958e-06,0.3604884677528347,0.24715375011742935
2.0299999999999976,2.0299999999999975e-06,0.34276453054092904,0.238825770318824
2.0307999999999993,2.0307999999999993e-06,0.28571524182481534,0.2304691922749258
2.031600000000001,2.031600000000001e-06,0.3038454431176837,0.22208426813374077
2.0323999999999955,2.0323999999999956e-06,0.3125328390918264,0.213671483956863
2.0331999999999972,2.0331999999999973e-06,0.2884913804768412,0.2052315826098089
2.033999999999999,2.0339999999999987e-06,0.27034793973826077,0.1967655828859667
2.0348000000000006,2.0348000000000004e-06,0.30070540707047055,0.18827479427793115
2.035599999999995,2.035599999999995e-06,0.2733181320193008,0.17976082685687553
2.036399999999997,2.0363999999999967e-06,0.2559488252796305,0.1712255957908868
2.0371999999999986,2.0371999999999985e-06,0.28779838664668034,0.1626713201310869
2.0380000000000003,2.0380000000000002e-06,0.21580829726505646,0.15410051562553156
2.038799999999995,2.0387999999999948e-06,0.2510371518540844,0.1455159814772536
2.0395999999999965,2.0395999999999965e-06,0.2337221270716816,0.1369207811252999
2.040399999999998,2.0403999999999983e-06,0.20989212256581757,0.12831821727900403
2.0412,2.0411999999999996e-06,0.23266126332357373,0.11971180157158864
2.0419999999999945,2.0419999999999946e-06,0.20880629261184058,0.11110521933059922
2.0427999999999997,2.0427999999999997e-06,0.16071013593625816,0.10250229010343936
2.0436000000000014,2.0436000000000015e-06,0.19612472208571086,0.09390692472697523
2.044400000000003,2.044400000000003e-06,0.11642733962926044,0.0853230798696254
2.0451999999999977,2.045199999999998e-06,0.1396471916709029,0.07675471106508616
2.0459999999999994,2.045999999999999e-06,0.15206794350786612,0.06820572526689642
2.046800000000001,2.046800000000001e-06,0.18105644433990387,0.0596799338790974
2.0476000000000028,2.0476000000000026e-06,0.1246505963623703,0.05118100710271237
2.0483999999999973,2.048399999999997e-06,0.09157543336962692,0.042712430358384845
2.049199999999999,2.049199999999999e-06,0.10761587126628847,0.03427746354760616
2.0500000000000007,2.0500000000000007e-06,0.06898767462656574,0.02587910395320467
2.0507999999999953,2.0507999999999953e-06,0.09456567447931408,0.017520053565476354
2.051599999999997,2.051599999999997e-06,0.06144379525503507,0.009202691515602449
2.0523999999999987,2.0523999999999988e-06,0.03156143758102459,0.0009290521308016053
2.0532000000000004,2.0532e-06,0.07817514646470991,-0.007299191067703631
2.053999999999995,2.0539999999999946e-06,0.0653078443781554,-0.015480735312532204
2.0547999999999966,2.0547999999999964e-06,0.04103601848838745,-0.023614652590828067
2.0555999999999983,2.055599999999998e-06,0.07123707001170454,-0.03170038799691899
2.0564,2.0564e-06,0.09385319965196914,-0.03973775285943603
2.0571999999999946,2.0571999999999945e-06,0.025114358580563656,-0.047726913099875395
2.0579999999999963,2.0579999999999962e-06,-0.020165941105787066,-0.05566837322147612
2.058799999999998,2.058799999999998e-06,0.02067703847042268,-0.06356295619921706
2.0595999999999997,2.0595999999999997e-06,-0.007947753477862585,-0.07141177942144822
2.0603999999999942,2.0603999999999943e-06,0.0022288996711148368,-0.07921622680640054
2.061199999999996,2.061199999999996e-06,-0.03863715410512114,-0.08697791728776552
2.062000000000001,2.062000000000001e-06,-0.06578857667289328,-0.09469866997329209
2.062800000000003,2.062800000000003e-06,0.007113337862269864,-0.10238046639777576
2.0635999999999974,2.0635999999999975e-06,-0.037720411574489576,-0.11002541043458043
2.064399999999999,2.0643999999999992e-06,-0.014802420733569632,-0.11763568659586753
2.065200000000001,2.0652000000000006e-06,-0.09401353460319273,-0.12521351758582297
2.0660000000000025,2.0660000000000023e-06,-0.017690527991598315,-0.13276112202723822
2.066799999999997,2.066799999999997e-06,-0.022111203964529924,-0.14028067328003663
2.0675999999999988,2.0675999999999986e-06,-0.07728161556209523,-0.14777426025087945
2.0684000000000005,2.0684000000000004e-06,-0.014288537592333395,-0.1552438510439069
2.069200000000002,2.069200000000002e-06,-0.08543905208931502,-0.1626912601829658
2.0699999999999967,2.0699999999999967e-06,-0.027861884443425744,-0.17011811994024342
2.0707999999999984,2.0707999999999985e-06,-0.12357133389933106,-0.17752585606313412
2.0716,2.0716e-06,-0.13597468525618756,-0.1849156679288513
2.0723999999999947,2.0723999999999948e-06,-0.12011487303136364,-0.1922885129158025
2.0731999999999964,2.073199999999996e-06,-0.11584247931020314,-0.19964509462742577
2.073999999999998,2.073999999999998e-06,-0.15203479266146802,-0.20698585457846058
2.0747999999999998,2.0747999999999996e-06,-0.10649991583742285,-0.21431096702112434
2.0755999999999943,2.075599999999994e-06,-0.15366949522812928,-0.22162033667279143
2.076399999999996,2.076399999999996e-06,-0.13384274368566956,-0.22891359915634996
2.0771999999999977,2.0771999999999977e-06,-0.13778963417465862,-0.23619012396758501
2.0779999999999994,2.0779999999999994e-06,-0.19849492259626916,-0.24344901974549732
2.078799999999994,2.078799999999994e-06,-0.18005586220840852,-0.2506891415566973
2.0795999999999957,2.0795999999999957e-06,-0.18546836784081383,-0.25790909984667826
2.0803999999999974,2.0803999999999975e-06,-0.21296420680651884,-0.2651072706995839
2.0812000000000026,2.0812000000000026e-06,-0.2095113391414537,-0.27228180710201483
2.081999999999997,2.081999999999997e-06,-0.22636165685143111,-0.2794306510099926
2.082799999999999,2.082799999999999e-06,-0.18219007280760868,-0.28655154614962913
2.0836000000000006,2.0836000000000003e-06,-0.18232019823644574,-0.2936420516238344
2.0844000000000023,2.084400000000002e-06,-0.21398062335170348,-0.3006995565108874
2.085199999999997,2.0851999999999966e-06,-0.2021866681161414,-0.3077212956673864
2.0859999999999985,2.0859999999999983e-06,-0.2601173305713807,-0.3147043668611769
2.0868,2.0868e-06,-0.24213730353599594,-0.32164574919973565
2.087600000000002,2.087600000000002e-06,-0.2554713932122233,-0.328542322664357
2.0883999999999965,2.0883999999999964e-06,-0.25856338885361085,-0.3353908884682024
2.089199999999998,2.089199999999998e-06,-0.2812457157225681,-0.3421881899343537
2.09,2.09e-06,-0.2596840197676013,-0.3489309336104935
2.0908000000000015,2.0908000000000016e-06,-0.27927359465234347,-0.3556158103713429
2.091599999999996,2.091599999999996e-06,-0.26509728174283387,-0.36223951629302253
2.092399999999998,2.0923999999999975e-06,-0.309892069185155,-0.3687987731004199
2.0931999999999995,2.0931999999999993e-06,-0.2717751073380983,-0.37529034797615507
2.094000000000001,2.094000000000001e-06,-0.332909734040628,-0.38171107248210184
2.0947999999999958,2.0947999999999956e-06,-0.32127011409694445,-0.3880578603030904
2.0955999999999975,2.0955999999999974e-06,-0.3278526152233856,-0.3943277235017934
2.096399999999999,2.096399999999999e-06,-0.33318171165845906,-0.40051778699358803
2.0971999999999937,2.0971999999999937e-06,-0.367591796534219,-0.40662530101790334
2.0979999999999954,2.0979999999999954e-06,-0.36659921053191813,-0.4126476514898918
2.098799999999997,2.098799999999997e-06,-0.34561286608115943,-0.4185823682568933
2.0996000000000024,2.0996000000000023e-06,-0.2870158771986181,-0.42442713146047817
2.100399999999997,2.100399999999997e-06,-0.312729676200253,-0.43017977638852256
2.1011999999999986,2.1011999999999986e-06,-0.33794737186071633,-0.4358382973059898
2.1020000000000003,2.1020000000000004e-06,-0.37962103642168604,-0.4414008506918531
2.102800000000002,2.1028000000000017e-06,-0.39727820857353946,-0.44686575809527657
2.1035999999999966,2.1035999999999967e-06,-0.37629470098265566,-0.45223150857835737
2.1043999999999983,2.104399999999998e-06,-0.36939501869263286,-0.45749676056494326
2.1052,2.1051999999999998e-06,-0.3975766650827944,-0.4626603428998196
2.1060000000000016,2.1060000000000015e-06,-0.43576947040152025,-0.46772125497971173
2.1067999999999962,2.106799999999996e-06,-0.40231300953355303,-0.4726786658825226
2.107599999999998,2.107599999999998e-06,-0.36376841060266657,-0.4775319124929561
2.1083999999999996,2.1083999999999996e-06,-0.4001615869657807,-0.48228049672385664
2.1092000000000013,2.1092000000000013e-06,-0.40809432993826744,-0.48692408203170373
2.109999999999996,2.109999999999996e-06,-0.3749168445824008,-0.4914624894524636
2.1107999999999976,2.1107999999999976e-06,-0.4520015020900208,-0.4958956933182291
2.1115999999999993,2.111599999999999e-06,-0.40476591398208966,-0.5002238166978097
2.112400000000001,2.1124000000000007e-06,-0.4457849788758144,-0.5044471264889363
2.1131999999999955,2.1131999999999953e-06,-0.40942849547842636,-0.5085660280087878
2.113999999999997,2.113999999999997e-06,-0.4437169655053737,-0.5125810588908344
2.114799999999999,2.114799999999999e-06,-0.428531233944949,-0.5164928820801173
2.1156000000000006,2.1156000000000005e-06,-0.4756750907869589,-0.5203022776989776
2.116399999999995,2.116399999999995e-06,-0.44903698352893023,-0.5240101335274336
2.117199999999997,2.117199999999997e-06,-0.48374760543119233,-0.5276174338323559
2.1179999999999986,2.1179999999999986e-06,-0.44694324760989307,-0.5311252463167293
2.1187999999999967,2.1187999999999966e-06,-0.47928248225523745,-0.5345347070502772
2.1195999999999984,2.1195999999999983e-06,-0.4909909477763206,-0.5378470033634833
2.1204,2.1204e-06,-0.448268334738635,-0.5410633548127778
2.1212000000000018,2.121200000000002e-06,-0.5267442766037564,-0.5441849924483507
2.1219999999999963,2.1219999999999964e-06,-0.46252900169983846,-0.5472131367451326
2.122799999999998,2.122799999999998e-06,-0.47897589218882763,-0.5501489746975547
2.1235999999999997,2.1235999999999995e-06,-0.4691761873692842,-0.5529936367257094
2.1244000000000014,2.124400000000001e-06,-0.4442938296952367,-0.5557481741718854
2.125199999999996,2.1251999999999958e-06,-0.4688013195569674,-0.5584135382409359
2.1259999999999977,2.1259999999999975e-06,-0.48575793215289786,-0.5609905612218649
2.1267999999999994,2.1267999999999993e-06,-0.4937324739796678,-0.5634799407248998
2.127600000000001,2.127600000000001e-06,-0.47365871102524587,-0.5658822275232736
2.1283999999999956,2.1283999999999956e-06,-0.478105109546874,-0.5681978174599831
2.1291999999999973,2.1291999999999973e-06,-0.4481510694355521,-0.570426947789026
2.129999999999999,2.129999999999999e-06,-0.4910864607564789,-0.5725696982348292
2.1308000000000007,2.1308000000000004e-06,-0.4781113510983163,-0.5746259969221905
2.1315999999999953,2.131599999999995e-06,-0.49019052339732144,-0.5765956311369131
2.132399999999997,2.1323999999999967e-06,-0.49477461307354886,-0.5784782626560749
2.1331999999999987,2.1331999999999985e-06,-0.4951419151601034,-0.5802734471805341
2.1340000000000003,2.1340000000000002e-06,-0.5274297047081549,-0.5819806572331924
2.134799999999995,2.134799999999995e-06,-0.5258591188531057,-0.5835993077593531
2.1355999999999966,2.1355999999999965e-06,-0.5037861881055428,-0.585128783589814
2.1363999999999983,2.1363999999999983e-06,-0.528851628991375,-0.5865684679166782
2.1372,2.1372e-06,-0.5513849172657338,-0.5879177709809822
2.137999999999998,2.137999999999998e-06,-0.4906331011240527,-0.5891761582556758
2.1388,2.1387999999999997e-06,-0.5190714051690858,-0.5903431775096039
2.1396000000000015,2.1396000000000015e-06,-0.49996110097680097,-0.591418484245366
2.140399999999996,2.140399999999996e-06,-0.5361339333309116,-0.592401865085159
2.1411999999999978,2.141199999999998e-06,-0.5630154587981002,-0.5932932587062445
2.1419999999999995,2.1419999999999996e-06,-0.49563177694973265,-0.5940927739243924
2.142800000000001,2.142800000000001e-06,-0.5466812932578413,-0.5948007045495458
2.1435999999999957,2.1435999999999955e-06,-0.5355120541066327,-0.5954175407226778
2.1443999999999974,2.144399999999997e-06,-0.5313412264056379,-0.5959439765603742
2.145199999999999,2.145199999999999e-06,-0.551375271022924,-0.5963809140511023
2.146000000000001,2.1460000000000007e-06,-0.5438064254456244,-0.5967294632660968
2.1467999999999954,2.1467999999999953e-06,-0.5081518257783795,-0.5969909390857504
2.147599999999997,2.147599999999997e-06,-0.49329519065302824,-0.5971668547976727
2.1483999999999988,2.1483999999999988e-06,-0.4929050028778521,-0.5972589130598569
2.1492000000000004,2.1492000000000005e-06,-0.4804231597006863,-0.597268994780031
2.149999999999995,2.149999999999995e-06,-0.548007893072338,-0.5971991463923694
2.1507999999999967,2.1507999999999964e-06,-0.5499493742167438,-0.597051565829678
2.1515999999999984,2.151599999999998e-06,-0.5486694906338525,-0.5968285872783815
2.1524,2.1524e-06,-0.5061068866079952,-0.596532664674792
2.1531999999999947,2.1531999999999945e-06,-0.5322776384449585,-0.5961663539097524
2.1539999999999964,2.1539999999999962e-06,-0.512337405610841,-0.5957322938121913
2.154799999999998,2.154799999999998e-06,-0.5236416875681086,-0.5952331860876549
2.1555999999999997,2.1555999999999997e-06,-0.526956296247082,-0.5946717744401152
2.156399999999998,2.1563999999999977e-06,-0.5296441083246539,-0.5940508231121939
2.1571999999999996,2.1571999999999994e-06,-0.5208982693589488,-0.5933730950744964
2.1580000000000013,2.158000000000001e-06,-0.49873077048538983,-0.5926413301033471
2.158800000000003,2.158800000000003e-06,-0.5036083992937499,-0.5918582230074032
2.1595999999999975,2.1595999999999975e-06,-0.5330546093038433,-0.5910264022717835
2.160399999999999,2.1603999999999993e-06,-0.4973576429508225,-0.5901484093568135
2.161200000000001,2.161200000000001e-06,-0.5402415891745564,-0.5892266788227569
2.1619999999999955,2.1619999999999956e-06,-0.4864492224887807,-0.5882635193862698
2.162799999999997,2.162799999999997e-06,-0.49918772332071826,-0.5872610959724702
2.163599999999999,2.1635999999999986e-06,-0.5646643456650355,-0.5862214127988565
2.1644000000000005,2.1644000000000004e-06,-0.5272428374848448,-0.5851462974957393
2.165199999999995,2.165199999999995e-06,-0.4942281980008813,-0.5840373862486188
2.165999999999997,2.1659999999999967e-06,-0.49992308383675466,-0.582896109982773
2.1667999999999985,2.1667999999999985e-06,-0.4957849765787259,-0.5817236816971239
2.1676,2.1676000000000002e-06,-0.5401038980199571,-0.5805210851260547
2.1683999999999948,2.1683999999999948e-06,-0.48677756258092686,-0.5792890649130895
2.1691999999999965,2.1691999999999965e-06,-0.5148576429508225,-0.5780281184449025
2.169999999999998,2.169999999999998e-06,-0.5040869136433799,-0.576738489472226
2.1708,2.1707999999999996e-06,-0.509913437593845,-0.5754201636503924
2.1715999999999944,2.171599999999994e-06,-0.4882662519243992,-0.574072866147559
2.172399999999996,2.172399999999996e-06,-0.48338862311603914,-0.572696061479516
2.173199999999998,2.1731999999999977e-06,-0.5154628780379221,-0.5712889557296259
2.1739999999999995,2.1739999999999994e-06,-0.4919438131441973,-0.5698505012899289
2.1747999999999976,2.1747999999999974e-06,-0.5018144440581878,-0.5683794042163955
2.1755999999999993,2.175599999999999e-06,-0.5135257464392458,-0.5668741342527357
2.176400000000001,2.176400000000001e-06,-0.4677799833375721,-0.5653329375672136
2.1772000000000027,2.1772000000000026e-06,-0.46639229218297296,-0.563753852264009
2.1779999999999973,2.177999999999997e-06,-0.4968172809181625,-0.562134726746593
2.178799999999999,2.178799999999999e-06,-0.4684408245561593,-0.56047324098683
2.1796000000000006,2.1796000000000007e-06,-0.4985541173364823,-0.5587669306742258
2.1804000000000023,2.180400000000002e-06,-0.45137281118571865,-0.5570132141109476
2.181199999999997,2.181199999999997e-06,-0.4824739611025549,-0.5552094216165596
2.1819999999999986,2.1819999999999983e-06,-0.492367477705167,-0.5533528271186261
2.1828000000000003,2.1828e-06,-0.4885548736793096,-0.5514406815194349
2.183600000000002,2.183600000000002e-06,-0.43542467238644106,-0.5494702473512264
2.1843999999999966,2.1843999999999964e-06,-0.49139229218297287,-0.5474388341817018
2.1851999999999983,2.185199999999998e-06,-0.4324586411396957,-0.5453438341994662
2.186,2.186e-06,-0.47461573742741753,-0.5431827573566139
2.1867999999999945,2.1867999999999945e-06,-0.5251241353600388,-0.540953265352481
2.187599999999996,2.1875999999999962e-06,-0.48450849768720217,-0.5386532036385454
2.188399999999998,2.188399999999998e-06,-0.5040167438917602,-0.5362806305776543
2.1891999999999996,2.1891999999999993e-06,-0.4899794463111698,-0.5338338429644114
2.189999999999994,2.1899999999999943e-06,-0.44950509299573466,-0.5313113973134843
2.190799999999996,2.1907999999999956e-06,-0.44990643969957533,-0.5287121265874641
2.1915999999999976,2.1915999999999974e-06,-0.44924219378942065,-0.5260351522807011
2.1923999999999992,2.192399999999999e-06,-0.444141951943475,-0.5232798919358864
2.1931999999999974,2.1931999999999975e-06,-0.42556236354104027,-0.5204460622256144
2.193999999999999,2.193999999999999e-06,-0.46437288704975027,-0.5175336777050235
2.1948000000000008,2.1948000000000006e-06,-0.48210249798170557,-0.514543045275492
2.1956000000000024,2.1956000000000023e-06,-0.4847783947877858,-0.5114747543393737
2.196399999999997,2.196399999999997e-06,-0.46526315068895807,-0.5083296626317682
2.1971999999999987,2.1971999999999986e-06,-0.4706610927012313,-0.5051088778416729
2.1980000000000004,2.1980000000000004e-06,-0.4079594733465546,-0.501813735381889
2.198800000000002,2.198800000000002e-06,-0.3915084218231706,-0.49844577296777365
2.1995999999999967,2.1995999999999967e-06,-0.42320497207276186,-0.4950067029201526
2.2003999999999984,2.2003999999999984e-06,-0.4196274641874746,-0.4914983832346299
2.2012,2.2011999999999998e-06,-0.4040216612689824,-0.4879227884402377
2.2020000000000017,2.2020000000000015e-06,-0.38735707511942985,-0.4842819811638424
2.2027999999999963,2.202799999999996e-06,-0.3885416342335977,-0.4805780851967574
2.203599999999998,2.203599999999998e-06,-0.378154851149789,-0.4768132607436164
2.2043999999999997,2.2043999999999996e-06,-0.3978306720919376,-0.4729896823916437
2.2052000000000014,2.2052000000000013e-06,-0.38357492250795644,-0.4691095201557616
2.205999999999996,2.205999999999996e-06,-0.35218931187050456,-0.4651749237521337
2.2067999999999977,2.2067999999999977e-06,-0.3864409004201909,-0.4611880100566404
2.2075999999999993,2.2075999999999994e-06,-0.44934357129825164,-0.4571508535202847
2.208399999999994,2.208399999999994e-06,-0.41695837676422925,-0.45306547914659384
2.2091999999999956,2.2091999999999957e-06,-0.3600802559885082,-0.44893385753879544
2.2099999999999973,2.209999999999997e-06,-0.3332730613072341,-0.44475790156127587
2.210799999999999,2.210799999999999e-06,-0.4143012046124758,-0.4405394643040271
2.211599999999997,2.211599999999997e-06,-0.33672536114080653,-0.4362803381687551
2.212399999999999,2.2123999999999985e-06,-0.36419056018079304,-0.431982254928079
2.2132000000000005,2.2132000000000003e-06,-0.38730260465072747,-0.4276468865752733
2.214000000000002,2.214000000000002e-06,-0.35183524922966203,-0.4232758467490553
2.2147999999999968,2.2147999999999966e-06,-0.36745920897108825,-0.4188706925178518
2.2155999999999985,2.2155999999999983e-06,-0.34360896712514255,-0.4144329263484299
2.2164,2.2164e-06,-0.3380602830238929,-0.40996399816060236
2.217200000000002,2.217200000000002e-06,-0.3546002289531234,-0.4054653074589906
2.2179999999999964,2.2179999999999964e-06,-0.3064798624145993,-0.40093820560716015
2.218799999999998,2.218799999999998e-06,-0.30183165602675976,-0.39638399835763255
2.2196,2.2196e-06,-0.29367648852812217,-0.39180394876598834
2.2204000000000015,2.2204000000000012e-06,-0.32669396487216046,-0.3871992805770114
2.221199999999996,2.2211999999999958e-06,-0.30896435394020527,-0.38257118205976287
2.2219999999999978,2.2219999999999975e-06,-0.3181595800155765,-0.37792081011439405
2.2227999999999994,2.2227999999999993e-06,-0.3550369444483702,-0.373249294341191
2.223600000000001,2.223600000000001e-06,-0.2970695890273048,-0.36855774070688924
2.2243999999999957,2.2243999999999956e-06,-0.2583307479559692,-0.36384723448320594
2.2251999999999974,2.2251999999999973e-06,-0.3138641120942596,-0.35911884224352925
2.225999999999999,2.225999999999999e-06,-0.2688718663314565,-0.354373612818961
2.226800000000001,2.226800000000001e-06,-0.2770347880672912,-0.34961257716883587
2.2275999999999954,2.2275999999999954e-06,-0.2674798256311277,-0.34483674710781165
2.228399999999997,2.2283999999999967e-06,-0.3218607832668237,-0.34004711279152666
2.2291999999999987,2.2291999999999985e-06,-0.2968002597581137,-0.3352446388322957
2.229999999999997,2.229999999999997e-06,-0.26523175442031205,-0.33043025893135003
2.2307999999999986,2.2307999999999986e-06,-0.25646076073740304,-0.3256048690135237
2.2316000000000003,2.2316e-06,-0.25572483238997384,-0.32076931902736094
2.232400000000002,2.2324000000000017e-06,-0.19279568262038937,-0.3159244037573009
2.2331999999999965,2.2331999999999963e-06,-0.2629744162865445,-0.31107085310670335
2.233999999999998,2.233999999999998e-06,-0.26248606718256995,-0.30620932232085696
2.2348,2.2347999999999998e-06,-0.22435378537255402,-0.30134038255536855
2.2356000000000016,2.2356000000000015e-06,-0.23615889953668068,-0.2964645121267624
2.236399999999996,2.236399999999996e-06,-0.1940324431746775,-0.29158208876831965
2.237199999999998,2.237199999999998e-06,-0.2466846979493087,-0.2866933832478827
2.2379999999999995,2.2379999999999996e-06,-0.20238658167945173,-0.28179855473235027
2.2388000000000012,2.2388000000000013e-06,-0.17356565558500459,-0.2768976482788589
2.239599999999996,2.239599999999996e-06,-0.20965072919605404,-0.27199059480724086
2.2403999999999975,2.2403999999999972e-06,-0.17100305155914725,-0.26707721386574934
2.241199999999999,2.241199999999999e-06,-0.1956482325754772,-0.2621572194242506
2.242000000000001,2.2420000000000007e-06,-0.18253959279701026,-0.2572302288138499
2.2427999999999955,2.2427999999999953e-06,-0.15443927508703303,-0.25229577480476256
2.243599999999997,2.243599999999997e-06,-0.1873580222708804,-0.24735332069744198
2.244399999999999,2.244399999999999e-06,-0.19958188361875445,-0.24240227819657123
2.2452000000000005,2.2452000000000005e-06,-0.12623247397966775,-0.2374420277422202
2.245999999999995,2.245999999999995e-06,-0.15346333322191152,-0.23247194089987186
2.246799999999997,2.246799999999997e-06,-0.1289912121516869,-0.22749140436143156
2.2475999999999985,2.247599999999998e-06,-0.16653225466324267,-0.2224998450443566
2.2484,2.2484e-06,-0.13636940879143966,-0.21749675565853271
2.2491999999999983,2.2491999999999983e-06,-0.1940725408318711,-0.21248171996071671
2.25,2.25e-06,-0.18324412487569336,-0.20745443679974152
2.2508000000000017,2.2508000000000014e-06,-0.15806803955817839,-0.20241474203538587
2.2516000000000034,2.251600000000003e-06,-0.1181662008869766,-0.19736262752317105
2.252399999999998,2.2523999999999977e-06,-0.10476042877347486,-0.1922982565756293
2.2531999999999996,2.2531999999999995e-06,-0.16580105518160104,-0.1872219755522875
2.2540000000000013,2.254000000000001e-06,-0.13110783375944568,-0.18213432140311714
2.254799999999996,2.2547999999999958e-06,-0.14215602589323423,-0.17703602508328775
2.2555999999999976,2.2555999999999975e-06,-0.1363707329657597,-0.17192801084668183
2.2563999999999993,2.2563999999999993e-06,-0.09086573972460582,-0.16681139158165798
2.257200000000001,2.257200000000001e-06,-0.07244199929960465,-0.1616874605703069
2.2579999999999956,2.2579999999999956e-06,-0.07898478208880994,-0.15655768026785824
2.2587999999999973,2.2587999999999973e-06,-0.08625252280831464,-0.15142366883841732
2.259599999999999,2.2595999999999987e-06,-0.04558676421250518,-0.14628718521045697
2.2604000000000006,2.2604000000000004e-06,-0.05228123394494899,-0.14115011335143135
2.261199999999995,2.261199999999995e-06,-0.07303172591241003,-0.13601444634931678
2.261999999999997,2.2619999999999967e-06,-0.06979863442495576,-0.13088227075277833
2.2627999999999986,2.2627999999999985e-06,-0.024530817841519503,-0.12575575147526113
2.2636000000000003,2.2636000000000002e-06,-0.06825225843284827,-0.12063711743998731
2.264399999999995,2.2643999999999948e-06,-0.04635257614282556,-0.11552864804976545
2.2651999999999965,2.2651999999999965e-06,-0.038673086133843126,-0.11043266049556161
2.2659999999999982,2.2659999999999983e-06,-0.00804572170094936,-0.10535149785867401
2.2668,2.2667999999999996e-06,-0.031129206762312567,-0.10028751791143675
2.2675999999999945,2.2675999999999946e-06,-0.04834474604169686,-0.09524308246594027
2.2683999999999997,2.2683999999999997e-06,-0.04109856683649388,-0.09022054704405583
2.2692000000000014,2.2692000000000015e-06,-0.033692567130997275,-0.08522225057037375
2.270000000000003,2.270000000000003e-06,-0.026100079522248576,-0.08025050477622384
2.2707999999999977,2.270799999999998e-06,-0.009189806135054102,-0.07530758307094104
2.2715999999999994,2.271599999999999e-06,0.018704542674416902,-0.07039570875518536
2.272400000000001,2.272400000000001e-06,-0.025409922552062758,-0.06551704256612187
2.2732000000000028,2.2732000000000026e-06,-0.015381363143491533,-0.06067366961712495
2.2739999999999974,2.273999999999997e-06,-0.0021628352760691416,-0.05586758582868526
2.274799999999999,2.274799999999999e-06,0.01673809532424203,-0.05110068398609505
2.2756000000000007,2.2756000000000007e-06,0.04281844006960406,-0.04637473964034573
2.2763999999999953,2.2763999999999953e-06,0.06029271752090759,-0.04169139717116585
2.277199999999997,2.277199999999997e-06,0.014606153753623952,-0.037052156389567756
2.2779999999999987,2.2779999999999988e-06,0.0453748025440191,-0.032458360023558314
2.2788000000000004,2.2788e-06,-0.010366611012024796,-0.027911182321616754
2.279599999999995,2.2795999999999947e-06,0.08555353621007422,-0.02341161889568981
2.2803999999999967,2.2803999999999964e-06,0.05082210913643781,-0.018960477873258233
2.2811999999999983,2.281199999999998e-06,0.06146630621794563,-0.014558372434610084
2.282,2.282e-06,0.03848419866541347,-0.010205714817316816
2.2827999999999946,2.2827999999999945e-06,0.03475859703968992,-0.005902711832832683
2.2835999999999963,2.2835999999999962e-06,0.08916168402118008,-0.0016493618867464005
2.284399999999998,2.284399999999998e-06,0.06154763489812981,0.002554546520276868
2.2851999999999997,2.2851999999999997e-06,0.08826933986492497,0.006709434800790726
2.2859999999999943,2.2859999999999943e-06,0.05559892826735957,0.010815932752483201
2.286799999999996,2.286799999999996e-06,0.0645798633736348,0.01487487544587765
2.287600000000001,2.287600000000001e-06,0.10437465081595593,0.01888729849541801
2.288400000000003,2.288400000000003e-06,0.07290487463834511,0.022854431676253617
2.2891999999999975,2.2891999999999975e-06,0.09216610943094117,0.02677769081400677
2.289999999999999,2.2899999999999993e-06,0.12378133100034838,0.03065866783555439
2.290800000000001,2.2908000000000006e-06,0.15419875400987576,0.03449911885259824
2.2916000000000025,2.2916000000000023e-06,0.11846206931961933,0.03830095017946321
2.292399999999997,2.292399999999997e-06,0.061472736280822726,0.04206620229301361
2.293199999999999,2.2931999999999986e-06,0.09231647219985978,0.045797031926012186
2.2940000000000005,2.2940000000000004e-06,0.12406314337242386,0.049495692666158
2.294800000000002,2.294800000000002e-06,0.10072848586480393,0.05316451450580975
2.2955999999999968,2.2955999999999967e-06,0.14224346558826534,0.056805882733091895
2.2963999999999984,2.2963999999999985e-06,0.09404366237526973,0.06042221645151198
2.2972,2.2972000000000002e-06,0.15380308102611467,0.0640159469376631
2.2979999999999947,2.2979999999999948e-06,0.09829808778493093,0.06758949600621034
2.2987999999999964,2.298799999999996e-06,0.09922598924422704,0.07114525452177803
2.299599999999998,2.299599999999998e-06,0.148008709687163,0.07468556114937092
2.3004,2.3003999999999996e-06,0.16877660213463086,0.0782126813457239
2.3011999999999944,2.301199999999994e-06,0.1764129691149401,0.08172878647101062
2.301999999999996,2.301999999999996e-06,0.1480894705359146,0.08523593280523854
2.3027999999999977,2.3027999999999977e-06,0.17584745236507643,0.08873604025813996
2.3035999999999994,2.3035999999999994e-06,0.17623083075738766,0.09223087067175526
2.304399999999994,2.304399999999994e-06,0.16467764538240526,0.09572200577495854
2.3051999999999957,2.3051999999999957e-06,0.17607573912274155,0.09921082500978382
2.3059999999999974,2.3059999999999975e-06,0.16103337243693572,0.10269848359757067
2.3068000000000026,2.3068000000000026e-06,0.16715608386807368,0.10618589134360487
2.307599999999997,2.307599999999997e-06,0.16846377051677863,0.1096736927772623
2.308399999999999,2.308399999999999e-06,0.17918513524413893,0.1131622492780269
2.3092000000000006,2.3092000000000003e-06,0.15859881332279802,0.1166516238473098
2.3100000000000023,2.310000000000002e-06,0.15288785118117787,0.12014156916230763
2.310799999999997,2.3107999999999966e-06,0.17672693409852214,0.12363151949420276
2.3115999999999985,2.3115999999999983e-06,0.19643755600072133,0.12712058697707804
2.3124000000000002,2.3124e-06,0.1377828804695047,0.1306075625720182
2.313200000000002,2.313200000000002e-06,0.1818222585673126,0.13409092190388774
2.3139999999999965,2.3139999999999964e-06,0.19653288046950468,0.13756883597385505
2.314799999999998,2.314799999999998e-06,0.216988509130553,0.14103918656142655
2.3156,2.3156e-06,0.20377830333178049,0.1444995859310444
2.3164000000000016,2.3164000000000017e-06,0.21163236597259305,0.14794740029604558
2.317199999999996,2.3171999999999962e-06,0.24492957417155947,0.15137977640778036
2.317999999999998,2.3179999999999975e-06,0.22171653151278203,0.15479367062462554
2.3187999999999995,2.3187999999999993e-06,0.25956643311929983,0.15818587985145238
2.319600000000001,2.319600000000001e-06,0.21364969058863814,0.16155307381981543
2.320399999999996,2.3203999999999956e-06,0.1895825094250565,0.1648918283002092
2.3211999999999975,2.3211999999999974e-06,0.20194538610187995,0.1681986589654825
2.321999999999999,2.321999999999999e-06,0.23345979799391858,0.17147005569043222
2.3227999999999938,2.3227999999999937e-06,0.26529611991528657,0.1747025170237427
2.3235999999999954,2.3235999999999954e-06,0.2509917620939873,0.17789258442988093
2.324399999999997,2.324399999999997e-06,0.2271347108651769,0.18103687576774244
2.325199999999999,2.3251999999999985e-06,0.25959366835365105,0.1841321174293115
2.325999999999997,2.325999999999997e-06,0.25140218720921514,0.1871751745968489
2.3267999999999986,2.3267999999999986e-06,0.2733714714193949,0.19016307913038835
2.3276000000000003,2.3276000000000004e-06,0.25042908220409854,0.19309305463713133
2.328400000000002,2.3284000000000017e-06,0.2856078158702535,0.1959625383164078
2.3291999999999966,2.3291999999999967e-06,0.2818564916959334,0.19876919923873185
2.3299999999999983,2.329999999999998e-06,0.22106136401414445,0.20151095280685188
2.3308,2.3307999999999998e-06,0.25378548973755477,0.20418597124781346
2.3316000000000017,2.3316000000000015e-06,0.28249369088317167,0.206792690064189
2.3323999999999963,2.332399999999996e-06,0.3311595253429127,0.20932981038811763
2.333199999999998,2.333199999999998e-06,0.3079381606156155,0.2117962971470241
2.3339999999999996,2.3339999999999996e-06,0.2534509080938663,0.21419137295673474
2.3348000000000013,2.3348000000000013e-06,0.28381196862897873,0.21651450778423792
2.335599999999996,2.335599999999996e-06,0.29896838443790474,0.21876540463346006
2.3363999999999976,2.3363999999999977e-06,0.27383561066052764,0.2209439816949037
2.3371999999999993,2.337199999999999e-06,0.28729623256268977,0.22305035150561262
2.338000000000001,2.3380000000000007e-06,0.32060308700456586,0.2250847977160524
2.3387999999999955,2.3387999999999953e-06,0.2617405505671706,0.2270477500992271
2.3395999999999972,2.339599999999997e-06,0.2921273336508792,0.22893975848242143
2.340399999999999,2.340399999999999e-06,0.2674868815002367,0.23076146632861133
2.3412000000000006,2.3412000000000006e-06,0.30016561516639184,0.23251358471849615
2.341999999999995,2.341999999999995e-06,0.2640067786009205,0.23419686745754686
2.342799999999997,2.342799999999997e-06,0.3129056286840841,0.23581208795491954
2.3435999999999986,2.3435999999999986e-06,0.2680100315643247,0.23736001841721982
2.3443999999999967,2.3443999999999966e-06,0.2603027384895985,0.23884141179057433
2.3451999999999984,2.3451999999999983e-06,0.2863545238262891,0.24025698676778195
2.346,2.346e-06,0.3186986758487558,0.24160741603220925
2.3468000000000018,2.346800000000002e-06,0.30863115444577616,0.24289331772632594
2.3475999999999964,2.3475999999999964e-06,0.301583378415317,0.24411524994784833
2.348399999999998,2.348399999999998e-06,0.3103152215924829,0.24527370795306067
2.3491999999999997,2.3491999999999995e-06,0.2882716065963187,0.2463691237051408
2.3500000000000014,2.3500000000000012e-06,0.3312641167345879,0.24740186740660075
2.350799999999996,2.3507999999999958e-06,0.3259991370111265,0.24837225065497584
2.3515999999999977,2.3515999999999975e-06,0.34602202269974824,0.24928053085675775
2.3523999999999994,2.3523999999999993e-06,0.2893581928931229,0.2501269165608528
2.353200000000001,2.353200000000001e-06,0.33893660884930077,0.2509115734585684
2.3539999999999957,2.3539999999999956e-06,0.3108739289594118,0.2516346309266526
2.3547999999999973,2.3547999999999973e-06,0.29217613039953205,0.25229618911554075
2.355599999999999,2.355599999999999e-06,0.32793702495273025,0.25289632667279655
2.3564000000000007,2.3564000000000004e-06,0.2904113024041337,0.25343510923497126
2.3571999999999953,2.357199999999995e-06,0.302505038323171,0.2539125988215891
2.357999999999997,2.3579999999999967e-06,0.28659453734398144,0.2543288642256093
2.3587999999999987,2.3587999999999985e-06,0.34104642107412453,0.2546839924186838
2.3596000000000004,2.3596000000000002e-06,0.28251487307751544,0.2549781008817074
2.360399999999995,2.360399999999995e-06,0.30887192430629595,0.25521135065017825
2.3611999999999966,2.3611999999999966e-06,0.3786646312315697,0.25538395975734285
2.3619999999999983,2.3619999999999983e-06,0.3122748595598229,0.25549621668468336
2.3628,2.3628e-06,0.29765407691776935,0.2555484934087127
2.363599999999998,2.363599999999998e-06,0.32121342798022245,0.2555412576841427
2.3644,2.3643999999999998e-06,0.3071462468166408,0.25547508429870297
2.3652000000000015,2.3652000000000015e-06,0.28700855566204153,0.25535066510293536
2.365999999999996,2.365999999999996e-06,0.30992106129444663,0.2551688176165161
2.366799999999998,2.366799999999998e-06,0.343901996400622,0.25493049195183537
2.3675999999999995,2.3675999999999996e-06,0.34381707451763555,0.25463677570763577
2.368400000000001,2.368400000000001e-06,0.29557830931023177,0.2542888964171159
2.3691999999999958,2.3691999999999955e-06,0.3672179292539153,0.2538882211388064
2.3699999999999974,2.3699999999999972e-06,0.30864325822860283,0.2534362528675872
2.370799999999999,2.370799999999999e-06,0.3892539785243172,0.2529346235842964
2.371600000000001,2.3716000000000007e-06,0.33159813054678366,0.25238508393362696
2.3723999999999954,2.3723999999999953e-06,0.29643055580929323,0.25178948973672155
2.373199999999997,2.373199999999997e-06,0.2790258802781167,0.2511497858115024
2.3739999999999988,2.3739999999999988e-06,0.2652340814237336,0.25046798783079427
2.3748000000000005,2.3748000000000005e-06,0.30122950428600914,0.24974616309059067
2.375599999999995,2.375599999999995e-06,0.33488493616001314,0.24898641102429003
2.3763999999999967,2.3763999999999964e-06,0.28232384481991046,0.24819084412571565
2.3771999999999984,2.377199999999998e-06,0.2962866231032517,0.24736156974870827
2.378,2.378e-06,0.3191705693269856,0.2465006731187145
2.3787999999999947,2.3787999999999945e-06,0.26047144659278587,0.24561020181931584
2.3795999999999964,2.3795999999999962e-06,0.32317873966761224,0.2446921519559565
2.380399999999998,2.380399999999998e-06,0.2959694419396699,0.24374845612263635
2.3811999999999998,2.3811999999999997e-06,0.27355436382275644,0.2427809732085699
2.381999999999998,2.3819999999999977e-06,0.3239333926692681,0.24179147999441927
2.3827999999999996,2.3827999999999994e-06,0.29811954033312216,0.24078166441077686
2.3836000000000013,2.383600000000001e-06,0.28946146011047813,0.23975312026814372
2.384400000000003,2.384400000000003e-06,0.31063486029608145,0.2387073432242947
2.3851999999999975,2.3851999999999975e-06,0.2962588200375078,0.23764572773767495
2.3859999999999992,2.3859999999999993e-06,0.26093123628818904,0.23656956475582613
2.386800000000001,2.386800000000001e-06,0.3457517462792066,0.23548003988890076
2.3875999999999955,2.3875999999999956e-06,0.29085123178222483,0.23437823181065726
2.388399999999997,2.388399999999997e-06,0.2991302831583572,0.233265110623013
2.389199999999999,2.3891999999999987e-06,0.2935154018283481,0.23214153594369163
2.3900000000000006,2.3900000000000004e-06,0.34418588928984484,0.23100825454448448
2.390799999999995,2.390799999999995e-06,0.28597852035108706,0.2298658974649851
2.391599999999997,2.3915999999999967e-06,0.2642339296956703,0.2287149766428713
2.3923999999999985,2.3923999999999985e-06,0.28433625205876345,0.2275558812380576
2.3932,2.3932000000000002e-06,0.308326077065021,0.22638887395388058
2.393999999999995,2.3939999999999948e-06,0.23443573756188174,0.22521408772292864
2.3947999999999965,2.3947999999999965e-06,0.2945594329278418,0.22403152312015825
2.395599999999998,2.395599999999998e-06,0.28103072179120725,0.22284104682320305
2.3964,2.3963999999999996e-06,0.25323510214202716,0.22164239137793904
2.3971999999999944,2.397199999999994e-06,0.2783553928165198,0.2204351564503822
2.397999999999996,2.397999999999996e-06,0.27544572404418943,0.21921881166352847
2.398799999999998,2.3987999999999977e-06,0.29051797431295656,0.21799270103590085
2.3995999999999995,2.3995999999999994e-06,0.2667596522443668,0.21675604896255563
2.4003999999999976,2.4003999999999974e-06,0.303708699114535,0.2155079676282248
2.4011999999999993,2.401199999999999e-06,0.23934249361020576,0.21424746573332704
2.402000000000001,2.402000000000001e-06,0.26590551373949245,0.21297345843885884
2.4028000000000027,2.4028000000000026e-06,0.276872377193197,0.2116847784650178
2.4035999999999973,2.403599999999997e-06,0.25943290070190694,0.21038018827783067
2.404399999999999,2.404399999999999e-06,0.27446770166192047,0.20905839326048198
2.4052000000000007,2.4052000000000007e-06,0.2789557105264969,0.20771805571733076
2.4060000000000024,2.4060000000000025e-06,0.2711670887715866,0.20635780953044583
2.406799999999997,2.406799999999997e-06,0.2093160147187818,0.2049762752926228
2.4075999999999986,2.4075999999999983e-06,0.26875749586318787,0.20357207576328093
2.4084000000000003,2.4084e-06,0.28497609959454173,0.20214385149581776
2.409200000000002,2.409200000000002e-06,0.25816758073894763,0.20069027643668325
2.4099999999999966,2.4099999999999964e-06,0.2329158404612981,0.19921007322451523
2.4107999999999983,2.410799999999998e-06,0.257327249511378,0.1977020278793691
2.4116,2.4116e-06,0.28916300360122327,0.19616500357456734
2.4123999999999945,2.4123999999999945e-06,0.23846395673105503,0.19459795318838158
2.4131999999999962,2.4131999999999962e-06,0.3013520639890839,0.19299993033414267
2.413999999999998,2.413999999999998e-06,0.23779479344387822,0.1913700986043684
2.4147999999999996,2.4147999999999993e-06,0.2661982965287979,0.18970773885992923
2.415599999999994,2.4155999999999943e-06,0.1850262205175146,0.1880122545283243
2.416399999999996,2.4163999999999956e-06,0.2764835135922409,0.18628317499777744
2.4171999999999976,2.4171999999999974e-06,0.239256815384292,0.18452015725489243
2.4179999999999993,2.417999999999999e-06,0.22598684241967681,0.1827229858972168
2.4187999999999974,2.4187999999999975e-06,0.2510515269626815,0.18089157159870337
2.419599999999999,2.419599999999999e-06,0.22823018476480506,0.17902594806711455
2.4204000000000008,2.4204000000000006e-06,0.2469238222903899,0.17712626751860946
2.4212000000000025,2.4212000000000023e-06,0.23211447122803675,0.17519279469221713
2.421999999999997,2.421999999999997e-06,0.2510403680341169,0.173225899433672
2.4227999999999987,2.4227999999999986e-06,0.25229112437694445,0.1712260479038776
2.4236000000000004,2.4236000000000004e-06,0.19655860072098286,0.1691937925211076
2.424400000000002,2.424400000000002e-06,0.19987604626003086,0.16712976082699746
2.4251999999999967,2.4251999999999967e-06,0.22983708426562244,0.16503464354500746
2.4259999999999984,2.4259999999999985e-06,0.2032398310077147,0.16290918212427397
2.4268,2.4267999999999998e-06,0.27128378624327676,0.16075415601047868
2.4276000000000018,2.4276000000000015e-06,0.2249267350143963,0.15857036980566525
2.4283999999999963,2.428399999999996e-06,0.20303745531011075,0.15635864044918557
2.429199999999998,2.429199999999998e-06,0.18518963422071033,0.15411978461067732
2.4299999999999997,2.4299999999999996e-06,0.2202007931493748,0.1518546065949119
2.4308000000000014,2.4308000000000014e-06,0.20480701217129638,0.1495638871357816
2.431599999999996,2.431599999999996e-06,0.18909680637256365,0.14724837345865682
2.4323999999999977,2.4323999999999977e-06,0.16165108832983144,0.14490877094303253
2.4331999999999994,2.4331999999999994e-06,0.21314242602174394,0.14254573665684483
2.433999999999994,2.433999999999994e-06,0.25026755820952706,0.14015987495646315
2.4347999999999956,2.4347999999999957e-06,0.17379853837474357,0.13775173525309664
2.4355999999999973,2.435599999999997e-06,0.15809098092455087,0.13532181198846022
2.436399999999999,2.436399999999999e-06,0.16199191152486225,0.13287054687929487
2.437199999999997,2.437199999999997e-06,0.1737726273146123,0.13039833352658478
2.437999999999999,2.437999999999999e-06,0.1840098039723299,0.12790552444181716
2.4388000000000005,2.4388000000000003e-06,0.18894095839503033,0.12539244039732053
2.439600000000002,2.439600000000002e-06,0.17555901682441233,0.12285938183268802
2.440399999999997,2.4403999999999966e-06,0.1956167034731474,0.12030664192360763
2.4411999999999985,2.4411999999999983e-06,0.1379699339071011,0.11773452086742278
2.442,2.442e-06,0.1716851329470176,0.11514334093746106
2.442800000000002,2.442800000000002e-06,0.16339700315946803,0.11253346186212726
2.4435999999999964,2.4435999999999964e-06,0.16046085549561395,0.10990529605873964
2.444399999999998,2.444399999999998e-06,0.16815207226465356,0.10725932319137574
2.4452,2.4452e-06,0.13914200991834436,0.10459610345236603
2.4460000000000015,2.4460000000000012e-06,0.2454705017385237,0.10191628891481545
2.446799999999996,2.4467999999999958e-06,0.18079127610500767,0.09922063228672152
2.4475999999999978,2.4475999999999975e-06,0.13894020205217283,0.09650999245051665
2.4483999999999995,2.4483999999999993e-06,0.17334480171934785,0.09378533633243785
2.449200000000001,2.449200000000001e-06,0.18170726229281187,0.09104773688996749
2.4499999999999957,2.4499999999999956e-06,0.14145344149791483,0.0882983672504111
2.4507999999999974,2.4507999999999974e-06,0.1525086315260431,0.08553849123142533
2.451599999999999,2.451599999999999e-06,0.10775356242088774,0.08276945064043255
2.452400000000001,2.452400000000001e-06,0.10771384408365192,0.0799926498906509
2.4531999999999954,2.4531999999999954e-06,0.1293776738903072,0.07720953854813244
2.453999999999997,2.453999999999997e-06,0.15004475666040662,0.07442159240165959
2.4547999999999988,2.4547999999999985e-06,0.13581964700217408,0.07163029354622785
2.455599999999997,2.455599999999997e-06,0.13327103876492608,0.06883710986497629
2.4563999999999986,2.4563999999999986e-06,0.11930391093585524,0.06604347425481409
2.4572000000000003,2.4572e-06,0.1177006046379101,0.06325076397893344
2.458000000000002,2.4580000000000017e-06,0.09489382606006547,0.060460280600351024
2.4587999999999965,2.4587999999999963e-06,0.07794950805561474,0.05767323100143078
2.4595999999999982,2.459599999999998e-06,0.09370567374305838,0.054890709989747294
2.4604,2.4603999999999998e-06,0.15490139178578766,0.05211368491387533
2.4612000000000016,2.4612000000000015e-06,0.07712525313373175,0.04934298257948824
2.461999999999996,2.461999999999996e-06,0.10191663588468558,0.046579278626557016
2.462799999999998,2.462799999999998e-06,0.11533621527536198,0.043823089462086656
2.4635999999999996,2.4635999999999996e-06,0.05646025088077977,0.041074766837633336
2.4644000000000013,2.4644000000000013e-06,0.0914560898464879,0.038334495167499705
2.465199999999996,2.465199999999996e-06,0.06406389741816298,0.035602291662738955
2.4659999999999975,2.4659999999999972e-06,0.11152077438948971,0.03287800929303497
2.466799999999999,2.466799999999999e-06,0.0455232710100667,0.030161342487045203
2.467600000000001,2.4676000000000007e-06,0.10500919935746578,0.02745183536861444
2.4683999999999955,2.4683999999999953e-06,0.06788690402975739,0.02474889223165043
2.469199999999997,2.469199999999997e-06,0.0789470114350379,0.022051789888714146
2.469999999999999,2.469999999999999e-06,0.08494167795445606,0.01935969148311155
2.4708000000000006,2.4708000000000006e-06,0.08953276552495015,0.016671661332132603
2.471599999999995,2.471599999999995e-06,0.06055447876727793,0.013986680375157004
2.472399999999997,2.472399999999997e-06,0.09969542288531852,0.011303661839121723
2.4731999999999985,2.473199999999998e-06,0.07584593738223322,0.0086214668049584
2.474,2.474e-06,0.08089605830520608,0.005938919457122091
2.4747999999999983,2.4747999999999983e-06,0.07692060840754555,0.0032548219238277
2.4756,2.4756e-06,0.05672447426138372,0.0005679687698623564
2.4764000000000017,2.4764000000000014e-06,0.0017335526728309292,-0.0021228386265249033
2.4772000000000034,2.477200000000003e-06,0.0027957405952587777,-0.004818777435977757
2.477999999999998,2.4779999999999977e-06,0.010778415979253553,-0.007520988046430317
2.4787999999999997,2.4787999999999995e-06,0.02419591485274264,-0.010230557696512987
2.4796000000000014,2.4796000000000012e-06,0.032368482831426904,-0.012948502975862967
2.480399999999996,2.4803999999999958e-06,0.05136133320912417,-0.015675751412487227
2.4811999999999976,2.4811999999999975e-06,0.02584518103937583,-0.018413122658005432
2.4819999999999993,2.4819999999999993e-06,0.04781238473243821,-0.021161309978401523
2.482800000000001,2.482800000000001e-06,0.08197621453910331,-0.023920862849375557
2.4835999999999956,2.4835999999999956e-06,0.06805088556441574,-0.026692171455969964
2.4843999999999973,2.4843999999999973e-06,0.02820181616475692,-0.029475453806361872
2.485199999999999,2.4851999999999987e-06,0.014096997181086812,-0.03227074597997148
2.4860000000000007,2.4860000000000004e-06,0.10041451858409645,-0.035077895769320286
2.4867999999999952,2.486799999999995e-06,-0.0344706759499559,-0.03789655971342551
2.487599999999997,2.4875999999999967e-06,0.00468691230532714,-0.04072620330242719
2.4883999999999986,2.4883999999999985e-06,0.011467628095077287,-0.04356610396099023
2.4892000000000003,2.4892000000000002e-06,-0.008966439051629416,-0.046415356308015264
2.489999999999995,2.489999999999995e-06,-0.002040277870082985,-0.049272879170530776
2.4907999999999966,2.4907999999999965e-06,-0.014726765773334982,-0.05213742388465872
2.4915999999999983,2.4915999999999983e-06,-0.005669987195490389,-0.05500758349982721
2.4924,2.4923999999999996e-06,0.00044572634127781896,-0.05788180258957273
2.4931999999999945,2.4931999999999946e-06,-0.011032371904922678,-0.06075838745844285
2.4939999999999998,2.4939999999999998e-06,-0.011185383022381257,-0.0636355166074955
2.4948000000000015,2.4948000000000015e-06,-0.0702255174630465,-0.06651125136869694
2.495600000000003,2.495600000000003e-06,-0.009595316170178059,-0.06938354665489324
2.4963999999999977,2.496399999999998e-06,0.013692813617271482,-0.07225026183521664
2.4971999999999994,2.497199999999999e-06,0.002964450995604606,-0.0751091718508777
2.498000000000001,2.498000000000001e-06,-0.02126690021400024,-0.07795797878067681
2.498800000000003,2.4988000000000027e-06,-0.027091155135883116,-0.08079432406897341
2.4995999999999974,2.499599999999997e-06,-0.00020603646589234526,-0.08361580152585758
2.500399999999999,2.500399999999999e-06,-0.06393163809151592,-0.08641997106253614
2.5012000000000008,2.5012000000000007e-06,-0.05948051070420024,-0.08920437299931354
2.5019999999999953,2.5019999999999953e-06,-0.04834739668732535,-0.09196654270773011
2.502799999999997,2.502799999999997e-06,-0.0595438710729852,-0.09470402534158909
2.5035999999999987,2.5035999999999988e-06,-0.004868050130836465,-0.09741439048322867
2.5044000000000004,2.5044e-06,-0.03768598763724551,-0.10009524664616705
2.505199999999995,2.5051999999999947e-06,-0.06445270763845651,-0.1027442556602816
2.5059999999999967,2.5059999999999964e-06,-0.08102972355638266,-0.1053591469709743
2.5067999999999984,2.506799999999998e-06,-0.0356221353010997,-0.1079377318316937
2.5076,2.5076e-06,-0.07867857363954645,-0.11047791733227555
2.5083999999999946,2.5083999999999945e-06,-0.01676848876378645,-0.11297772022580893
2.5091999999999963,2.5091999999999962e-06,-0.07102272566201306,-0.11543528056322944
2.509999999999998,2.509999999999998e-06,-0.02058392964961875,-0.11784887515713201
2.5107999999999997,2.5107999999999997e-06,-0.09292184012064303,-0.12021693084199064
2.5115999999999943,2.5115999999999943e-06,-0.10291900326066827,-0.12253803738798932
2.512399999999996,2.512399999999996e-06,-0.05480979565070865,-0.12481095980753086
2.513200000000001,2.513200000000001e-06,-0.09324734335281437,-0.127034649729613
2.514000000000003,2.514000000000003e-06,-0.0825935000284968,-0.12920825553683166
2.5147999999999975,2.5147999999999975e-06,-0.11049825142370512,-0.13133113103369082
2.515599999999999,2.5155999999999993e-06,-0.07096655169903265,-0.13340284250083984
2.516400000000001,2.5164000000000006e-06,-0.06785167036912343,-0.1354231740792738
2.5172000000000025,2.5172000000000023e-06,-0.04958510209587563,-0.13739213152012467
2.517999999999997,2.517999999999997e-06,-0.0899934466939859,-0.13930994439300518
2.518799999999999,2.5187999999999987e-06,-0.11763529888287999,-0.1411770668228453
2.5196000000000005,2.5196000000000004e-06,-0.061529987931748964,-0.1429941767281492
2.520400000000002,2.520400000000002e-06,-0.09562780902114931,-0.14476217342747066
2.5211999999999968,2.5211999999999967e-06,-0.11187988953829675,-0.14648217342003833
2.5219999999999985,2.5219999999999985e-06,-0.10111540178229639,-0.1481555041260198
2.5228,2.5228000000000002e-06,-0.13600967472773573,-0.1497836953682493
2.5235999999999947,2.5235999999999948e-06,-0.11599435476487652,-0.15136846840126597
2.5243999999999964,2.524399999999996e-06,-0.11842777821615902,-0.15291172237453288
2.525199999999998,2.525199999999998e-06,-0.09699129031280695,-0.15441551825993904
2.526,2.5259999999999996e-06,-0.12257969275129238,-0.155882060450346
2.5267999999999944,2.526799999999994e-06,-0.11081221640725397,-0.15731367640207986
2.527599999999996,2.527599999999996e-06,-0.08665670866921849,-0.15871279482024364
2.5283999999999978,2.5283999999999977e-06,-0.09004073075698404,-0.16008192296813212
2.5291999999999994,2.5291999999999994e-06,-0.05797914744942034,-0.1614236237187498
2.529999999999994,2.529999999999994e-06,-0.10048463265793522,-0.16274049293290332
2.5307999999999957,2.5307999999999957e-06,-0.13106395668500348,-0.1640351376192973
2.5315999999999974,2.5315999999999975e-06,-0.10567036421835985,-0.1653101551265193
2.5324000000000026,2.5324000000000026e-06,-0.13807579609246384,-0.16656811340765051
2.5331999999999972,2.533199999999997e-06,-0.10287966194630199,-0.16781153226269846
2.533999999999999,2.533999999999999e-06,-0.13662342039485975,-0.16904286542395736
2.5348000000000006,2.5348000000000007e-06,-0.12192811845555696,-0.170264483370647
2.5356000000000023,2.535600000000002e-06,-0.11058695502102833,-0.17147865680023489
2.536399999999997,2.5363999999999966e-06,-0.09100154117058085,-0.17268754072359743
2.5371999999999986,2.5371999999999983e-06,-0.148334534264483,-0.1738931591742362
2.5380000000000003,2.538e-06,-0.14774405130885016,-0.17509739050919487
2.538800000000002,2.538800000000002e-06,-0.1197912595078166,-0.1763019532376806
2.5395999999999965,2.5395999999999964e-06,-0.13607397995078274,-0.17750839229004545
2.540399999999998,2.540399999999998e-06,-0.15044018545501198,-0.17871806567416032
2.5412,2.5412e-06,-0.10664989928638358,-0.17993213154441087
2.5420000000000016,2.5420000000000017e-06,-0.13466737563042191,-0.18115153579121163
2.542799999999996,2.5427999999999962e-06,-0.13901145178885693,-0.18237700032193083
2.543599999999998,2.5435999999999976e-06,-0.14029965744043793,-0.1836090122379747
2.5443999999999996,2.5443999999999993e-06,-0.12267728624869789,-0.18484781412114873
2.5452000000000012,2.545200000000001e-06,-0.14178550992383543,-0.18609339564480873
2.545999999999996,2.5459999999999956e-06,-0.1110162933020476,-0.18734548673333548
2.5467999999999975,2.5467999999999974e-06,-0.17013283904577475,-0.18860355249432353
2.547599999999999,2.547599999999999e-06,-0.14300014113232928,-0.1898667901283338
2.548399999999994,2.5483999999999937e-06,-0.1454131387320955,-0.19113412799515234
2.5491999999999955,2.5491999999999954e-06,-0.11402960861179101,-0.1924042270138166
2.549999999999997,2.549999999999997e-06,-0.13160828894343518,-0.19367548460179643
2.550799999999999,2.550799999999999e-06,-0.11962236059600606,-0.19494604137663477
2.551599999999997,2.551599999999997e-06,-0.16765458907151104,-0.19621379080160617
2.5523999999999987,2.5523999999999986e-06,-0.15877711199121414,-0.19747639185100696
2.5532000000000004,2.5532000000000004e-06,-0.1263807585286273,-0.1987312846501486
2.554000000000002,2.5540000000000017e-06,-0.15977612805639202,-0.1999757089676738
2.5547999999999966,2.5547999999999967e-06,-0.16171193548074825,-0.20120672541585974
2.5555999999999983,2.555599999999998e-06,-0.16640307638575624,-0.20242123921727362
2.5564,2.5563999999999998e-06,-0.14684962663534762,-0.2036160264031773
2.5572000000000017,2.5572000000000015e-06,-0.10957299601586057,-0.20478776232996812
2.5579999999999963,2.557999999999996e-06,-0.16989849924803202,-0.2059330524294908
2.558799999999998,2.558799999999998e-06,-0.11896719309736842,-0.2070484651036383
2.5595999999999997,2.5595999999999996e-06,-0.14573466944140678,-0.2081305665958824
2.5604000000000013,2.5604000000000014e-06,-0.14475664705913788,-0.20917595753151563
2.561199999999996,2.561199999999996e-06,-0.1681302665611662,-0.21018131064883783
2.5619999999999976,2.5619999999999977e-06,-0.19813385976406844,-0.21114340907470588
2.5627999999999993,2.562799999999999e-06,-0.15636411439144793,-0.21205918436374094
2.563600000000001,2.5636000000000007e-06,-0.19859913466798657,-0.21292575346374498
2.5643999999999956,2.5643999999999953e-06,-0.15226232077918744,-0.2137404538091103
2.5651999999999973,2.565199999999997e-06,-0.13448750630138157,-0.21450087584981892
2.565999999999999,2.565999999999999e-06,-0.1755455331895146,-0.21520489243570848
2.5668000000000006,2.5668000000000006e-06,-0.18479844591352101,-0.21585068453731127
2.567599999999995,2.567599999999995e-06,-0.23794604768649635,-0.216436762781405
2.568399999999997,2.568399999999997e-06,-0.18842115734465886,-0.21696198426783314
2.5691999999999986,2.5691999999999986e-06,-0.161595238009058,-0.21742556420889697
2.5699999999999967,2.5699999999999966e-06,-0.14100607922774516,-0.21782708213257468
2.5707999999999984,2.5707999999999983e-06,-0.1852429156459649,-0.21816648264371305
2.5716,2.5716e-06,-0.18366533189664608,-0.21844407092234358
2.572400000000002,2.572400000000002e-06,-0.20017066537729777,-0.21866050320620367
2.5731999999999964,2.5731999999999964e-06,-0.19176148857232855,-0.21881677251724682
2.573999999999998,2.573999999999998e-06,-0.17273118888600775,-0.21891418994370843
2.5747999999999998,2.5747999999999995e-06,-0.16331202559873081,-0.21895436191541412
2.5756000000000014,2.5756000000000012e-06,-0.18372245071398863,-0.21893916407317418
2.576399999999996,2.5763999999999958e-06,-0.1681985443070732,-0.2188707124727308
2.5771999999999977,2.5771999999999975e-06,-0.17087462962458821,-0.21875133294884785
2.5779999999999994,2.5779999999999993e-06,-0.10509009303994105,-0.21858352950459406
2.578800000000001,2.578800000000001e-06,-0.1519952605385786,-0.21836995259312245
2.5795999999999957,2.5795999999999956e-06,-0.161118047833748,-0.21811336809756393
2.5803999999999974,2.5803999999999974e-06,-0.1455810904924555,-0.21781662765768128
2.581199999999999,2.581199999999999e-06,-0.17791067889499013,-0.21748264076194418
2.5820000000000007,2.5820000000000004e-06,-0.1655810904924555,-0.21711434879089817
2.5827999999999953,2.5827999999999954e-06,-0.18626141270829688,-0.2167147010192587
2.583599999999997,2.5835999999999967e-06,-0.16350683557057255,-0.21628663247704544
2.5843999999999987,2.5843999999999985e-06,-0.15893806585730452,-0.21583304352863472
2.5852000000000004,2.5852000000000003e-06,-0.19524575250603965,-0.2153567810340235
2.585999999999995,2.585999999999995e-06,-0.18898402574598255,-0.21486062098177122
2.5867999999999967,2.5867999999999966e-06,-0.13545871930081554,-0.21434725251657483
2.5875999999999983,2.5875999999999983e-06,-0.15525426308606416,-0.2138192633358444
2.5884,2.5884e-06,-0.14748152912540563,-0.21327912648911254
2.589199999999998,2.589199999999998e-06,-0.19825849998429057,-0.2127291886343989
2.59,2.5899999999999998e-06,-0.18907443283758385,-0.21217165976028018
2.5908000000000015,2.5908000000000015e-06,-0.1538045357370001,-0.21160860431808778
2.591599999999996,2.591599999999996e-06,-0.1783169429758531,-0.2110419337014012
2.592399999999998,2.592399999999998e-06,-0.16084342186737688,-0.21047340008017032
2.5931999999999995,2.5931999999999996e-06,-0.12917259416638205,-0.20990459169566114
2.594000000000001,2.594000000000001e-06,-0.13240360513668897,-0.20933692978943597
2.5947999999999958,2.5947999999999955e-06,-0.15263113555149682,-0.2087716673381568
2.5955999999999975,2.5955999999999972e-06,-0.13894165906020678,-0.20820988967879842
2.596399999999999,2.596399999999999e-06,-0.17923935922653422,-0.20765251694629014
2.597200000000001,2.5972000000000007e-06,-0.16745240188534166,-0.2071003080572663
2.5979999999999954,2.5979999999999953e-06,-0.18657935021480598,-0.2065538658238555
2.598799999999997,2.598799999999997e-06,-0.19270622268023868,-0.20601364271574282
2.599599999999999,2.599599999999999e-06,-0.17229163653068613,-0.20547994682372556
2.6004000000000005,2.6004000000000005e-06,-0.15148610626312997,-0.2049529477042224
2.601199999999995,2.601199999999995e-06,-0.11816052716692699,-0.20443268196435246
2.6019999999999968,2.6019999999999964e-06,-0.1346554580618416,-0.20391905861342663
2.6027999999999984,2.602799999999998e-06,-0.19093382895897815,-0.20341186428244168
2.6036,2.6036e-06,-0.18989944410239412,-0.20291076837077004
2.6043999999999947,2.6043999999999945e-06,-0.16329330094440409,-0.2024153280832071
2.6051999999999964,2.6051999999999962e-06,-0.1443944508612403,-0.2019249932835616
2.605999999999998,2.605999999999998e-06,-0.15194041074991826,-0.2014391111643929
2.6068,2.6067999999999998e-06,-0.15543015989214437,-0.20095693085947228
2.607599999999998,2.6075999999999977e-06,-0.13791710895786718,-0.2004776082157944
2.6083999999999996,2.6083999999999995e-06,-0.16257344890276165,-0.20000021096176598
2.6092000000000013,2.609200000000001e-06,-0.1374071983394911,-0.19952372448097366
2.610000000000003,2.610000000000003e-06,-0.14249060753682274,-0.19904705835646172
2.6107999999999976,2.6107999999999975e-06,-0.1240884286262231,-0.198569053798751
2.6115999999999993,2.6115999999999993e-06,-0.14653414666895537,-0.19808849200401596
2.612400000000001,2.612400000000001e-06,-0.15173860288370689,-0.19760410339279133
2.6131999999999955,2.6131999999999956e-06,-0.16027374408321826,-0.19711457755552003
2.613999999999997,2.613999999999997e-06,-0.17194457178421307,-0.19661857360979737
2.614799999999999,2.6147999999999987e-06,-0.1276630996515355,-0.1961147305982664
2.6156000000000006,2.6156000000000004e-06,-0.16692849547842642,-0.19560167754577348
2.616399999999995,2.616399999999995e-06,-0.16837538596741558,-0.1950780428304702
2.617199999999997,2.6171999999999967e-06,-0.1463122899741972,-0.1945424625722589
2.6179999999999986,2.6179999999999985e-06,-0.16526542201462863,-0.19399358779306308
2.6188000000000002,2.6188000000000002e-06,-0.1553947911006382,-0.1934300901695899
2.619599999999995,2.619599999999995e-06,-0.13497112653966853,-0.1928506662837771
2.6203999999999965,2.6203999999999965e-06,-0.1614806210545151,-0.19225404036325866
2.621199999999998,2.621199999999998e-06,-0.14149802153462182,-0.19163896557611496
2.622,2.6219999999999996e-06,-0.15948977532996378,-0.1910042239930758
2.6227999999999945,2.622799999999994e-06,-0.1455283212209426,-0.19034862536268785
2.623599999999996,2.623599999999996e-06,-0.13817925182125373,-0.18967100487613048
2.624399999999998,2.6243999999999977e-06,-0.11830029883867366,-0.18897022013460757
2.6251999999999995,2.6251999999999994e-06,-0.1630553679438591,-0.188245147559174
2.6259999999999977,2.6259999999999974e-06,-0.12743500140533498,-0.18749467847828977
2.6267999999999994,2.626799999999999e-06,-0.1341211490691892,-0.1867177150894822
2.627600000000001,2.627600000000001e-06,-0.15336914441597332,-0.18591316644029998
2.6284000000000027,2.6284000000000027e-06,-0.14025842412035894,-0.18507994453104046
2.6291999999999973,2.629199999999997e-06,-0.15776598984602125,-0.1842169606137223
2.629999999999999,2.629999999999999e-06,-0.14293299675211912,-0.1833231217557833
2.6308000000000007,2.6308000000000007e-06,-0.12804439752672936,-0.18239732776424
2.6316000000000024,2.6316000000000025e-06,-0.1563803792085694,-0.1814384686228701
2.632399999999997,2.632399999999997e-06,-0.12727839708497418,-0.180445422659539
2.6331999999999987,2.6331999999999984e-06,-0.1606075693839793,-0.17941705571432773
2.6340000000000003,2.634e-06,-0.08443416919847607,-0.17835222162181646
2.634800000000002,2.634800000000002e-06,-0.10542959206075175,-0.17724976435615306
2.6355999999999966,2.6355999999999964e-06,-0.11824526053857859,-0.17610852219181983
2.6363999999999983,2.636399999999998e-06,-0.16532027180328895,-0.17492733416457049
2.6372,2.6372e-06,-0.08819873281850799,-0.17370504897362643
2.6379999999999946,2.6379999999999945e-06,-0.09898553843173735,-0.1724405363088404
2.6387999999999963,2.6387999999999962e-06,-0.13643957854305927,-0.1711327004692368
2.639599999999998,2.639599999999998e-06,-0.16348811091624582,-0.16978049604582843
2.6403999999999996,2.6403999999999993e-06,-0.11351799449923711,-0.16838294534104886
2.641199999999994,2.6411999999999943e-06,-0.12201625422148754,-0.1669391571215809
2.641999999999996,2.6419999999999956e-06,-0.12572029433280962,-0.16544834630056365
2.6427999999999976,2.6427999999999974e-06,-0.09280362766610961,-0.16390985420123977
2.6435999999999993,2.643599999999999e-06,-0.1161759229938179,-0.16232316910138941
2.6443999999999974,2.6443999999999975e-06,-0.12175467918949362,-0.16068794675624953
2.645199999999999,2.645199999999999e-06,-0.11754280897694297,-0.1590040305512074
2.646000000000001,2.6460000000000006e-06,-0.12950225843284824,-0.15727147087406274
2.6468000000000025,2.6468000000000023e-06,-0.12699942157287342,-0.15549054325807093
2.647599999999997,2.647599999999997e-06,-0.09526258515465374,-0.15366176485682922
2.6483999999999988,2.6483999999999986e-06,-0.05859383797080636,-0.1517859088654504
2.6492000000000004,2.6492000000000004e-06,-0.10169547985500366,-0.14986401655859496
2.650000000000002,2.650000000000002e-06,-0.14312705038113355,-0.14789740661443657
2.6507999999999967,2.6507999999999967e-06,-0.14720047309615752,-0.14588768131254304
2.6515999999999984,2.6515999999999985e-06,-0.12605279545925063,-0.1438367291027007
2.6524,2.6524e-06,-0.09424976181227135,-0.1417467230564019
2.653200000000002,2.6532000000000015e-06,-0.0931332919325758,-0.13962011487552622
2.6539999999999964,2.653999999999996e-06,-0.09112372155369769,-0.13745962436788792
2.654799999999998,2.654799999999998e-06,-0.10890893861724066,-0.13526822449358458
2.6555999999999997,2.6555999999999996e-06,-0.1251526970657984,-0.13304912219095646
2.6564000000000014,2.6564000000000014e-06,-0.12239320255095182,-0.13080573524522915
2.657199999999996,2.657199999999996e-06,-0.06947521170993182,-0.12854166554186733
2.6579999999999977,2.6579999999999977e-06,-0.04846238836764938,-0.12626066919204915
2.6587999999999994,2.6587999999999994e-06,-0.0858990279989646,-0.12396662419389007
2.659599999999994,2.659599999999994e-06,-0.06495580657680922,-0.12166349641141144
2.6603999999999957,2.6603999999999957e-06,-0.07234724266227383,-0.11935530465798724
2.6611999999999973,2.661199999999997e-06,-0.03256228997419719,-0.11704608558944221
2.661999999999999,2.661999999999999e-06,-0.07788079531199893,-0.11473985900305816
2.662799999999997,2.662799999999997e-06,-0.06452173943010242,-0.1124405940233752
2.663599999999999,2.663599999999999e-06,-0.07739944410239408,-0.11015217652845335
2.6644000000000005,2.6644000000000003e-06,-0.08408559176624825,-0.10787837804931316
2.6652000000000022,2.665200000000002e-06,-0.0205714442496458,-0.10562282629962297
2.665999999999997,2.6659999999999966e-06,-0.049375726206913495,-0.1033889774749214
2.6667999999999985,2.6667999999999983e-06,-0.06293715778641396,-0.10118009046263887
2.6676,2.6676e-06,-0.10109175745365895,-0.09899920307212609
2.668400000000002,2.668400000000002e-06,-0.03646662526597583,-0.0968491103248807
2.6691999999999965,2.6691999999999964e-06,-0.022740267297424843,-0.09473234479856033
2.669999999999998,2.669999999999998e-06,-0.058731529125405635,-0.09265115903449325
2.6708,2.6708e-06,-0.06174900546944401,-0.09060751005605328
2.6716000000000015,2.6716000000000012e-06,-0.03239944410239409,-0.08860304604244387
2.672399999999996,2.672399999999996e-06,-0.042038383567281845,-0.0866390951628766
2.673199999999998,2.6731999999999975e-06,-0.06579538146155145,-0.08471665654522606
2.6739999999999995,2.6739999999999993e-06,-0.03253089370555112,-0.08283639334726767
2.674800000000001,2.674800000000001e-06,-0.01787947113777888,-0.08099862790678214
2.6755999999999958,2.6755999999999956e-06,-0.057974607095067576,-0.07920333896268153
2.6763999999999974,2.6763999999999974e-06,-0.058653605136688935,-0.07745016095404902
2.677199999999999,2.677199999999999e-06,-0.04478463863641652,-0.07573838541127634
2.678000000000001,2.678000000000001e-06,-0.06280627601474964,-0.07406696447797806
2.6787999999999954,2.6787999999999954e-06,-0.03761713976285752,-0.07243451668252132
2.679599999999997,2.679599999999997e-06,0.0161328602371425,-0.07083933521675437
2.680399999999999,2.6803999999999985e-06,-0.000121300797152335,-0.06927939913154824
2.681199999999997,2.681199999999997e-06,0.008890274234841677,-0.06775238795110859
2.6819999999999986,2.6819999999999986e-06,0.023816511280419783,-0.06625570017382146
2.6828000000000003,2.6828000000000004e-06,-0.01652223139746345,-0.06478647594887617
2.683600000000002,2.6836000000000017e-06,-0.03737712624516509,-0.06334162393929697
2.6843999999999966,2.6843999999999963e-06,-0.018477519819073973,-0.06191785208114793
2.6851999999999983,2.685199999999998e-06,0.007374538168552769,-0.060511701704387535
2.686,2.6859999999999998e-06,-0.035247833023187125,-0.05911958433735763
2.6868000000000016,2.6868000000000015e-06,0.020214037189363487,-0.05773782045371639
2.687599999999996,2.687599999999996e-06,-0.07657500066907641,-0.05636267938069896
2.688399999999998,2.688399999999998e-06,-0.03301356908947589,-0.05499041954592335
2.6891999999999996,2.6891999999999996e-06,-0.0479920075751743,-0.053617328230382316
2.6900000000000013,2.6900000000000013e-06,0.011208703708711742,-0.05223976007168758
2.690799999999996,2.690799999999996e-06,0.007120717373655883,-0.050854173732878705
2.6915999999999976,2.6915999999999972e-06,-0.046002486024843026,-0.04945716635185622
2.6923999999999992,2.692399999999999e-06,-0.006365059245710014,-0.04804550552763068
2.693200000000001,2.6932000000000007e-06,0.0029860148070945947,-0.04661615866238314
2.6939999999999955,2.6939999999999953e-06,0.022385697097117296,-0.04516631951301639
2.694799999999997,2.694799999999997e-06,-0.01638302755720944,-0.04369343184503077
2.695599999999999,2.695599999999999e-06,0.0012756572802987143,-0.04219521009930388
2.6964000000000006,2.6964000000000006e-06,-0.027498741093977652,-0.04066965695581923
2.697199999999995,2.697199999999995e-06,0.004661759885211669,-0.03911507763954439
2.697999999999997,2.697999999999997e-06,0.02176457421576583,-0.03753009081317511
2.6987999999999985,2.6987999999999986e-06,-0.009762320779187428,-0.03591363594861989
2.6996,2.6996e-06,-0.04499098685688063,-0.034264977128963536
2.7003999999999984,2.7003999999999983e-06,0.00361848512854529,-0.03258370328124596
2.7012,2.7012e-06,0.02900375552659923,-0.030869724905538756
2.7020000000000017,2.7020000000000014e-06,-0.0008188349815657636,-0.02912326748397326
2.7028000000000034,2.702800000000003e-06,0.020861071130846176,-0.027344861898603537
2.703599999999998,2.7035999999999977e-06,0.02943574215615863,-0.025535332291614435
2.7043999999999997,2.7043999999999995e-06,0.0727384355636399,-0.023695781833768872
2.7052000000000014,2.7052000000000012e-06,0.0013598228205576879,-0.021827576835579204
2.705999999999996,2.7059999999999958e-06,-0.004284942092342703,-0.019932329543954283
2.7067999999999977,2.7067999999999975e-06,0.0058987089509344726,-0.018011879830748354
2.7075999999999993,2.7075999999999993e-06,0.03147122359506793,-0.016068275865941214
2.708400000000001,2.708400000000001e-06,0.014504019901965537,-0.014103753848955305
2.7091999999999956,2.7091999999999956e-06,0.05108311633703916,-0.012120716942267393
2.7099999999999973,2.7099999999999973e-06,-0.008290275572994499,-0.0101217136423105
2.710799999999999,2.7107999999999987e-06,0.047098588027961685,-0.00810941588138997
2.7116000000000007,2.7116000000000004e-06,0.07516694163780019,-0.006086597183331224
2.7123999999999953,2.712399999999995e-06,0.025219143077920503,-0.004056111212688979
2.713199999999997,2.7131999999999967e-06,0.044575702339339995,-0.0020208710499680232
2.7139999999999986,2.7139999999999985e-06,0.025525165312937692,1.6170530501569136e-05
2.7148000000000003,2.7148000000000002e-06,0.06944633325333038,0.00205203959010139
2.715599999999995,2.715599999999995e-06,0.026704995561318057,0.0040837582423651625
2.7163999999999966,2.7163999999999966e-06,0.07169099977267873,0.006108360470684318
2.7171999999999983,2.7171999999999983e-06,0.07257861506334645,0.008122906486967563
2.718,2.7179999999999996e-06,0.07981079847981021,0.010124495617114732
2.7187999999999946,2.7187999999999946e-06,0.06046123711276019,0.01211027778750881
2.7196,2.7195999999999998e-06,0.008526753862624026,0.014077463827686494
2.7204000000000015,2.7204000000000015e-06,0.02147614097219014,0.01602333497064115
2.721200000000003,2.721200000000003e-06,0.04683776933879508,0.01794525204552242
2.7219999999999978,2.721999999999998e-06,0.03822697317904905,0.019840664839611007
2.7227999999999994,2.722799999999999e-06,0.057063219236455576,0.021707121953010784
2.723600000000001,2.723600000000001e-06,0.09390313436059561,0.023542281255070664
2.724400000000003,2.7244000000000027e-06,0.05433228413018021,0.02534392086425053
2.7251999999999974,2.7251999999999972e-06,0.07112283467427499,0.027109950463833687
2.725999999999999,2.725999999999999e-06,0.03806772051014823,0.028838422739575723
2.726800000000001,2.7268000000000007e-06,0.09591762211669608,0.030527544744583995
2.7275999999999954,2.7275999999999953e-06,0.07972814562540603,0.03217568900810127
2.728399999999997,2.728399999999997e-06,0.08424887493284866,0.03378140419126623
2.7291999999999987,2.729199999999999e-06,0.08074721051913075,0.03534342508782372
2.7300000000000004,2.73e-06,0.06644701373212619,0.03686068180618835
2.730799999999995,2.7307999999999947e-06,0.06566304497897163,0.03833230804209776
2.7315999999999967,2.7315999999999964e-06,0.07956057088781543,0.039757648416184586
2.7323999999999984,2.732399999999998e-06,0.08175587282711827,0.04113626487377343
2.7332,2.7332e-06,0.04582456667645474,0.042467942122055076
2.7339999999999947,2.7339999999999945e-06,0.09237283467427498,0.04375269203115453
2.7347999999999963,2.7347999999999962e-06,0.07067344756470884,0.04499075686261244
2.735599999999998,2.735599999999998e-06,0.13032222178387104,0.04618261111182529
2.7363999999999997,2.7363999999999998e-06,0.14418835142413866,0.047328961679366656
2.7371999999999943,2.7371999999999943e-06,0.08527285720379557,0.0484307460755725
2.737999999999996,2.737999999999996e-06,0.059541089890661314,0.049489128467504306
2.7388000000000012,2.738800000000001e-06,0.11011284819196732,0.050505493582831754
2.739600000000003,2.739600000000003e-06,0.11886152401767719,0.05148143869630839
2.7403999999999975,2.7403999999999975e-06,0.047647649152080696,0.052418764055908965
2.741199999999999,2.7411999999999993e-06,0.0845509246450058,0.05331946216213576
2.742000000000001,2.7420000000000006e-06,0.061835309501589775,0.05418570633752298
2.7428000000000026,2.7428000000000024e-06,0.06414258004689533,0.055019839004649115
2.743599999999997,2.743599999999997e-06,0.10027153302947556,0.055824359992881115
2.744399999999999,2.7443999999999987e-06,0.055822486159307294,0.05660191502139929
2.7452000000000005,2.7452000000000004e-06,0.08825572109915514,0.05735528430334494
2.746000000000002,2.746000000000002e-06,0.1260505844055378,0.058087371022160654
2.746799999999997,2.7467999999999967e-06,0.11401661565235327,0.058801189266401765
2.7475999999999985,2.7475999999999985e-06,0.12565623559606676,0.05949985089908762
2.7484,2.7484000000000002e-06,0.1431318372217304,0.06018655082237623
2.7491999999999948,2.7491999999999948e-06,0.053304517847807875,0.06086455019834047
2.7499999999999964,2.749999999999996e-06,0.17590173432234413,0.06153715737160542
2.750799999999998,2.750799999999998e-06,0.08797750192998188,0.06220770644758912
2.7516,2.7515999999999996e-06,0.14920594041561008,0.06287953366797067
2.7523999999999944,2.752399999999994e-06,0.026471600617937296,0.06355595189633956
2.753199999999996,2.753199999999996e-06,0.09879419112610244,0.0642402236920544
2.753999999999998,2.7539999999999977e-06,0.06228753347123073,0.06493553356658208
2.7547999999999995,2.7547999999999994e-06,0.13335596294510077,0.06564496001361644
2.755599999999994,2.755599999999994e-06,0.14578428050779635,0.06637144777639359
2.7563999999999957,2.7563999999999958e-06,0.06810138580737657,0.06711778065426946
2.7571999999999974,2.7571999999999975e-06,0.08580035681354314,0.06788655506537142
2.7580000000000027,2.7580000000000026e-06,0.1565898107753525,0.06868015459501456
2.7587999999999973,2.758799999999997e-06,0.10650564523515349,0.06950072580140891
2.759599999999999,2.759599999999999e-06,0.10531200770956861,0.07035015556982009
2.7604000000000006,2.7604000000000007e-06,0.09115025842006086,0.07123005033032417
2.7612000000000023,2.761200000000002e-06,0.08337903714515715,0.07214171750793447
2.761999999999997,2.7619999999999966e-06,0.0940871624267724,0.07308614961324246
2.7627999999999986,2.7627999999999983e-06,0.06913236597259298,0.07406401134509166
2.7636000000000003,2.7636e-06,0.12623026292595496,0.07507562995021558
2.764400000000002,2.764400000000002e-06,0.11743505938014431,0.0761209888984121
2.7651999999999965,2.7651999999999964e-06,0.11293872844700825,0.07719972473610759
2.7659999999999982,2.765999999999998e-06,0.14882426322046138,0.07831112683221739
2.7668,2.7668e-06,0.13143755600072127,0.07945413966577455
2.7676000000000016,2.7676000000000017e-06,0.11309249590736403,0.08062736732771644
2.768399999999996,2.7683999999999962e-06,0.1508372382907739,0.08182907999870563
2.769199999999998,2.7691999999999976e-06,0.12306109963871814,0.08305722229085985
2.7699999999999996,2.7699999999999993e-06,0.1098467328056506,0.08430942347365414
2.7708000000000013,2.770800000000001e-06,0.16796237047849016,0.0855830097253413
2.771599999999996,2.7715999999999956e-06,0.09368297886299704,0.08687501865629685
2.7723999999999975,2.7723999999999974e-06,0.10193782037614763,0.08818221643856224
2.773199999999999,2.773199999999999e-06,0.08899467481799372,0.08950111793813717
2.773999999999994,2.7739999999999937e-06,0.08401131895517311,0.09082801025109424
2.7747999999999955,2.7747999999999954e-06,0.1263450683919326,0.09215897994596989
2.775599999999997,2.775599999999997e-06,0.11968331910242491,0.09348994410461024
2.776399999999999,2.776399999999999e-06,0.17621002558591337,0.09481668498697357
2.777199999999997,2.777199999999997e-06,0.127465699305923,0.09613488791221116
2.7779999999999987,2.7779999999999986e-06,0.08929729236154349,0.09744018182021778
2.7788000000000004,2.7788000000000004e-06,0.0947160395453609,0.09872818195770844
2.779600000000002,2.779600000000002e-06,0.15324758754200019,0.09999453413939177
2.7803999999999967,2.7803999999999967e-06,0.14397311330366214,0.10123495996788992
2.7811999999999983,2.781199999999998e-06,0.151537797846664,0.10244530224346769
2.782,2.782e-06,0.18359465228850314,0.10362156964704222
2.7828000000000017,2.7828000000000015e-06,0.13302289398719702,0.10475997973092357
2.7835999999999963,2.783599999999996e-06,0.1474851803031172,0.10585699931901468
2.784399999999998,2.784399999999998e-06,0.1761107285942599,0.10690938155735805
2.7851999999999997,2.7851999999999996e-06,0.11885206628624223,0.10791419900844038
2.7860000000000014,2.7860000000000014e-06,0.1599282499972695,0.10886887231168396
2.786799999999996,2.786799999999996e-06,0.1558922765909021,0.10977119403108376
2.7875999999999976,2.7875999999999977e-06,0.16534756501251258,0.1106193473842243
2.7883999999999993,2.788399999999999e-06,0.13701990539919917,0.11141191960590549
2.789200000000001,2.7892000000000008e-06,0.162520737606058,0.11214790976411237
2.7899999999999956,2.7899999999999953e-06,0.16656219622100332,0.11282673092520501
2.7907999999999973,2.790799999999997e-06,0.16173884936998095,0.11344820664844199
2.791599999999999,2.791599999999999e-06,0.1616970505155978,0.11401256187380712
2.7924000000000007,2.7924000000000006e-06,0.15852448253692053,0.11452040836540578
2.7931999999999952,2.793199999999995e-06,0.18078238850208372,0.11497272499177008
2.793999999999997,2.793999999999997e-06,0.1736928136173015,0.11537083325527572
2.7947999999999986,2.7947999999999986e-06,0.1519593818904862,0.11571636862284215
2.7955999999999968,2.7955999999999966e-06,0.13244281361730148,0.11601124836603995
2.7963999999999984,2.7963999999999983e-06,0.12375125660886399,0.11625763677673175
2.7972,2.7972e-06,0.11789711810405967,0.1164579087334613
2.798000000000002,2.798000000000002e-06,0.12491293003438009,0.11661461259708417
2.7987999999999964,2.7987999999999964e-06,0.16886398155769422,0.11673043329465005
2.799599999999998,2.799599999999998e-06,0.11711314935083517,0.11680815624602509
2.8004,2.8003999999999995e-06,0.17792700168698095,0.11685063256776078
2.8012000000000015,2.8012000000000012e-06,0.12630553856613158,0.11686074581228947
2.801999999999996,2.801999999999996e-06,0.1549310868572843,0.11684138038512437
2.8027999999999977,2.8027999999999975e-06,0.14468407544528517,0.11679539171073058
2.8035999999999994,2.8035999999999993e-06,0.16832418735646681,0.11672557816428064
2.804400000000001,2.804400000000001e-06,0.16893490765214125,0.11663465474119747
2.8051999999999957,2.8051999999999956e-06,0.14614552955434035,0.11652522841121378
2.8059999999999974,2.8059999999999974e-06,0.1375305723603656,0.11639977511818979
2.806799999999999,2.806799999999999e-06,0.1449297626829943,0.1162606184352961
2.8076000000000008,2.8076000000000004e-06,0.16825326126201978,0.11610990992806547
2.8083999999999953,2.8083999999999954e-06,0.14280463049528114,0.11594961128175839
2.809199999999997,2.8091999999999968e-06,0.17958042890790915,0.1157814782253703
2.8099999999999987,2.8099999999999985e-06,0.15000617398602611,0.1156070462729681
2.8108000000000004,2.8108000000000003e-06,0.1464016193777824,0.11542761833066506
2.811599999999995,2.811599999999995e-06,0.14297371791852653,0.1152442542788526
2.8123999999999967,2.8123999999999966e-06,0.12323453660769002,0.11505776270440006
2.8131999999999984,2.8131999999999983e-06,0.17963830406803893,0.11486869498942613
2.814,2.814e-06,0.1415512258038436,0.11467734194448016
2.814799999999998,2.814799999999998e-06,0.13841327027381112,0.11448373312562887
2.8156,2.8155999999999998e-06,0.11402758377236122,0.11428763893507615
2.8164000000000016,2.8164000000000015e-06,0.15492352113155206,0.11408857557910612
2.817199999999996,2.817199999999996e-06,0.15832361952503426,0.11388581291007432
2.817999999999998,2.817999999999998e-06,0.17464662613662862,0.11367838509229718
2.8187999999999995,2.8187999999999996e-06,0.14784151197250195,0.11346510394610373
2.819600000000001,2.819600000000001e-06,0.13044799536988994,0.11324457480087016
2.820399999999996,2.8203999999999955e-06,0.14610732390282544,0.1130152147359145
2.8211999999999975,2.8211999999999972e-06,0.12002924818607963,0.11277527315351524
2.821999999999999,2.821999999999999e-06,0.17064621003319924,0.1125228546486202
2.822800000000001,2.8228000000000007e-06,0.13265369989493292,0.11225594409911874
2.8235999999999954,2.8235999999999953e-06,0.15225519005116406,0.1119724338314508
2.824399999999997,2.824399999999997e-06,0.1465309884637921,0.11167015266100408
2.825199999999999,2.825199999999999e-06,0.14213338669088682,0.11134689658195625
2.8260000000000005,2.8260000000000006e-06,0.10785342724396396,0.11100046087554455
2.826799999999995,2.826799999999995e-06,0.14194008940472969,0.11062867339529348
2.827599999999997,2.827599999999997e-06,0.15068517202757759,0.11022942874627635
2.8283999999999985,2.828399999999998e-06,0.1486964068201736,0.10980072299125933
2.8292,2.8292e-06,0.10544042964416467,0.10934068841398202
2.8299999999999947,2.8299999999999945e-06,0.1428916328954748,0.10884762778839334
2.8307999999999964,2.8307999999999963e-06,0.14048903788141576,0.10832004754469479
2.831599999999998,2.831599999999998e-06,0.1478804739668803,0.10775668915654815
2.8324,2.8323999999999998e-06,0.1311860042344365,0.1071565579906398
2.833199999999998,2.8331999999999977e-06,0.19244016526873142,0.10651894879181474
2.8339999999999996,2.8339999999999995e-06,0.19590286768807097,0.1058434669587721
2.8348000000000013,2.8348000000000012e-06,0.15298620102141092,0.10513004482361872
2.835600000000003,2.835600000000003e-06,0.17011473790056164,0.10437895231350441
2.8363999999999976,2.8363999999999975e-06,0.1438405280376498,0.10359080164607261
2.8371999999999993,2.8371999999999993e-06,0.14917794654128314,0.10276654603410323
2.838000000000001,2.838000000000001e-06,0.13627225029177292,0.1019074726690687
2.8387999999999955,2.8387999999999956e-06,0.12626184770603877,0.10101519047680166
2.8395999999999972,2.839599999999997e-06,0.10573188825911595,0.1000916132879905
2.840399999999999,2.8403999999999987e-06,0.1203137089067281,0.09913893914370496
2.8412000000000006,2.8412000000000004e-06,0.13885433531482438,0.09815962645675055
2.841999999999995,2.841999999999995e-06,0.11103791049410006,0.09715636767967208
2.842799999999997,2.8427999999999967e-06,0.15783602676392705,0.09613206102429694
2.8435999999999986,2.8435999999999985e-06,0.1331469663760667,0.09508978068482425
2.8444000000000003,2.8444000000000002e-06,0.0977581027751705,0.09403274596967524
2.845199999999995,2.845199999999995e-06,0.108967816606512,0.09296428974750896
2.8459999999999965,2.8459999999999966e-06,0.1107791723220809,0.09188782662493222
2.846799999999998,2.846799999999998e-06,0.09909586151823468,0.09080682124313806
2.8476,2.8475999999999996e-06,0.13882445173189317,0.08972475698014958
2.8483999999999945,2.848399999999994e-06,0.15798279632997347,0.08864510520114241
2.849199999999996,2.849199999999996e-06,0.13269833560932787,0.08757129507335148
2.849999999999998,2.8499999999999977e-06,0.1382623396734668,0.0865066839171306
2.8507999999999996,2.8507999999999995e-06,0.06671199115849924,0.08545452812795883
2.8515999999999977,2.8515999999999974e-06,0.13474478746542695,0.08441795483500983
2.8523999999999994,2.852399999999999e-06,0.10820748988477358,0.0833999345711835
2.853200000000001,2.853200000000001e-06,0.11857762883133594,0.0824032552550939
2.8540000000000028,2.8540000000000027e-06,0.1192467921185828,0.08143049774340143
2.8547999999999973,2.8547999999999972e-06,0.11687540486172798,0.08048401316240929
2.855599999999999,2.855599999999999e-06,0.11129816135184412,0.07956590220900722
2.8564000000000007,2.8564000000000007e-06,0.12115195961721748,0.07867799662157086
2.8572000000000024,2.8572000000000025e-06,0.11792435333841089,0.07782184304704644
2.857999999999997,2.857999999999997e-06,0.09350594639402854,0.07699868956283966
2.8587999999999987,2.8587999999999984e-06,0.0529126265783838,0.07620947514516854
2.8596000000000004,2.8596e-06,0.13545499326419952,0.07545482238782777
2.860400000000002,2.860400000000002e-06,0.06509336489765472,0.07473503372931807
2.8611999999999966,2.8611999999999964e-06,0.12894625509218038,0.0740500913281368
2.8619999999999983,2.861999999999998e-06,0.09117219695726198,0.07339966057413291
2.8628,2.8628e-06,0.08477902059408482,0.07278309709268702
2.8635999999999946,2.8635999999999945e-06,0.11188240275603156,0.0721994570072311
2.8643999999999963,2.8643999999999962e-06,0.12471830857394006,0.0716475101577627
2.865199999999998,2.865199999999998e-06,0.08402209856377973,0.07112575591377274
2.8659999999999997,2.8659999999999993e-06,0.1339052125806547,0.07063244118055272
2.8667999999999942,2.8667999999999943e-06,0.0806950067818919,0.07016558019685191
2.867599999999996,2.8675999999999956e-06,0.13288123030973775,0.06972297575508422
2.8683999999999976,2.8683999999999974e-06,0.09505156604327458,0.06930224152272967
2.8691999999999993,2.869199999999999e-06,0.09772613867510171,0.06890082519512676
2.8699999999999974,2.8699999999999975e-06,0.1133173779735952,0.06851603226501633
2.870799999999999,2.870799999999999e-06,0.09556979873017424,0.06814505024745858
2.871600000000001,2.8716000000000006e-06,0.08480606731700135,0.06778497324059876
2.8724000000000025,2.8724000000000023e-06,0.10478999101124753,0.06743282672874047
2.873199999999997,2.873199999999997e-06,0.09976143160260631,0.06708559254190272
2.8739999999999988,2.8739999999999987e-06,0.08456605379931192,0.06674023387348695
2.8748000000000005,2.8748000000000004e-06,0.0649549174001981,0.06639372023057162
2.875600000000002,2.875600000000002e-06,0.08589738247949597,0.06604305215241722
2.8763999999999967,2.8763999999999967e-06,0.11001392822318623,0.06568528546485716
2.8771999999999984,2.8771999999999985e-06,0.11368392371728908,0.06531755472869129
2.878,2.878e-06,0.1262945681489719,0.06493709542238325
2.878800000000002,2.8788000000000016e-06,0.09814772271892391,0.06454126434055531
2.8795999999999964,2.879599999999996e-06,0.13493392371728907,0.06412755773200947
2.880399999999998,2.880399999999998e-06,0.07384468907194475,0.0636936268298663
2.8811999999999998,2.8811999999999996e-06,0.09452293077063867,0.06323729059363009
2.8820000000000014,2.8820000000000014e-06,0.09940112741036145,0.06275654563842062
2.882799999999996,2.882799999999996e-06,0.11913955237833074,0.06224957343433368
2.8835999999999977,2.8835999999999977e-06,0.10609143610850758,0.061714744915894376
2.8843999999999994,2.8843999999999994e-06,0.07319216992187716,0.06115062268559687
2.885199999999994,2.885199999999994e-06,0.015463315332789329,0.060555961062430455
2.8859999999999957,2.8859999999999957e-06,0.11957002632217195,0.05992970428970598
2.8867999999999974,2.886799999999997e-06,0.10677100198148437,0.05927098320175374
2.887599999999999,2.887599999999999e-06,0.16744356996016885,0.05857911053469353
2.888399999999997,2.888399999999997e-06,0.038315297456444464,0.057853574948360714
2.889199999999999,2.889199999999999e-06,0.0946611897566606,0.057094033830395866
2.8900000000000006,2.8900000000000003e-06,0.09052308249863183,0.05630030508794438
2.8908000000000023,2.890800000000002e-06,0.04619716316303091,0.05547235828211368
2.891599999999997,2.8915999999999966e-06,0.05882161487188842,0.05461030552152611
2.8923999999999985,2.8923999999999983e-06,0.09457626787361417,0.05371439248929273
2.8932,2.8932e-06,0.09260282262909969,0.05278498986318374
2.894000000000002,2.894000000000002e-06,0.13439337317319444,0.05182258524476778
2.8947999999999965,2.8947999999999964e-06,0.04821921664479367,0.05082777560831778
2.895599999999998,2.895599999999998e-06,0.07518774451215604,0.04980126027481626
2.8964,2.8964e-06,0.08318309151043013,0.048743834496407096
2.8972000000000016,2.8972000000000012e-06,0.05999161036599421,0.047656383820360235
2.897999999999996,2.897999999999996e-06,0.060068778011883484,0.046539879423306604
2.898799999999998,2.8987999999999976e-06,0.06641542665495703,0.04539537456485029
2.8995999999999995,2.8995999999999993e-06,0.07906711359816565,0.04422400223144654
2.900400000000001,2.900400000000001e-06,0.061010675259749014,0.043026973943690816
2.901199999999996,2.9011999999999956e-06,0.04675152098430024,0.04180557959892587
2.9019999999999975,2.9019999999999974e-06,0.06620964626591552,0.04056118813135842
2.902799999999999,2.902799999999999e-06,0.06573794129912047,0.039295248686897384
2.903600000000001,2.903600000000001e-06,0.06542492116983356,0.03800929191226175
2.9043999999999954,2.9043999999999954e-06,0.08889670200063027,0.03670493085360253
2.905199999999997,2.905199999999997e-06,0.11390502406921998,0.03538386088141525
2.905999999999999,2.9059999999999985e-06,0.07864004434575855,0.03404785804352091
2.9067999999999934,2.906799999999993e-06,0.08674792778142815,0.03269877532590259
2.9075999999999986,2.9075999999999986e-06,0.05561689428170058,0.031338536475929726
2.9084000000000003,2.9084000000000004e-06,0.06859124759707569,0.029969127271894963
2.909200000000002,2.9092000000000017e-06,0.048421592342397735,0.028592584337289145
2.9099999999999966,2.9099999999999963e-06,0.014997095574539099,0.02721098174683309
2.9107999999999983,2.910799999999998e-06,0.07303688977580647,0.025826415737217945
2.9116,2.9115999999999998e-06,0.08965967707094591,0.024440987822105492
2.9124000000000017,2.9124000000000015e-06,0.04696354292481408,0.023056786547277795
2.9131999999999962,2.913199999999996e-06,0.03352240201980605,0.021675868072262683
2.913999999999998,2.913999999999998e-06,0.06632501956332593,0.020300235780307985
2.9147999999999996,2.9147999999999996e-06,0.042710630200807675,0.0189318191780862
2.9156000000000013,2.9156000000000014e-06,0.038587086562810846,0.017572452391305678
2.916399999999996,2.916399999999996e-06,0.07395363230646801,0.016223852573111687
2.9171999999999976,2.9171999999999972e-06,0.03406143987814603,0.01488759854149966
2.9179999999999993,2.917999999999999e-06,0.04367541313726464,0.01356510997213086
2.918800000000001,2.9188000000000008e-06,0.006395945657802771,0.012257627498685197
2.9195999999999955,2.9195999999999953e-06,0.02691209782752113,0.010966194096276818
2.920399999999997,2.920399999999997e-06,0.06556185598157549,0.00969163810740932
2.921199999999999,2.921199999999999e-06,0.04326158333060948,0.008434558196639658
2.9220000000000006,2.9220000000000006e-06,0.040292715223819164,0.00719531042709929
2.922799999999995,2.922799999999995e-06,0.033414594448098134,0.005973997603664946
2.923599999999997,2.923599999999997e-06,0.01569065723619245,0.004770461046460464
2.9243999999999986,2.9243999999999986e-06,0.035760070644884734,0.0035842750051662195
2.9252000000000002,2.9252e-06,0.0596360350394568,0.002414743947884379
2.925999999999995,2.9259999999999945e-06,0.002129793487984588,0.0012609029466972843
2.9268,2.9268e-06,0.02113569480002886,0.00012152136349986159
2.9276000000000018,2.9276000000000014e-06,0.015978522648275484,-0.0010048899653478938
2.9284000000000034,2.928400000000003e-06,0.02718672379389231,-0.002120067858532325
2.929199999999998,2.9291999999999977e-06,0.022127712970837154,-0.003225982094640284
2.9299999999999997,2.9299999999999995e-06,0.008601650182842868,-0.00432481683232621
2.9308000000000014,2.9308000000000012e-06,0.02249217819741689,-0.005418948164793214
2.931599999999996,2.9315999999999958e-06,0.03231401236275444,-0.006510917893477103
2.9323999999999977,2.9323999999999975e-06,0.011066281391336585,-0.007603403663832539
2.9331999999999994,2.9331999999999993e-06,0.0017068852699423376,-0.008699185655424428
2.934000000000001,2.934000000000001e-06,-0.013073338552446856,-0.009801110055789465
2.9347999999999956,2.9347999999999956e-06,-0.014295535486703037,-0.01091204959307919
2.9355999999999973,2.9355999999999974e-06,0.02912404390400336,-0.012034861496106698
2.936399999999999,2.9363999999999987e-06,0.009136527006887829,-0.013172343408678004
2.9372000000000007,2.9372000000000004e-06,0.025844236185043612,-0.014327187971855691
2.9379999999999953,2.937999999999995e-06,0.001379869352016172,-0.01550193693838417
2.938799999999997,2.9387999999999967e-06,0.04366973941721508,-0.016698935759418963
2.9395999999999987,2.9395999999999985e-06,0.02000182444032661,-0.01792028959307819
2.9404000000000003,2.9404000000000003e-06,0.030629377384555068,-0.019167821648160846
2.941199999999995,2.941199999999995e-06,-0.016436555468738123,-0.02044303469917489
2.9419999999999966,2.9419999999999966e-06,-0.002495338699698646,-0.021747076498079644
2.9427999999999983,2.9427999999999983e-06,0.021887699453144838,-0.023080709701498062
2.9436,2.9435999999999997e-06,0.008902755040637644,-0.024444286874592016
2.9443999999999946,2.9443999999999946e-06,0.021199055168713787,-0.02583773112548868
2.9451999999999963,2.945199999999996e-06,0.021241421854589437,-0.027260522918854644
2.9460000000000015,2.9460000000000015e-06,0.01592707755098255,-0.02871169356625034
2.946800000000003,2.946800000000003e-06,0.04707891622218441,-0.030189825782050338
2.9475999999999978,2.947599999999998e-06,-0.003909508745821633,-0.031693061535368994
2.9483999999999995,2.948399999999999e-06,0.00813826728463729,-0.033219117228639586
2.949200000000001,2.949200000000001e-06,-0.03125158025114094,-0.034765306009059874
2.950000000000003,2.9500000000000027e-06,0.026465359066495164,-0.03632856681064603
2.9507999999999974,2.9507999999999972e-06,0.010083909463338148,-0.037905499575134324
2.951599999999999,2.951599999999999e-06,0.017405175797183037,-0.03949240600751555
2.952400000000001,2.9524000000000007e-06,-0.016265576039780183,-0.041085335132424586
2.9531999999999954,2.9531999999999953e-06,-0.07846920004767277,-0.042680132784696526
2.953999999999997,2.953999999999997e-06,-0.004806202447806496,-0.044272494016854985
2.9547999999999988,2.954799999999999e-06,0.0019968311991727106,-0.045858017321200865
2.9556000000000004,2.9556e-06,-0.03322578183851288,-0.04743225959230382
2.956399999999995,2.956399999999995e-06,-0.026959137701333513,-0.04899079084717177
2.9571999999999967,2.9571999999999964e-06,-0.09587463192167656,-0.05052924779123964
2.9579999999999984,2.957999999999998e-06,-0.027233195836211976,-0.05204338536216628
2.9588,2.9588e-06,0.007941376795548294,-0.05352912547095616
2.9595999999999947,2.9595999999999945e-06,-0.03670796525507658,-0.05498260232789291
2.9603999999999964,2.9603999999999963e-06,-0.040654855744065854,-0.05640020392666508
2.961199999999998,2.961199999999998e-06,-0.06324942386996191,-0.057778609374056114
2.9619999999999997,2.9619999999999998e-06,0.008353126085126061,-0.05911482178879258
2.9627999999999943,2.9627999999999943e-06,-0.06892974608580327,-0.06040619652032942
2.963599999999996,2.963599999999996e-06,-0.034778399382062675,-0.061650464495403394
2.9644000000000013,2.9644000000000012e-06,-0.04495656521672503,-0.06284575056615715
2.965200000000003,2.965200000000003e-06,-0.06216151339893761,-0.06399058679229974
2.9659999999999975,2.9659999999999975e-06,-0.022419683739564045,-0.06508392065753851
2.966799999999999,2.9667999999999993e-06,-0.029069706268984752,-0.06612511830832157
2.967600000000001,2.9676000000000006e-06,-0.04734724495936227,-0.06711396299142489
2.9684000000000026,2.9684000000000024e-06,-0.05063688743256639,-0.0680506489239284
2.969199999999997,2.969199999999997e-06,0.02056299164446085,-0.06893577084128252
2.969999999999999,2.9699999999999987e-06,-0.04385749581713616,-0.0697703094471693
2.9708000000000006,2.9708000000000004e-06,-0.0974516478396028,-0.07055561293576786
2.9716000000000022,2.971600000000002e-06,-0.08359875764511698,-0.07129337467052342
2.972399999999997,2.9723999999999967e-06,-0.03546023428365874,-0.07198560703351915
2.9731999999999985,2.9731999999999985e-06,-0.05399102593744065,-0.0726346114951567
2.974,2.9740000000000002e-06,-0.0405165967580739,-0.07324294511092853
2.974799999999995,2.974799999999995e-06,-0.0360444756878493,-0.07381338383852581
2.9755999999999965,2.975599999999996e-06,-0.0771721044961094,-0.07434888318946827
2.976399999999998,2.976399999999998e-06,-0.036658032843538524,-0.07485253677194759
2.9772,2.9771999999999996e-06,-0.019937840562398224,-0.0753275332889384
2.9779999999999944,2.977999999999994e-06,-0.11303948244669554,-0.07577711256344341
2.978799999999996,2.978799999999996e-06,-0.04936324540111736,-0.07620452117568767
2.979599999999998,2.9795999999999977e-06,-0.06547820259505821,-0.0766129683205494
2.9803999999999995,2.9803999999999995e-06,-0.0541149098148353,-0.07700558255735224
2.981199999999994,2.981199999999994e-06,-0.0052911468604135425,-0.07738537024009084
2.9819999999999958,2.9819999999999958e-06,0.008521268654009206,-0.0777551765339402
2.9827999999999975,2.9827999999999975e-06,-0.040243862797415375,-0.07811764995821553
2.9836000000000027,2.9836000000000027e-06,-0.07177283830951614,-0.07847521128725225
2.9843999999999973,2.984399999999997e-06,-0.030652207395525766,-0.07883002740548892
2.985199999999999,2.985199999999999e-06,0.0017057519041454583,-0.07918399044683225
2.9860000000000007,2.9860000000000007e-06,-0.04429723668379254,-0.07953870233855719
2.9868000000000023,2.986800000000002e-06,-0.07223054748767188,-0.07989546470680216
2.987599999999997,2.9875999999999966e-06,-0.04828725020148489,-0.08025527392498125
2.9883999999999986,2.9883999999999984e-06,-0.055609840709649916,-0.08061882090195997
2.9892000000000003,2.9892e-06,-0.08727783155066993,-0.08098649507723372
2.990000000000002,2.990000000000002e-06,-0.07863639546520534,-0.08135839204957672
2.9907999999999966,2.9907999999999964e-06,-0.08736615812512383,-0.08173432430142615
2.9915999999999983,2.991599999999998e-06,-0.04380340237130326,-0.08211383458351995
2.9924,2.9924e-06,-0.03261600639716061,-0.08249621168454797
2.9932000000000016,2.9932000000000017e-06,-0.016096109296476924,-0.0828805084811793
2.993999999999996,2.9939999999999962e-06,-0.1258059748558117,-0.08326556226513623
2.994799999999998,2.9947999999999976e-06,-0.02205389433866428,-0.0836500173330983
2.9955999999999996,2.9955999999999993e-06,-0.06771757241732629,-0.08403234974768638
2.996399999999994,2.996399999999994e-06,-0.01749287886259332,-0.08441089411940313
2.997199999999996,2.9971999999999956e-06,-0.07161642250059008,-0.08478387224332473
2.9979999999999976,2.9979999999999974e-06,-0.03210685212171199,-0.08514942339785919
2.9987999999999992,2.998799999999999e-06,-0.042319630405053155,-0.08550563603373137
2.999599999999994,2.9995999999999937e-06,-0.05948580510429208,-0.08585058046133054
3.0003999999999955,3.0003999999999954e-06,-0.08570232831849861,-0.08618234201221223
3.001199999999997,3.001199999999997e-06,-0.08048746951801006,-0.0864990540290156
3.001999999999999,3.001999999999999e-06,-0.02757704440275227,-0.08679892996101979
3.002799999999997,3.002799999999997e-06,-0.09552018996087608,-0.0870802938387486
3.0035999999999987,3.0035999999999987e-06,-0.085202252454467,-0.08734160845404385
3.0044000000000004,3.0044000000000004e-06,-0.09787058353488493,-0.08758150064090657
3.005200000000002,3.005200000000002e-06,-0.02867478962812109,-0.08779878313492848
3.0059999999999967,3.0059999999999967e-06,-0.08185776019250246,-0.08799247261254015
3.0067999999999984,3.006799999999998e-06,-0.08848414069057414,-0.08816180366202211
3.0076,3.0076e-06,-0.06670474907504387,-0.08830623856481301
3.0084000000000017,3.0084000000000016e-06,-0.08976402427346541,-0.08842547285504124
3.0091999999999963,3.009199999999996e-06,-0.02480998416214336,-0.08851943671498401
3.009999999999998,3.009999999999998e-06,-0.08500819882545263,-0.08858829237316035
3.0107999999999997,3.0107999999999996e-06,-0.10197956355284982,-0.08863242777000632
3.0116000000000014,3.0116000000000014e-06,-0.056727823275100286,-0.08865244681756457
3.012399999999996,3.012399999999996e-06,-0.0364376888344351,-0.08864915662839032
3.0131999999999977,3.0131999999999977e-06,-0.05303834678381025,-0.08862355215871792
3.0139999999999993,3.013999999999999e-06,-0.05980449895352852,-0.08857679877735969
3.014800000000001,3.0148000000000008e-06,-0.03963957256457801,-0.0885102132742005
3.0155999999999956,3.0155999999999953e-06,-0.05067887479838429,-0.08842524374453117
3.0163999999999973,3.016399999999997e-06,-0.06244635114242264,-0.08832344866454955
3.017199999999999,3.017199999999999e-06,-0.06966321459612707,-0.08820647534361453
3.0180000000000007,3.0180000000000006e-06,-0.11502068192833714,-0.08807603781963302
3.0187999999999953,3.018799999999995e-06,-0.054709174484805057,-0.08793389418713399
3.019599999999997,3.019599999999997e-06,-0.09136808691430803,-0.08778182335375323
3.0203999999999986,3.0203999999999986e-06,-0.05267312521440315,-0.08762160131956544
3.0211999999999968,3.0211999999999966e-06,-0.06422290589797802,-0.08745497722348133
3.0219999999999985,3.0219999999999983e-06,-0.04674938478940183,-0.08728364953901267
3.0228,3.0228e-06,-0.05491646755953139,-0.08710924288580865
3.023600000000002,3.023600000000002e-06,-0.06166030187212068,-0.08693328594221506
3.0243999999999964,3.0243999999999964e-06,-0.04808146981251349,-0.08675719090783504
3.025199999999998,3.025199999999998e-06,-0.028311080744468697,-0.08658223489530166
3.026,3.0259999999999995e-06,-0.06750063309969029,-0.08640954354362707
3.0268000000000015,3.0268000000000012e-06,-0.09265288787432152,-0.08624007704151249
3.027599999999996,3.027599999999996e-06,-0.06780041378326529,-0.0860746186346277
3.0283999999999978,3.0283999999999976e-06,-0.03990606497379423,-0.08591376560669146
3.0291999999999994,3.0291999999999993e-06,-0.05862826190805037,-0.08575792271045081
3.030000000000001,3.030000000000001e-06,-0.09814747852973826,-0.08560729806204101
3.0307999999999957,3.0307999999999956e-06,-0.0414571698315892,-0.08546190154385097
3.0315999999999974,3.0315999999999974e-06,-0.03904908960894521,-0.08532154576931403
3.032399999999999,3.032399999999999e-06,-0.00873739365397841,-0.08518584966748734
3.033200000000001,3.0332000000000005e-06,-0.09629999767983577,-0.08505424473044879
3.0339999999999954,3.0339999999999954e-06,-0.05565447642410787,-0.08492598388447477
3.034799999999997,3.0347999999999968e-06,-0.06035393939770556,-0.08480015280129534
3.0355999999999987,3.0355999999999985e-06,-0.0880674740238741,-0.08467568333433245
3.0364000000000004,3.0364000000000003e-06,-0.059001049203119826,-0.08455136871026028
3.037199999999995,3.037199999999995e-06,-0.07179742519522725,-0.08442588012677375
3.0379999999999967,3.0379999999999966e-06,-0.06012451697718507,-0.08429778447034489
3.0387999999999984,3.0387999999999983e-06,-0.07128959509409866,-0.08416556294624207
3.0396,3.0396e-06,-0.027602199119956095,-0.08402763048679604
3.040399999999998,3.040399999999998e-06,-0.05216605145610187,-0.08388235585491477
3.0412,3.0411999999999998e-06,-0.0713501186028086,-0.08372808237131037
3.0420000000000016,3.0420000000000015e-06,-0.07172082538083063,-0.08356314915624513
3.042799999999996,3.042799999999996e-06,-0.04860461987650139,-0.08338591270997489
3.043599999999998,3.043599999999998e-06,-0.012529192508361597,-0.0831947686045891
3.0443999999999996,3.0443999999999996e-06,-0.08851270009914536,-0.08298817303757342
3.0452000000000012,3.045200000000001e-06,-0.04344461086477314,-0.08276466396543547
3.045999999999996,3.0459999999999955e-06,-0.07178626626666279,-0.0825228814624831
3.0467999999999975,3.0467999999999972e-06,-0.0634508524162154,-0.08226158686248669
3.047599999999999,3.047599999999999e-06,-0.0814454430716321,-0.0819796801894719
3.048400000000001,3.0484000000000007e-06,-0.03323107623850452,-0.08167621538591176
3.0491999999999955,3.0491999999999953e-06,-0.10031422106046983,-0.08135041288863594
3.049999999999997,3.049999999999997e-06,-0.060331053709083926,-0.08100166916508028
3.050799999999999,3.050799999999999e-06,-0.07716605145610184,-0.08062956289419881
3.0516000000000005,3.0516000000000006e-06,-0.08023364872311306,-0.08023385756437078
3.052399999999995,3.052399999999995e-06,-0.054331469812513467,-0.07981450037783727
3.053199999999997,3.053199999999997e-06,-0.06661793518624487,-0.0793716174933645
3.0539999999999985,3.053999999999998e-06,-0.0809306150761338,-0.07890550578456183
3.0548,3.0548e-06,-0.08970217659043539,-0.07841662142305539
3.0555999999999948,3.0555999999999945e-06,0.004033071278097933,-0.07790556571741275
3.0563999999999965,3.0563999999999963e-06,-0.018168472212647224,-0.07737306876056926
3.057199999999998,3.057199999999998e-06,-0.10670134438357648,-0.07681997153147249
3.058,3.0579999999999998e-06,-0.0376822036258202,-0.07624720710138892
3.058799999999998,3.0587999999999977e-06,-0.01334796222162965,-0.07565578151131583
3.0595999999999997,3.0595999999999995e-06,-0.07054118364378503,-0.07504675479081915
3.0604000000000013,3.0604000000000012e-06,-0.06488450345949265,-0.07442122252762298
3.061200000000003,3.061200000000003e-06,-0.04500214578544515,-0.07378029834797506
3.0619999999999976,3.0619999999999975e-06,-0.022469425342478977,-0.07312509761817941
3.0627999999999993,3.0627999999999993e-06,-0.008661738693843901,-0.07245672264739655
3.063600000000001,3.063600000000001e-06,-0.010274691234668842,-0.07177624963974805
3.0643999999999956,3.0643999999999956e-06,-0.06826020347856848,-0.0710847175435933
3.0651999999999973,3.065199999999997e-06,-0.06912001570339232,-0.07038311875012536
3.065999999999999,3.0659999999999987e-06,-0.056999800892831354,-0.06967239136356926
3.0668000000000006,3.0668000000000004e-06,-0.039560324401541336,-0.06895341260624398
3.067599999999995,3.067599999999995e-06,-0.09118103117956328,-0.06822699288992438
3.068399999999997,3.0683999999999967e-06,-0.08156573374612458,-0.06749387015289202
3.0691999999999986,3.0691999999999985e-06,-0.061409885768691164,-0.06675470418206875
3.0700000000000003,3.0700000000000003e-06,-0.030934208279036035,-0.06601007080506999
3.070799999999995,3.070799999999995e-06,-0.03791105821494806,-0.06526045604794281
3.0715999999999966,3.0715999999999966e-06,-0.02321367575849781,-0.0645062505603039
3.0723999999999982,3.0723999999999983e-06,-0.05771984144590847,-0.06374774473693112
3.0732,3.0731999999999996e-06,-0.010853447430244467,-0.06298512498790176
3.0739999999999945,3.073999999999994e-06,-0.03286793518624487,-0.062218471562570904
3.074799999999996,3.074799999999996e-06,-0.03101969799351506,-0.06144775825965547
3.075599999999998,3.0755999999999977e-06,-0.028128753875411472,-0.06067285427038389
3.0763999999999996,3.0763999999999995e-06,-0.05342929090181381,-0.05989352830233444
3.0771999999999977,3.0771999999999974e-06,0.013982382523632375,-0.059109455028704634
3.0779999999999994,3.077999999999999e-06,-0.04839524628462766,-0.05832022381657522
3.078800000000001,3.078800000000001e-06,-0.0509376129704035,-0.057525349603785754
3.079600000000003,3.0796000000000027e-06,0.008987867732247246,-0.056724285702958926
3.0803999999999974,3.0803999999999972e-06,-0.030470825380830624,-0.055916438218041556
3.081199999999999,3.081199999999999e-06,-0.08274896868597231,-0.05510118167717457
3.0820000000000007,3.0820000000000007e-06,-0.052498552582542934,-0.05427787541636324
3.0828000000000024,3.0828000000000025e-06,-0.0036233445308281875,-0.05344588020817205
3.083599999999997,3.083599999999997e-06,-0.04672990379224767,-0.0526045746594539
3.0843999999999987,3.0843999999999984e-06,-0.04673406482654252,-0.0517533709987565
3.0852000000000004,3.0852e-06,-0.04036793518624482,-0.050891729974894204
3.086000000000002,3.086000000000002e-06,0.0075160110374890565,-0.050019174656057104
3.0867999999999967,3.0867999999999964e-06,-0.045413138732095515,-0.04913530297132898
3.0875999999999983,3.087599999999998e-06,-0.030547425195227296,-0.04823979888063478
3.0884,3.0884e-06,-0.030479903792247687,-0.04733244207435326
3.0891999999999946,3.0891999999999945e-06,-0.03563991280407597,-0.04641311609468231
3.0899999999999963,3.0899999999999962e-06,-0.04207072698727843,-0.04548181477385016
3.090799999999998,3.090799999999998e-06,-0.031254794133985186,-0.04453864692267896
3.0915999999999997,3.0915999999999993e-06,-0.01684395291539792,-0.043583839273515314
3.0923999999999943,3.0923999999999943e-06,-0.036228315242561315,-0.04261773777113339
3.093199999999996,3.0931999999999956e-06,-0.0007978412986567873,-0.04164080739514105
3.0939999999999976,3.0939999999999974e-06,-0.015554990920989553,-0.040653630765668386
3.0947999999999993,3.094799999999999e-06,-0.03559811394969281,-0.03965690581709295
3.0955999999999975,3.0955999999999975e-06,0.0016000248496848557,-0.03865144282300085
3.096399999999999,3.096399999999999e-06,-0.0014732461373759276,-0.037638161033193174
3.097200000000001,3.0972000000000006e-06,-0.012269697993515072,-0.03661808515432753
3.0980000000000025,3.0980000000000024e-06,-0.0245839664330903,-0.03559234186598586
3.098799999999997,3.098799999999997e-06,-0.02561759494684701,-0.034562156504686206
3.099599999999999,3.0995999999999987e-06,0.011064391682712393,-0.033528849986962546
3.1004000000000005,3.1004000000000004e-06,0.004217478664202523,-0.03249383600938985
3.101200000000002,3.101200000000002e-06,-0.03462916997884097,-0.03145861855485705
3.1019999999999968,3.1019999999999967e-06,0.010068212477609306,-0.030424789714797215
3.1027999999999984,3.1027999999999985e-06,-0.024259787375139008,-0.02939402779201719
3.1036,3.1036e-06,0.0102024989407411,-0.028368095603081178
3.104400000000002,3.1044000000000016e-06,0.022236467693995676,-0.027348838873342336
3.1051999999999964,3.105199999999996e-06,0.0035379127911885355,-0.026338184595002125
3.105999999999998,3.105999999999998e-06,-0.04415746501204593,-0.025338139165323514
3.1068,3.1067999999999996e-06,-0.021964243589890464,-0.02435078603260961
3.1076000000000015,3.1076000000000014e-06,-0.02980790364499597,-0.023378282500922415
3.108399999999996,3.108399999999996e-06,0.03166678990983701,-0.022422855351438627
3.1091999999999977,3.1091999999999977e-06,0.001197921803016866,-0.021486795042795125
3.1099999999999994,3.1099999999999994e-06,-0.02180839561245701,-0.020572448385365656
3.110799999999994,3.110799999999994e-06,-0.027967988520755827,-0.01968220966482092
3.1115999999999957,3.1115999999999958e-06,0.006659792015467458,-0.018818510214538085
3.1123999999999974,3.112399999999997e-06,0.02210218123076385,-0.017983806467392206
3.113199999999999,3.113199999999999e-06,0.006985295247638745,-0.017180566591079027
3.113999999999997,3.113999999999997e-06,0.006906047084602074,-0.016411255886787053
3.114799999999999,3.114799999999999e-06,-0.022178534558986385,-0.01567832115156627
3.1156000000000006,3.1156000000000003e-06,0.017553081026084716,-0.014984174172590903
3.1164000000000023,3.116400000000002e-06,-0.0013402838484641855,-0.01433117448968299
3.117199999999997,3.1171999999999966e-06,-0.017271022167735073,-0.01372161156911643
3.1179999999999986,3.1179999999999984e-06,0.0038732507777043956,-0.013157686572096365
3.1188000000000002,3.1188e-06,0.04820257480477269,-0.012641493957207393
3.119600000000002,3.119600000000002e-06,-0.0326806909401654,-0.012175003216057759
3.1203999999999965,3.1203999999999964e-06,0.008741801174547315,-0.011760041086668047
3.121199999999998,3.121199999999998e-06,-0.01597014490193488,-0.011398274606290358
3.122,3.122e-06,0.06515181018637567,-0.011091195377620523
3.1228000000000016,3.1228000000000013e-06,0.061412212772112784,-0.010840105455946124
3.123599999999996,3.123599999999996e-06,0.02263157284629408,-0.010646105279607541
3.124399999999998,3.1243999999999976e-06,-0.007217496553394764,-0.010510083977848483
3.1251999999999995,3.1251999999999993e-06,0.025922539493818175,-0.010432712177343848
3.1260000000000012,3.126000000000001e-06,-0.028884731051487422,-0.01041443717843192
3.126799999999996,3.1267999999999956e-06,0.00046899134995731506,-0.010455480197709862
3.1275999999999975,3.1275999999999974e-06,0.011798239512994135,-0.010555835320657205
3.128399999999999,3.128399999999999e-06,0.020425868321254093,-0.010715269851592154
3.129200000000001,3.129200000000001e-06,-0.03398005552021088,-0.010933325835705304
3.1299999999999955,3.1299999999999954e-06,0.03237151049995485,-0.01120932260938919
3.130799999999997,3.130799999999997e-06,-0.013648310736597169,-0.011542360293324904
3.131599999999999,3.1315999999999985e-06,0.02569708959615785,-0.011931324194026118
3.1323999999999934,3.132399999999993e-06,-0.011202404182430015,-0.012374890133015879
3.1331999999999987,3.1331999999999986e-06,-0.0224913661768385,-0.012871530766548723
3.1340000000000003,3.1340000000000004e-06,0.03409245912392256,-0.013419522991812365
3.134800000000002,3.1348000000000017e-06,0.03766296911494016,-0.014016956576427902
3.1355999999999966,3.1355999999999963e-06,0.04458837395365933,-0.014661744191943465
3.1363999999999983,3.136399999999998e-06,-0.031167035390924025,-0.015351633025504588
3.1372,3.1372e-06,0.02893869166353652,-0.01608421804028966
3.1380000000000017,3.1380000000000015e-06,-0.019219312695075763,-0.016856956787014425
3.1387999999999963,3.138799999999996e-06,-0.011134314948057888,-0.017667185524116297
3.139599999999998,3.139599999999998e-06,-0.019117746674810143,-0.018512136339775626
3.1403999999999996,3.1403999999999996e-06,0.0044860515905661424,-0.019388954983108404
3.1412000000000013,3.1412000000000014e-06,-0.01753240868839423,-0.020294719181739952
3.141999999999996,3.141999999999996e-06,0.014414557664626515,-0.02122645732185723
3.1427999999999976,3.1427999999999973e-06,0.004453519659034844,-0.022181167461054297
3.1435999999999993,3.143599999999999e-06,0.01763932708349114,-0.023155836703165497
3.144400000000001,3.1444000000000008e-06,0.02046066928136764,-0.02414746096892919
3.1451999999999956,3.1451999999999953e-06,0.00943536283610058,-0.025153065137424428
3.1459999999999972,3.145999999999997e-06,-0.047194990184731056,-0.02616972341448536
3.146799999999999,3.146799999999999e-06,0.011913801321799145,-0.027194579634626626
3.1476000000000006,3.1476000000000006e-06,-0.02177359465234352,-0.02822486707671813
3.148399999999995,3.148399999999995e-06,-0.031252525105402995,-0.029257927316656676
3.149199999999997,3.149199999999997e-06,-0.06144374187444257,-0.030291227654755087
3.1499999999999986,3.1499999999999986e-06,-0.0350804490942197,-0.031322376723529055
3.1508000000000003,3.1508e-06,0.026573734469595767,-0.03234913800853891
3.151599999999995,3.1515999999999945e-06,-0.020547804515285262,-0.03336944120242709
3.1524,3.1524e-06,-0.038045723998137715,-0.034381391503256115
3.153200000000002,3.153200000000002e-06,-0.0314437418744426,-0.0353832770852696
3.1540000000000035,3.154000000000003e-06,-0.005600762298232809,-0.03637357500911706
3.154799999999998,3.1547999999999977e-06,-0.008521589999227697,-0.037350955865184256
3.1555999999999997,3.1555999999999995e-06,-0.006386811568634798,-0.03831428749339589
3.1564000000000014,3.1564000000000012e-06,0.002903738975459813,-0.03926263815946461
3.157199999999996,3.157199999999996e-06,-0.0025518896855485362,-0.040195279543276896
3.1579999999999977,3.1579999999999975e-06,-0.040423352806397805,-0.04111168980249675
3.1587999999999994,3.1587999999999993e-06,-0.02021530338874422,-0.0420115568405857
3.159600000000001,3.159600000000001e-06,-0.005575607581029041,-0.042894781775844666
3.1603999999999957,3.1603999999999956e-06,0.02185895153313877,-0.04376148251192298
3.1611999999999973,3.1611999999999974e-06,-0.055704976667038664,-0.04461199724275786
3.161999999999999,3.1619999999999987e-06,-0.041624556057744955,-0.045446887640976194
3.1628000000000007,3.1628000000000004e-06,-0.04689445315832874,-0.04626694136597202
3.1635999999999953,3.163599999999995e-06,-0.03802208196658874,-0.047073173443901155
3.164399999999997,3.1643999999999968e-06,-0.0257306992156352,-0.04786682607939952
3.1651999999999987,3.1651999999999985e-06,-0.0258330215787283,-0.048649366549209073
3.1660000000000004,3.1660000000000003e-06,0.015375935909715976,-0.049422482934369676
3.166799999999995,3.166799999999995e-06,-0.05082186265016375,-0.05018807750542026
3.1675999999999966,3.1675999999999966e-06,-0.03854163882777456,-0.05094825755395556
3.1683999999999983,3.1683999999999983e-06,-0.07972903480191712,-0.05170532338155391
3.1692,3.1692e-06,-0.06872169666824951,-0.05246175308203008
3.1699999999999946,3.1699999999999946e-06,-0.07146171018594205,-0.053220183768935336
3.1707999999999963,3.170799999999996e-06,-0.02956486475589415,-0.05398338904732624
3.1716000000000015,3.1716000000000015e-06,-0.05528547314036392,-0.05475425277705012
3.172400000000003,3.172400000000003e-06,-0.03606528085932348,-0.05553573944738657
3.173199999999998,3.173199999999998e-06,-0.06273478438599833,-0.05633086170752352
3.1739999999999995,3.173999999999999e-06,-0.032571938514195375,-0.05714264575002191
3.174800000000001,3.174800000000001e-06,-0.029669267636134533,-0.057974095347467364
3.175600000000003,3.1756000000000027e-06,-0.023552041413511526,-0.058828155420039635
3.1763999999999974,3.1763999999999972e-06,0.015407900009754782,-0.05970767605476043
3.177199999999999,3.177199999999999e-06,-0.04799560307516482,-0.06061537787165962
3.178000000000001,3.1780000000000007e-06,-0.08114944639948252,-0.0615538195154369
3.1787999999999954,3.1787999999999953e-06,0.011329748429043218,-0.06252536786945262
3.179599999999997,3.179599999999997e-06,-0.0062941354483514456,-0.06353217141259222
3.180399999999999,3.180399999999999e-06,-0.07386638571711845,-0.06457613701084797
3.1812000000000005,3.1812e-06,-0.021532068448896324,-0.06565891031721138
3.181999999999995,3.181999999999995e-06,-0.08637205943716808,-0.06678185980131322
3.1827999999999967,3.1827999999999964e-06,-0.04531119568896019,-0.06794606427736007
3.1835999999999984,3.183599999999998e-06,-0.05296912418364108,-0.06915230371215231
3.1844,3.1844e-06,-0.09772911066594869,-0.07040105309199272
3.1851999999999947,3.1851999999999945e-06,-0.041866650092584834,-0.07169247918012786
3.1859999999999964,3.1859999999999963e-06,-0.044346412752503284,-0.07302644007888151
3.186799999999998,3.186799999999998e-06,-0.05228047989921014,-0.07440248760661933
3.1875999999999998,3.1875999999999998e-06,-0.039573943167311165,-0.07581987257833125
3.1883999999999943,3.1883999999999943e-06,-0.06687345947541978,-0.07727755310020615
3.189199999999996,3.189199999999996e-06,-0.05170588473792914,-0.07877420594422718
3.1899999999999977,3.1899999999999974e-06,-0.022921083777815543,-0.0803082409879973
3.190800000000003,3.190800000000003e-06,-0.06118273467384128,-0.08187781861522497
3.1915999999999976,3.1915999999999975e-06,-0.07808865851530633,-0.08348086987018179
3.1923999999999992,3.1923999999999993e-06,-0.08974983997339137,-0.08511511903447881
3.193200000000001,3.1932000000000006e-06,-0.07624609504252611,-0.0867781081736477
3.1940000000000026,3.1940000000000024e-06,-0.05538628281770219,-0.0884672231403923
3.194799999999997,3.194799999999997e-06,-0.06295380422078184,-0.09017972054154343
3.195599999999999,3.1955999999999987e-06,-0.07962671243882402,-0.09191275523036091
3.1964000000000006,3.1964000000000004e-06,-0.1038219385141953,-0.09366340791149529
3.1972000000000023,3.197200000000002e-06,-0.06793148636355284,-0.09542871242996318
3.197999999999997,3.1979999999999967e-06,-0.08249741921684606,-0.0972056822993472
3.1987999999999985,3.1987999999999985e-06,-0.1133946807503235,-0.09899133604484647
3.1996,3.1996000000000002e-06,-0.07015118667723197,-0.10078272098802332
3.200399999999995,3.200399999999995e-06,-0.12361313275371422,-0.10257693516212514
3.2011999999999965,3.2011999999999966e-06,-0.07328838586437036,-0.1043711471190705
3.201999999999998,3.201999999999998e-06,-0.10580086896725477,-0.10616261347764319
3.2028,3.2027999999999996e-06,-0.07806993386097938,-0.1079486941585423
3.2035999999999945,3.203599999999994e-06,-0.1105873343410862,-0.1097268653368082
3.204399999999996,3.204399999999996e-06,-0.09401391162606226,-0.11149473020211308
3.205199999999998,3.2051999999999977e-06,-0.08991325367668701,-0.11325002765435752
3.2059999999999995,3.2059999999999995e-06,-0.09715659602181531,-0.11499063908831302
3.206799999999994,3.206799999999994e-06,-0.07927473031522886,-0.11671459344035366
3.207599999999996,3.2075999999999958e-06,-0.10085023354740025,-0.11842007067000646
3.2083999999999975,3.2083999999999975e-06,-0.11432617541242163,-0.12010540381603202
3.209199999999999,3.209199999999999e-06,-0.16725400100768623,-0.12176907970922846
3.2099999999999973,3.2099999999999972e-06,-0.07584815303025283,-0.12340973838198441
3.210799999999999,3.210799999999999e-06,-0.11273043484026879,-0.12502617123903415
3.2116000000000007,3.2116000000000007e-06,-0.08125233659396824,-0.12661731815142846
3.2124000000000024,3.212400000000002e-06,-0.13254470327984408,-0.1281822637410213
3.213199999999997,3.2131999999999966e-06,-0.1270028285614293,-0.12972023316191228
3.2139999999999986,3.2139999999999984e-06,-0.1144763496699055,-0.13123058765865805
3.2148000000000003,3.2148e-06,-0.08886638571711847,-0.13271282015101019
3.215600000000002,3.215600000000002e-06,-0.11414384854346443,-0.1341665510999857
3.2163999999999966,3.2163999999999964e-06,-0.109093159789099,-0.135591524921863
3.2171999999999983,3.217199999999998e-06,-0.10098584418485201,-0.1369876071852767
3.218,3.218e-06,-0.12079595159013257,-0.1383547827408826
3.2188000000000017,3.2188000000000017e-06,-0.12391366978011659,-0.13969315481933325
3.2195999999999962,3.2195999999999962e-06,-0.14924749508087765,-0.1410029450201941
3.220399999999998,3.2203999999999976e-06,-0.10824166963286486,-0.14228449402532894
3.2211999999999996,3.2211999999999993e-06,-0.10742025157095675,-0.14353826282540413
3.221999999999994,3.221999999999994e-06,-0.13267199184870632,-0.14476483424220266
3.222799999999996,3.2227999999999956e-06,-0.12131494061982567,-0.1459649145221601
3.2235999999999976,3.2235999999999974e-06,-0.11771303436016206,-0.14713933473218763
3.2243999999999993,3.224399999999999e-06,-0.15808109278964383,-0.14828905161362613
3.225199999999994,3.2251999999999937e-06,-0.16934981744397076,-0.1494151474772794
3.2259999999999955,3.2259999999999955e-06,-0.1562564976282631,-0.15051882868714317
3.2267999999999972,3.226799999999997e-06,-0.1264427970201804,-0.1516014223175426
3.227599999999999,3.227599999999999e-06,-0.15682693175534906,-0.15266437069140393
3.228399999999997,3.228399999999997e-06,-0.1696321976474388,-0.15370922367885936
3.2291999999999987,3.2291999999999987e-06,-0.18895887332586708,-0.1547376288000124
3.2300000000000004,3.2300000000000004e-06,-0.10804969652099788,-0.15575131932751762
3.230800000000002,3.230800000000002e-06,-0.11437345947541977,-0.15675210075741314
3.2315999999999967,3.2315999999999967e-06,-0.12729296300209453,-0.15774183619950252
3.2323999999999984,3.232399999999998e-06,-0.10026239894030747,-0.15872243134981895
3.2332,3.2332e-06,-0.15459191147881052,-0.15969581967745128
3.2340000000000018,3.2340000000000016e-06,-0.11979920455353682,-0.16066394830185424
3.2347999999999963,3.234799999999996e-06,-0.18370845722243762,-0.16162876483069485
3.235599999999998,3.235599999999998e-06,-0.14427605448944897,-0.16259220524701667
3.2363999999999997,3.2363999999999996e-06,-0.1483175131044342,-0.16355618282480858
3.2372000000000014,3.2372000000000014e-06,-0.13169472580926467,-0.16452257802543133
3.237999999999996,3.237999999999996e-06,-0.16416200536639863,-0.16549322935345645
3.2387999999999977,3.2387999999999977e-06,-0.15453762952154287,-0.16646992517688342
3.2395999999999994,3.239599999999999e-06,-0.1371113924759647,-0.1674543965154264
3.240400000000001,3.2404000000000008e-06,-0.15479428717641452,-0.1684483107843687
3.2411999999999956,3.2411999999999953e-06,-0.14418356688070022,-0.16945326646721126
3.2419999999999973,3.241999999999997e-06,-0.12578687317861542,-0.1704707886696269
3.242799999999999,3.242799999999999e-06,-0.16682617541242162,-0.17150232546187036
3.2436000000000007,3.2436000000000006e-06,-0.15535564289198345,-0.17254924484047293
3.2443999999999953,3.244399999999995e-06,-0.18385730730570143,-0.17361283204512443
3.245199999999997,3.245199999999997e-06,-0.18755302534843377,-0.17469428688722294
3.2459999999999987,3.2459999999999987e-06,-0.14550941035226955,-0.17579472072573077
3.246799999999997,3.2467999999999966e-06,-0.151378868820003,-0.17691515278134715
3.2475999999999985,3.2475999999999983e-06,-0.1736089717194194,-0.17805650557963143
3.2483999999999966,3.2483999999999963e-06,-0.2113134279341708,-0.17921959939774793
3.249200000000002,3.249200000000002e-06,-0.1628896875091696,-0.18040514563296878
3.249999999999993,3.2499999999999926e-06,-0.17941866302127035,-0.18161373905502526
3.250799999999998,3.250799999999998e-06,-0.16140251085145202,-0.18284584899891715
3.2515999999999963,3.251599999999996e-06,-0.1434920857362943,-0.18410180968707848
3.2524000000000015,3.2524000000000013e-06,-0.18097468525618754,-0.18538180997743992
3.2531999999999925,3.2531999999999924e-06,-0.18121885980817476,-0.18668588287156085
3.253999999999998,3.2539999999999976e-06,-0.1962383408054289,-0.1880138950927625
3.254799999999996,3.254799999999996e-06,-0.1551553477115269,-0.1893655370085664
3.255600000000001,3.255600000000001e-06,-0.15939426464689394,-0.19074031317277623
3.2563999999999993,3.256399999999999e-06,-0.16660564289198349,-0.19213753379655568
3.2571999999999974,3.2571999999999974e-06,-0.1669339829841297,-0.19355630747199018
3.2580000000000027,3.2580000000000025e-06,-0.21341075705611012,-0.19499553542449846
3.258800000000001,3.2588000000000005e-06,-0.16633574579129984,-0.19645390747898106
3.259599999999999,3.259599999999999e-06,-0.19907500296616482,-0.1979298998451796
3.260399999999997,3.2603999999999968e-06,-0.1857499917014545,-0.19942177480099765
3.2612000000000023,3.2612000000000023e-06,-0.1414352312944182,-0.20092758237192915
3.2620000000000005,3.2620000000000003e-06,-0.20044604998358478,-0.2024451641302048
3.2627999999999986,3.2627999999999986e-06,-0.17122377718539705,-0.20397215922618583
3.2635999999999967,3.2635999999999966e-06,-0.1934837636677047,-0.20550601269750585
3.264400000000002,3.2644000000000017e-06,-0.216229262393912,-0.20704398599777746
3.2652,3.2652e-06,-0.18618273467384128,-0.20858316959188944
3.2659999999999982,3.265999999999998e-06,-0.2503507255147613,-0.2101204974176962
3.2667999999999964,3.2667999999999964e-06,-0.14764418878286245,-0.21165276302927166
3.2676000000000016,3.2676000000000015e-06,-0.2082959515901326,-0.21317663730542885
3.2683999999999926,3.2683999999999923e-06,-0.17346144581047568,-0.21468868769043042
3.269199999999998,3.269199999999998e-06,-0.1749244126052515,-0.21618539897404676
3.269999999999996,3.269999999999996e-06,-0.2081421841297465,-0.21766319557633448
3.2708000000000013,3.270800000000001e-06,-0.17815409940123839,-0.21911846518511002
3.2715999999999923,3.271599999999992e-06,-0.2322810477306026,-0.22054758343887632
3.2723999999999975,3.2723999999999972e-06,-0.21563594257830432,-0.22194693919825137
3.2731999999999957,3.2731999999999956e-06,-0.23524783532027554,-0.2233129598432012
3.274000000000001,3.2740000000000008e-06,-0.22681577282668464,-0.22464213600068061
3.274799999999999,3.2747999999999987e-06,-0.18944930294698908,-0.2259310451566717
3.275599999999997,3.275599999999997e-06,-0.2668532221353382,-0.2271763737158214
3.2764000000000024,3.276400000000002e-06,-0.22754962065696627,-0.2283749371986362
3.2772000000000006,3.2772000000000006e-06,-0.18909524030624647,-0.22952369838636758
3.2779999999999987,3.2779999999999985e-06,-0.22924749508087766,-0.2306197833444953
3.278799999999997,3.278799999999997e-06,-0.1544542203242113,-0.23166049537172376
3.279600000000002,3.279600000000002e-06,-0.21783200086043458,-0.23264332698480236
3.2804,3.2804e-06,-0.2496579201960354,-0.23356597001281426
3.2811999999999983,3.2811999999999983e-06,-0.23559906110104328,-0.2344263237499358
3.2819999999999965,3.2819999999999963e-06,-0.23785772340913086,-0.23522250098181677
3.2828000000000017,3.2828000000000014e-06,-0.21582867203299866,-0.2359528316484576
3.2836,3.2835999999999998e-06,-0.22064010361259906,-0.2366158639613718
3.284399999999998,3.2843999999999977e-06,-0.21965167864459312,-0.2372103628983823
3.285199999999996,3.285199999999996e-06,-0.2333502335474002,-0.23773530608192575
3.2860000000000014,3.2860000000000012e-06,-0.23889551295718242,-0.23818987707896425
3.2867999999999995,3.286799999999999e-06,-0.25924409038941015,-0.2385734561663578
3.2875999999999976,3.2875999999999975e-06,-0.25287720440628514,-0.2388856086304455
3.2883999999999958,3.2883999999999955e-06,-0.2355769317553491,-0.2391260707525087
3.289200000000001,3.289200000000001e-06,-0.20071386656702095,-0.2392947337830378
3.289999999999992,3.289999999999992e-06,-0.21037796074911252,-0.2393916263927765
3.2907999999999973,3.290799999999997e-06,-0.18622585770254446,-0.23941689623450052
3.2915999999999954,3.2915999999999953e-06,-0.2625745868627354,-0.2393707912886887
3.2924000000000007,3.2924000000000004e-06,-0.1987063767052903,-0.2392536415891353
3.293199999999999,3.293199999999999e-06,-0.25255378169126114,-0.23906584179036458
3.293999999999997,3.2939999999999968e-06,-0.2125683453112931,-0.23880783492661692
3.294800000000002,3.294800000000002e-06,-0.16507326268841527,-0.2384800976578698
3.2956000000000003,3.2956000000000003e-06,-0.21182958010388914,-0.23808312727242803
3.2963999999999984,3.296399999999998e-06,-0.24542032743498832,-0.23761743065259466
3.2971999999999966,3.2971999999999966e-06,-0.2427693968345772,-0.23708351527060714
3.298000000000002,3.2980000000000017e-06,-0.23495713304821764,-0.23648188210915383
3.2988,3.2987999999999997e-06,-0.21277431421179943,-0.23581302029146567
3.299599999999998,3.299599999999998e-06,-0.22966983546752728,-0.2350774032087855
3.3003999999999962,3.300399999999996e-06,-0.23091000071318268,-0.2342754860038102
3.3012000000000015,3.301200000000001e-06,-0.2340277189031667,-0.23340770433816532
3.3019999999999996,3.3019999999999995e-06,-0.20910980392627843,-0.2324744744186057
3.3027999999999977,3.3027999999999974e-06,-0.18000233659396825,-0.23147619429734467
3.303599999999996,3.3035999999999958e-06,-0.22820630084135862,-0.23041324649641903
3.304400000000001,3.304400000000001e-06,-0.204879209059401,-0.2292860020004031
3.3051999999999992,3.3051999999999993e-06,-0.22315750409260593,-0.22809482559409727
3.3059999999999974,3.3059999999999972e-06,-0.16063953578120654,-0.22684008241852086
3.3067999999999955,3.306799999999995e-06,-0.2189108329200417,-0.2255221455191636
3.3076000000000008,3.3076000000000007e-06,-0.23584266782163799,-0.22414140406474403
3.308399999999999,3.3083999999999987e-06,-0.19264286460864233,-0.22269827180357676
3.309199999999997,3.309199999999997e-06,-0.25235481068512455,-0.22119319521822683
3.309999999999995,3.309999999999995e-06,-0.2111660905366619,-0.2196266607882584
3.3108000000000004,3.3108e-06,-0.24434357589252848,-0.21799920080085528
3.3115999999999985,3.3115999999999985e-06,-0.20279171469180612,-0.21631139724954332
3.3123999999999967,3.3123999999999964e-06,-0.19861672595651636,-0.21456388351134892
3.313200000000002,3.3132000000000016e-06,-0.21499117766540365,-0.21275734366259247
3.314,3.314e-06,-0.23576814852428873,-0.21089250944366286
3.314799999999998,3.314799999999998e-06,-0.16385182209708649,-0.2089701549944104
3.3155999999999963,3.3155999999999963e-06,-0.22095879746193564,-0.20699108957255483
3.3164000000000016,3.3164000000000014e-06,-0.1489310702601232,-0.20495614855667899
3.3171999999999997,3.3171999999999993e-06,-0.17934641275250324,-0.20286618310351828
3.317999999999998,3.3179999999999977e-06,-0.1939443097058352,-0.20072204883791162
3.318799999999996,3.3187999999999957e-06,-0.1629662873236663,-0.19852459388950866
3.319600000000001,3.3196000000000012e-06,-0.22374533869969865,-0.19627464647898815
3.3203999999999994,3.320399999999999e-06,-0.21041408588354604,-0.19397300214845642
3.3211999999999975,3.3211999999999975e-06,-0.20206826944726153,-0.1916204106788052
3.3219999999999956,3.3219999999999955e-06,-0.18181652916961194,-0.18921756277875407
3.322800000000001,3.3228000000000006e-06,-0.14890402353720683,-0.18676507676654916
3.323599999999999,3.323599999999999e-06,-0.1723506496508297,-0.18426348564139347
3.324399999999997,3.324399999999997e-06,-0.17074034545854488,-0.18171322507441928
3.3251999999999953,3.3251999999999953e-06,-0.16173992935511528,-0.17911462289032343
3.3260000000000005,3.3260000000000004e-06,-0.15104920455353682,-0.1764678905792572
3.3267999999999986,3.3267999999999984e-06,-0.10953006379578051,-0.17377311732065673
3.327599999999997,3.3275999999999967e-06,-0.15047044835796114,-0.17103026692950038
3.328399999999995,3.3283999999999947e-06,-0.12895622497732712,-0.1682391780206191
3.3292,3.3292e-06,-0.20627805914266467,-0.16539956750548457
3.3299999999999983,3.329999999999998e-06,-0.13920456056360908,-0.16251103732347688
3.3307999999999964,3.330799999999996e-06,-0.1325851779599072,-0.1595730841457297
3.3316000000000017,3.3316000000000017e-06,-0.1476755850515084,-0.15658511172629855
3.3324,3.3323999999999996e-06,-0.13697786235566023,-0.15354644558420638
3.333200000000005,3.3332000000000048e-06,-0.15302056928093405,-0.15045634971023097
3.333999999999996,3.333999999999996e-06,-0.12639362095146967,-0.14731404497281045
3.3348000000000013,3.334800000000001e-06,-0.11123852931686373,-0.14411872887005112
3.3355999999999995,3.3355999999999995e-06,-0.13631286010267818,-0.1408695962582673
3.3363999999999976,3.3363999999999974e-06,-0.11550808617804947,-0.1375658606664772
3.3371999999999957,3.3371999999999958e-06,-0.11382685589131752,-0.1342067757602802
3.338000000000001,3.338000000000001e-06,-0.16725192049053877,-0.13079165645393293
3.338799999999999,3.338799999999999e-06,-0.11989112433089283,-0.12731989911549071
3.3395999999999972,3.3395999999999972e-06,-0.09782443513477207,-0.12379100030051288
3.3403999999999954,3.340399999999995e-06,-0.11749893190260075,-0.12020457350272282
3.3412000000000006,3.3412000000000003e-06,-0.13577174172719092,-0.11656036350197606
3.3419999999999987,3.3419999999999987e-06,-0.08173103945513294,-0.11285825797373855
3.342799999999997,3.3427999999999966e-06,-0.12702174172719094,-0.109098296085204
3.343599999999995,3.343599999999995e-06,-0.10656195203188767,-0.10528067386447153
3.3444000000000003,3.3444e-06,-0.10485008181933692,-0.10140574620731128
3.3451999999999984,3.345199999999998e-06,-0.060433755392134914,-0.09747402547989552
3.3459999999999965,3.3459999999999964e-06,-0.08465527184749533,-0.09348617677813985
3.3467999999999947,3.3467999999999944e-06,-0.08532519147759965,-0.08944300999067847
3.3476,3.3476e-06,-0.09671155845787877,-0.0853454688526046
3.348399999999998,3.348399999999998e-06,-0.0703760687433998,-0.081194617178051
3.349199999999996,3.349199999999996e-06,-0.1244772945242677,-0.07699162247013364
3.3500000000000014,3.3500000000000014e-06,-0.03253581337976175,-0.0727377371698448
3.3507999999999996,3.3507999999999993e-06,-0.0704997641094598,-0.06843427792661903
3.351600000000005,3.3516000000000045e-06,-0.0367630035551717,-0.06408260342223747
3.352399999999996,3.3523999999999956e-06,-0.044023746380306705,-0.05968409140481107
3.353200000000001,3.3532000000000008e-06,-0.05352026582490771,-0.055240115648966394
3.353999999999999,3.353999999999999e-06,-0.003349665715907446,-0.050752023551234135
3.3548000000000044,3.3548000000000043e-06,-0.03008593430273454,-0.04622111502412678
3.3555999999999955,3.3555999999999955e-06,-0.03336290516171947,-0.04164862328602689
3.3564000000000007,3.3564000000000006e-06,0.005197770075053676,-0.037035698054274376
3.357199999999999,3.3571999999999985e-06,-0.05074110180137209,-0.03238339153860409
3.357999999999997,3.357999999999997e-06,-0.0210075942105884,-0.027692647522524146
3.358799999999995,3.358799999999995e-06,0.004183622558451061,-0.022964293737383498
3.3596000000000004,3.3596000000000004e-06,0.049811743334172376,-0.018199037691277717
3.3603999999999985,3.3603999999999984e-06,0.020758557959129953,-0.013397466090717916
3.3611999999999966,3.3611999999999963e-06,-0.02305688292670216,-0.008560047923452201
3.3619999999999948,3.3619999999999947e-06,0.019422879733216214,-0.0036871411104661012
3.3628,3.3628e-06,0.0014916494465841978,0.0012209975736985471
3.363599999999998,3.363599999999998e-06,0.04280841450673645,0.0061641997771609966
3.3643999999999963,3.364399999999996e-06,-0.019631061984553666,0.0111423705859508
3.3651999999999944,3.365199999999994e-06,0.047532275854610506,0.016155471844114103
3.3659999999999997,3.3659999999999996e-06,0.006502052032321237,0.02120350434930405
3.366799999999998,3.3667999999999976e-06,0.02347474093393853,0.026286489480365386
3.367599999999996,3.367599999999996e-06,0.022893336389722796,0.03140445076922915
3.368400000000001,3.368400000000001e-06,0.03574588634481063,0.036557395853419404
3.3691999999999993,3.369199999999999e-06,0.07614723304865129,0.04174529914055757
3.3700000000000045,3.3700000000000046e-06,0.07134204302049302,0.046968085398363245
3.3707999999999956,3.3707999999999953e-06,0.018935286972169174,0.052225614391824327
3.371600000000001,3.3716000000000005e-06,0.06897557314079755,0.05751766665513038
3.372399999999999,3.372399999999999e-06,0.10717405217954301,0.06284393048994787
3.373200000000004,3.373200000000004e-06,0.05879683947464254,0.06820399027387442
3.3739999999999952,3.373999999999995e-06,0.11043078569837633,0.07359731613593185
3.3748000000000005,3.3748000000000003e-06,0.10786761384112631,0.0790232550522949
3.3755999999999986,3.3755999999999986e-06,0.0739992151722465,0.08448102346234729
3.376400000000004,3.376400000000004e-06,0.0790882980896277,0.08996970158674922
3.377199999999995,3.3771999999999945e-06,0.0988615240176472,0.095488229707542
3.378,3.378e-06,0.09382256202333888,0.10103540670038588
3.3787999999999982,3.378799999999998e-06,0.11787650374110864,0.10660989106373106
3.3796000000000035,3.379600000000003e-06,0.10533489339819024,0.11221020458747856
3.3803999999999945,3.3803999999999944e-06,0.12364307201432656,0.1178347386883006
3.3811999999999998,3.3811999999999995e-06,0.0941049422268071,0.12348176333563363
3.381999999999998,3.381999999999998e-06,0.13969069631672237,0.12914943839539136
3.382799999999996,3.382799999999996e-06,0.15020609214361325,0.13483582710793318
3.383599999999994,3.383599999999994e-06,0.18136984608626688,0.14053891128902207
3.3843999999999994,3.3843999999999993e-06,0.13869319293729931,0.1462566077305389
3.3851999999999975,3.3851999999999973e-06,0.172466078625921,0.1519867852299018
3.3859999999999957,3.3859999999999956e-06,0.1886610403257859,0.15772728170488623
3.386799999999994,3.3867999999999936e-06,0.2178770715725713,0.16347592092001406
3.387599999999999,3.3875999999999987e-06,0.1807284858648039,0.16923052843841968
3.3884000000000043,3.3884000000000043e-06,0.20813316139601046,0.17498894653795044
3.3891999999999953,3.389199999999995e-06,0.14566796235609392,0.18074904800757494
3.3900000000000006,3.3900000000000006e-06,0.1810887900570588,0.18650874893065084
3.3907999999999987,3.3907999999999985e-06,0.18628284368607323,0.19226602068859056
3.391600000000004,3.3916000000000037e-06,0.2081866870104208,0.19801890142829415
3.392399999999995,3.392399999999995e-06,0.2098491926427959,0.20376550714075206
3.3932,3.3932e-06,0.20836409650225574,0.20950404236162778
3.3939999999999984,3.3939999999999983e-06,0.2273471121256454,0.21523281039050682
3.3948000000000036,3.3948000000000035e-06,0.23495851290018877,0.22095022285269206
3.3955999999999946,3.3955999999999946e-06,0.22798147445280892,0.22665480838306773
3.3964,3.3963999999999998e-06,0.26687824401885823,0.2323452201854272
3.397199999999998,3.3971999999999977e-06,0.23048847234711145,0.23802024221437687
3.3980000000000032,3.3980000000000033e-06,0.2541028617096597,0.24367879374220033
3.3987999999999943,3.398799999999994e-06,0.2935345080997911,0.24931993210342845
3.3995999999999995,3.399599999999999e-06,0.2724229555972478,0.2549428534465889
3.4003999999999976,3.4003999999999975e-06,0.24547806976137432,0.2605468913708485
3.401200000000003,3.4012000000000027e-06,0.29598779186824575,0.2661315133988331
3.401999999999994,3.401999999999994e-06,0.27876752372317376,0.271696315324946
3.402799999999999,3.402799999999999e-06,0.265121170260557,0.27724101354610103
3.4035999999999973,3.403599999999997e-06,0.2845910223021994,0.2827654355120988
3.4043999999999954,3.4043999999999953e-06,0.3367704364471502,0.28826950843330534
3.4051999999999936,3.4051999999999932e-06,0.32692344756467884,0.2937532463650713
3.405999999999999,3.405999999999999e-06,0.29159302695534517,0.2992167357807154
3.406800000000004,3.406800000000004e-06,0.3379160335669397,0.3046601197938368
3.407599999999995,3.407599999999995e-06,0.3004988749328487,0.31008358130251296
3.4084000000000003,3.4084000000000003e-06,0.3105204364471802,0.3154873254502626
3.4091999999999985,3.409199999999998e-06,0.3078666689868343,0.3208715618756307
3.4100000000000037,3.4100000000000034e-06,0.3404752329013995,0.3262364872320575
3.4107999999999947,3.4107999999999945e-06,0.32301135803573305,0.33158226840504557
3.4116,3.4115999999999997e-06,0.3538467718861805,0.336909026756626
3.412399999999998,3.412399999999998e-06,0.3738503650890827,0.34221682362587774
3.4132000000000033,3.413200000000003e-06,0.3842933221357718,0.3475056472450334
3.4139999999999944,3.4139999999999943e-06,0.3175627272689945,0.35277540121867285
3.4147999999999996,3.4147999999999995e-06,0.3217265570756496,0.35802589476223395
3.4155999999999977,3.4155999999999974e-06,0.35524013676082944,0.3632568349570465
3.416400000000003,3.416400000000003e-06,0.3692850000671822,0.3684678212612032
3.417199999999994,3.4171999999999937e-06,0.3828173044067187,0.37365834237100537
3.4179999999999993,3.4179999999999993e-06,0.4138927317748586,0.3788277753115172
3.4187999999999974,3.4187999999999972e-06,0.4315504717581047,0.38397538645324203
3.4196000000000026,3.4196000000000024e-06,0.4060615548227376,0.3891003340792895
3.4203999999999937,3.4203999999999935e-06,0.3578695058468391,0.3942016721799511
3.421199999999999,3.4211999999999987e-06,0.4145577340278407,0.39927835528877187
3.421999999999997,3.421999999999997e-06,0.4260002749711002,0.40432924430691947
3.4228000000000023,3.422800000000002e-06,0.3893650045731463,0.40935311331346846
3.4235999999999933,3.4235999999999934e-06,0.3801809374264395,0.41434865732863024
3.4243999999999986,3.4243999999999985e-06,0.42213490167373,0.41931450092925443
3.4251999999999967,3.4251999999999964e-06,0.44356363533988497,0.42424920751810735
3.425999999999995,3.425999999999995e-06,0.48338282115658254,0.42915128890705156
3.4268,3.4268e-06,0.4245068567620404,0.4340192147319493
3.427599999999998,3.427599999999998e-06,0.4863189688204367,0.4388514211579684
3.4284000000000034,3.4284000000000035e-06,0.4689872999008546,0.44364631839309177
3.4291999999999945,3.429199999999994e-06,0.46299112069565157,0.44840229666637954
3.4299999999999997,3.4299999999999998e-06,0.468132405053153,0.4531177304941549
3.430799999999998,3.4307999999999977e-06,0.4503367854038729,0.45779098122454853
3.431600000000003,3.431600000000003e-06,0.5295263377591946,0.462420397997819
3.432399999999994,3.432399999999994e-06,0.4760288343797715,0.46700431737147874
3.4331999999999994,3.433199999999999e-06,0.46852959072259887,0.4715410619539991
3.4339999999999975,3.4339999999999975e-06,0.47035059268107754,0.4760289385037441
3.4348000000000027,3.4348000000000027e-06,0.4467099129384403,0.48046623607110267
3.4355999999999938,3.4355999999999934e-06,0.45688940294742264,0.48485122482631293
3.436399999999999,3.436399999999999e-06,0.5199590807315813,0.4891821561655253
3.437199999999997,3.437199999999997e-06,0.4762737652745861,0.49345726452765026
3.4380000000000024,3.438000000000002e-06,0.526322373511904,0.49767477114861447
3.4387999999999934,3.4387999999999932e-06,0.4846557068452041,0.5018328898067802
3.4395999999999987,3.4395999999999984e-06,0.48581321923645554,0.5059298345104443
3.440399999999997,3.4403999999999967e-06,0.5390561454781544,0.509963829020307
3.441200000000002,3.441200000000002e-06,0.46348930455397047,0.5139331180364716
3.441999999999993,3.441999999999993e-06,0.5061519619143389,0.5178359797827888
3.4427999999999983,3.442799999999998e-06,0.565979469799626,0.5216707395903073
3.4435999999999964,3.443599999999996e-06,0.5560205123111819,0.525435783927662
3.4444000000000017,3.4444000000000017e-06,0.5880947672330646,0.5291295741897379
3.4452,3.4451999999999996e-06,0.5559147852566211,0.5327506595152682
3.445999999999998,3.445999999999998e-06,0.5665595501695218,0.5362976880156197
3.446800000000003,3.446800000000003e-06,0.51189148346457,0.5397694160327093
3.4475999999999942,3.447599999999994e-06,0.5482443736591558,0.5431647153096911
3.4483999999999995,3.4483999999999995e-06,0.5411366419514796,0.5464825781562729
3.4491999999999976,3.4491999999999974e-06,0.5338127272689944,0.5497221207680083
3.450000000000003,3.4500000000000025e-06,0.5594304454589785,0.5528825848240952
3.450799999999994,3.4507999999999937e-06,0.5938932996063511,0.5559633373900704
3.451599999999999,3.451599999999999e-06,0.6065769506496286,0.5589638690465707
3.4523999999999972,3.4523999999999972e-06,0.5567265570756195,0.5618837901097152
3.4532000000000025,3.4532000000000024e-06,0.5635087855511247,0.5647228248482083
3.4539999999999935,3.4539999999999935e-06,0.6110594743055902,0.5674808037272746
3.4547999999999988,3.4547999999999987e-06,0.5645200962077523,0.5701576538511657
3.455599999999997,3.4555999999999966e-06,0.5723351968541867,0.5727533878792186
3.456400000000002,3.456400000000002e-06,0.5880578857558038,0.57526809175777
3.457199999999993,3.457199999999993e-06,0.5607625304819899,0.5777019116568451
3.4579999999999984,3.457999999999998e-06,0.5986506377400187,0.5800550405175974
3.4587999999999965,3.4587999999999964e-06,0.5849479218030169,0.5823277045962685
3.459600000000002,3.4596000000000016e-06,0.5971925883224651,0.5845201503479653
3.460399999999993,3.4603999999999927e-06,0.5625424899289129,0.5866326319526426
3.461199999999998,3.461199999999998e-06,0.6109558277681768,0.5886653997570338
3.461999999999996,3.4619999999999962e-06,0.6050619709261671,0.5906186898794412
3.4628000000000014,3.4628000000000014e-06,0.549039501340975,0.5924927151860906
3.4635999999999996,3.4635999999999993e-06,0.5983918995679995,0.5942876578005015
3.4643999999999977,3.4643999999999977e-06,0.6207937382392013,0.5960036632494985
3.465200000000003,3.465200000000003e-06,0.5992725169642977,0.5976408362658813
3.466000000000001,3.4660000000000008e-06,0.6399507586629916,0.5991992381699663
3.466799999999999,3.466799999999999e-06,0.587167622116696,0.600678885691423
3.4675999999999974,3.467599999999997e-06,0.5822434655882653,0.6020797511017348
3.4684000000000026,3.4684000000000022e-06,0.6046502216365892,0.6034017635762349
3.4692000000000007,3.4692000000000006e-06,0.6035685527170072,0.6046448117268416
3.469999999999999,3.4699999999999985e-06,0.594621662228018,0.6058087471996215
3.470799999999997,3.470799999999997e-06,0.6475939350262057,0.6068933891291891
3.4716000000000022,3.471600000000002e-06,0.6142626822100532,0.6078985291349515
3.4723999999999933,3.4723999999999932e-06,0.5988036488575772,0.6088239364771056
3.4731999999999985,3.4731999999999984e-06,0.6744665705933119,0.6096693629818835
3.4739999999999966,3.4739999999999963e-06,0.6319185301874867,0.6104345473882732
3.474800000000002,3.474800000000002e-06,0.6083181366135777,0.6111192188506255
3.475599999999993,3.4755999999999926e-06,0.6078492685067576,0.6117230994551172
3.476399999999998,3.476399999999998e-06,0.594191756115606,0.6122459057560061
3.4771999999999963,3.477199999999996e-06,0.631213241765876,0.612687349448301
3.4780000000000015,3.4780000000000013e-06,0.6562527715916773,0.613047137315884
3.4787999999999926,3.4787999999999924e-06,0.6581900917018884,0.6133249705547217
3.479599999999998,3.4795999999999976e-06,0.5728019844438594,0.6135205435566433
3.480399999999996,3.480399999999996e-06,0.5699409239087472,0.6136335423099524
3.481200000000001,3.481200000000001e-06,0.654240552864259,0.613663642685815
3.4819999999999993,3.481999999999999e-06,0.6396203380536979,0.6136105089235872
3.4827999999999975,3.4827999999999974e-06,0.6106115998816788,0.6134737925634135
3.4836000000000027,3.4836000000000025e-06,0.5967252329013994,0.61325313198487
3.484400000000001,3.4844000000000005e-06,0.5816075905753473,0.6129481526825235
3.485199999999999,3.485199999999999e-06,0.6298819130856919,0.612558468414196
3.485999999999997,3.4859999999999968e-06,0.6347211477310363,0.6120836833108305
3.4868000000000023,3.4868000000000023e-06,0.5908682575365506,0.6115233949228278
3.4876000000000005,3.4876000000000003e-06,0.624490212624861,0.6108771980608926
3.4883999999999986,3.4883999999999987e-06,0.6186150804370778,0.6101446892222632
3.4891999999999967,3.4891999999999966e-06,0.6461067583684883,0.6093254713668234
3.490000000000002,3.4900000000000017e-06,0.5734350225967029,0.608419158797803
3.4908,3.4908e-06,0.6275362483774707,0.6074253819107212
3.4915999999999983,3.491599999999998e-06,0.5989037021920882,0.6063437915997602
3.4923999999999964,3.4923999999999964e-06,0.648488548211143,0.6051740631240728
3.4932000000000016,3.4932000000000016e-06,0.6332583694476953,0.6039158992257954
3.4939999999999927,3.4939999999999927e-06,0.6117265570756196,0.6025690322952231
3.494799999999998,3.494799999999998e-06,0.5516028617096597,0.6011332254432247
3.495599999999996,3.495599999999996e-06,0.621611751609642,0.5996082724536842
3.4964000000000013,3.496400000000001e-06,0.5977074163178635,0.5979939966728873
3.4971999999999923,3.497199999999992e-06,0.6133869821908773,0.5962902488868311
3.4979999999999976,3.4979999999999973e-06,0.6180593984415585,0.5944969041664409
3.4987999999999957,3.4987999999999956e-06,0.6440992685067575,0.5926138576055424
3.499600000000001,3.4996000000000008e-06,0.5721314969822625,0.5906410188948517
3.500399999999999,3.5003999999999987e-06,0.6187870047203979,0.5885783057739608
3.501199999999997,3.501199999999997e-06,0.589362924055999,0.5864256365507512
3.5020000000000024,3.5020000000000022e-06,0.5612890852375455,0.5841829220212889
3.5028000000000006,3.5028000000000006e-06,0.6349694833173183,0.581850057221264
3.5035999999999987,3.5035999999999985e-06,0.5245395772049064,0.5794269134846004
3.504399999999997,3.504399999999997e-06,0.5441543068069524,0.5769133312887276
3.505200000000002,3.505200000000002e-06,0.5715714654410136,0.5743091143294583
3.5060000000000002,3.506e-06,0.5888044052004048,0.571614025165943
3.5067999999999984,3.5067999999999983e-06,0.5929718282099323,0.5688277825998246
3.5075999999999965,3.5075999999999963e-06,0.5944924816534433,0.5659500607648978
3.5084000000000017,3.5084000000000014e-06,0.535749291036278,0.5629804897988627
3.5092,3.5092e-06,0.5405635594758534,0.5599186579772544
3.509999999999998,3.5099999999999977e-06,0.5625071211374068,0.5567641152471016
3.510799999999996,3.510799999999996e-06,0.5390033762065414,0.5535163781100017
3.5116000000000014,3.5116000000000012e-06,0.5685804679884989,0.5501749357312042
3.5123999999999995,3.512399999999999e-06,0.550808490370668,0.5467392570298343
3.5131999999999977,3.5131999999999976e-06,0.5601866111463891,0.5432087983981335
3.513999999999996,3.5139999999999955e-06,0.546735067655644,0.5395830116401362
3.514800000000001,3.514800000000001e-06,0.5333272150249947,0.5358613517143931
3.515599999999992,3.515599999999992e-06,0.5836033536771208,0.5320432838944096
3.5163999999999973,3.516399999999997e-06,0.551698186178483,0.5281282900077962
3.5171999999999954,3.5171999999999953e-06,0.5405017117928235,0.5241158734863466
3.5180000000000007,3.5180000000000005e-06,0.5166459847383628,0.5200055630770952
3.518799999999999,3.518799999999999e-06,0.5515618191981038,0.515796915226886
3.519599999999997,3.5195999999999968e-06,0.5278437832982426,0.5114895153183914
3.520400000000002,3.520400000000002e-06,0.5043054259186984,0.5070829780696772
3.5212000000000003,3.5212000000000003e-06,0.49166338521836966,0.5025769475185886
3.5219999999999985,3.5219999999999982e-06,0.47040865635268214,0.49797109710556053
3.5227999999999966,3.5227999999999966e-06,0.44258372095190346,0.49326513041282094
3.523600000000002,3.5236000000000017e-06,0.5081040341559165,0.4884587830662494
3.5244,3.5243999999999997e-06,0.5173917478400364,0.48355182614470477
3.525199999999998,3.525199999999998e-06,0.4634038148394914,0.47854407122206816
3.5259999999999962,3.525999999999996e-06,0.4899117966686833,0.47343537698659255
3.5268000000000015,3.5268000000000015e-06,0.46393528697216924,0.4682256573052235
3.5275999999999996,3.5275999999999995e-06,0.4441607368698295,0.46291489060364777
3.5283999999999978,3.5283999999999974e-06,0.4386814661772721,0.4575031304440839
3.529199999999996,3.529199999999996e-06,0.4505977926044742,0.4519905171510938
3.530000000000001,3.530000000000001e-06,0.4793109111273134,0.44637729024720063
3.5307999999999993,3.5307999999999993e-06,0.46873839648307997,0.4406638013374108
3.5315999999999974,3.5315999999999972e-06,0.461627260084036,0.43485052698624743
3.5323999999999955,3.532399999999995e-06,0.42060270998169647,0.4289380811275056
3.533200000000001,3.5332000000000007e-06,0.38855777081131226,0.4229272266435039
3.533999999999999,3.5339999999999987e-06,0.43942779711043845,0.41681888587978494
3.534799999999997,3.534799999999997e-06,0.42276396730371313,0.41061414993355305
3.535599999999995,3.535599999999995e-06,0.4127040116264959,0.40431428653883056
3.5364000000000004,3.5364e-06,0.422018960544867,0.39792074632056
3.5371999999999986,3.5371999999999985e-06,0.3910526649226552,0.39143516717520027
3.5379999999999967,3.5379999999999964e-06,0.3458510455679785,0.38485937657569336
3.538800000000002,3.5388000000000016e-06,0.3920982087079037,0.37819539165609445
3.5396,3.5396e-06,0.4251546470463504,0.3714454169524382
3.540399999999998,3.540399999999998e-06,0.3670878061221666,0.36461183964576716
3.5411999999999964,3.5411999999999963e-06,0.4023340611913012,0.3576972221242473
3.5420000000000016,3.5420000000000014e-06,0.32358481753422874,0.35070429172978657
3.5427999999999997,3.5427999999999998e-06,0.3154086563526821,0.3436359276875798
3.543599999999998,3.5435999999999977e-06,0.3404816629642766,0.3364951453565214
3.544399999999996,3.5443999999999957e-06,0.3849779938973429,0.3292850779963426
3.5452000000000012,3.5452000000000012e-06,0.35232706329703156,0.32200895621079656
3.5459999999999994,3.545999999999999e-06,0.3406097078759661,0.31467008518064715
3.5467999999999975,3.5467999999999975e-06,0.3210840611913013,0.30727181985348906
3.5475999999999956,3.5475999999999955e-06,0.28504835216039714,0.2998175384315971
3.548400000000001,3.5484000000000006e-06,0.28540033428406253,0.29231061471608377
3.549199999999999,3.549199999999999e-06,0.25203636102494376,0.2847543900270256
3.549999999999997,3.549999999999997e-06,0.29445503234478965,0.2771521454706304
3.5507999999999953,3.5507999999999953e-06,0.28899656682370656,0.26950707526825285
3.5516000000000005,3.5516000000000004e-06,0.23818347083041802,0.2618222617478837
3.5523999999999987,3.5523999999999984e-06,0.2546748085224003,0.2541006524946425
3.553199999999997,3.5531999999999967e-06,0.22352505036834602,0.24634504009495264
3.553999999999995,3.5539999999999947e-06,0.25940150673034934,0.23855804486167406
3.5548,3.5548e-06,0.2269820790676761,0.23074210085464997
3.5555999999999983,3.555599999999998e-06,0.20507558739474852,0.222899445416203
3.5563999999999965,3.556399999999996e-06,0.19376638806032853,0.21503211235449962
3.5572000000000017,3.5572000000000017e-06,0.2168597078759661,0.20714192883306515
3.558,3.5579999999999996e-06,0.22300057613000812,0.19923051593497929
3.558800000000005,3.558800000000005e-06,0.18055901912156758,0.19129929275995855
3.559599999999996,3.559599999999996e-06,0.20467556486525795,0.18334948382119298
3.5604000000000013,3.560400000000001e-06,0.16652796309235252,0.17538212947374987
3.5611999999999995,3.5611999999999995e-06,0.10335047773651596,0.16739809911540263
3.5619999999999976,3.5619999999999974e-06,0.19170669675847452,0.1593981069027414
3.5627999999999957,3.5627999999999958e-06,0.17353828981409092,0.15138272967011174
3.563600000000001,3.563600000000001e-06,0.14480360977698736,0.1433524266222034
3.564399999999999,3.564399999999999e-06,0.16794213313844264,0.13530756025719012
3.5651999999999973,3.5651999999999972e-06,0.13159680866965207,0.12724841794368713
3.5659999999999954,3.565999999999995e-06,0.11254910850325461,0.11917523363294133
3.5668000000000006,3.5668000000000003e-06,0.10261246887197939,0.11108820928705684
3.5675999999999988,3.5675999999999987e-06,0.11402871943520998,0.10298753568764477
3.568399999999997,3.5683999999999966e-06,0.11596244634248876,0.09487341232419261
3.569199999999995,3.569199999999995e-06,0.03536704600973373,0.08674606605122438
3.5700000000000003,3.57e-06,0.10703711736780108,0.07860576817716514
3.5707999999999984,3.570799999999998e-06,0.11408640608391507,0.07045284962015452
3.5715999999999966,3.5715999999999964e-06,0.0689354754836039,0.062287713734704014
3.5723999999999947,3.5723999999999944e-06,0.0797584062311667,0.054110846406069044
3.5732,3.5732e-06,0.09183474167019712,0.0459228230766102
3.573999999999998,3.573999999999998e-06,0.02166716693270665,0.03772431251826297
3.574799999999996,3.5747999999999962e-06,-0.0078000367603957566,0.0295160773548679
3.5756000000000014,3.5756000000000014e-06,0.02962620028518237,0.0212989715099974
3.5763999999999996,3.5763999999999993e-06,0.034059359360998576,0.013073934850665443
3.577200000000005,3.5772000000000045e-06,0.04067798562187308,0.004841985288019636
3.577999999999996,3.5779999999999956e-06,0.016020889334051325,-0.0033957914609864664
3.578800000000001,3.5788000000000008e-06,-0.037516900214000226,-0.011638254251061967
3.5795999999999992,3.579599999999999e-06,-0.008532560416357415,-0.019884220737844734
3.5804000000000045,3.5804000000000043e-06,-0.01563178154400935,-0.028132483049896996
3.5811999999999955,3.5811999999999955e-06,-0.05650067218025029,-0.03638182441579679
3.5820000000000007,3.5820000000000006e-06,-0.0377917146918062,-0.04463103624255392
3.582799999999999,3.5827999999999985e-06,-0.0536471773709003,-0.05287893515969319
3.583599999999997,3.583599999999997e-06,-0.04709115513588302,-0.061124379574415605
3.584399999999995,3.584399999999995e-06,-0.08862013064798385,-0.06936628532104243
3.5852000000000004,3.5852000000000004e-06,-0.055542698626628084,-0.07760364002176283
3.5859999999999985,3.5859999999999984e-06,-0.07425941035226957,-0.08583551579723853
3.5867999999999967,3.5867999999999963e-06,-0.10724492259626917,-0.0940610799762883
3.587599999999995,3.5875999999999947e-06,-0.11959607251310539,-0.1022796034537696
3.5884,3.5884e-06,-0.17578271214432067,-0.11049046634396457
3.589199999999998,3.589199999999998e-06,-0.12170645256932178,-0.11869316061537413
3.5899999999999963,3.589999999999996e-06,-0.1531268641668872,-0.12688728952666234
3.5907999999999944,3.5907999999999945e-06,-0.07661264078625318,-0.1350725639200899
3.5915999999999997,3.5915999999999996e-06,-0.12385106575425914,-0.1432487956972886
3.592399999999998,3.5923999999999976e-06,-0.1306192984411249,-0.15141588899046615
3.593199999999996,3.593199999999996e-06,-0.15510106575425914,-0.1595738295743635
3.594000000000001,3.594000000000001e-06,-0.18962311923602176,-0.1677226729566189
3.5947999999999993,3.594799999999999e-06,-0.15782500296616486,-0.17586253142831382
3.5956000000000046,3.5956000000000046e-06,-0.1799542961881429,-0.18399356024516345
3.5963999999999956,3.5963999999999953e-06,-0.16335723144166997,-0.1921159430719663
3.597200000000001,3.5972000000000005e-06,-0.2113370699656199,-0.20022987682059837
3.597999999999999,3.597999999999999e-06,-0.2342599781837621,-0.2083355559937506
3.598800000000004,3.598800000000004e-06,-0.23796969201503376,-0.2164331566076821
3.5995999999999952,3.599599999999995e-06,-0.237274049836333,-0.2245228197570788
3.6004000000000005,3.6004000000000003e-06,-0.23473092680762975,-0.23260463495534967
3.6011999999999986,3.6011999999999987e-06,-0.219261490869417,-0.24067862353120356
3.602000000000004,3.602000000000004e-06,-0.20781043934613297,-0.24874472252677252
3.602799999999995,3.6027999999999945e-06,-0.22211763402740697,-0.25680276964751697
3.6036,3.6036e-06,-0.28289536122921927,-0.2648524898063481
3.6043999999999983,3.604399999999998e-06,-0.23751481969685279,-0.2728934836801712
3.6051999999999964,3.6051999999999964e-06,-0.24872094032532216,-0.28092521850965685
3.6059999999999945,3.6059999999999944e-06,-0.3072449225962692,-0.2889470211899732
3.6068,3.6067999999999995e-06,-0.30807125803529944,-0.29695807354679127
3.607599999999998,3.607599999999998e-06,-0.32138851506291277,-0.30495740956666845
3.608399999999996,3.608399999999996e-06,-0.3303416471033441,-0.31294391427898877
3.609199999999994,3.609199999999994e-06,-0.3274527835024881,-0.32091632400518594
3.6099999999999994,3.6099999999999993e-06,-0.2997080411190082,-0.32887322779440287
3.6107999999999976,3.6107999999999973e-06,-0.34391991133155875,-0.33681307000055155
3.6115999999999957,3.6115999999999956e-06,-0.33500706545975584,-0.34473415406249935
3.612399999999994,3.6123999999999936e-06,-0.3472114458104757,-0.3526346475920896
3.613199999999999,3.6131999999999987e-06,-0.35671969201503384,-0.3605125888625609
3.6140000000000043,3.6140000000000043e-06,-0.37787228702916287,-0.36836589475679427
3.6147999999999954,3.614799999999995e-06,-0.35195270763845654,-0.3761923702062318
3.6156000000000006,3.6156000000000006e-06,-0.37130586220840855,-0.3839897191332141
3.6163999999999987,3.6163999999999985e-06,-0.40997018398249485,-0.3917555568935013
3.617200000000004,3.6172000000000037e-06,-0.35459323565303047,-0.39948742418678196
3.617999999999995,3.617999999999995e-06,-0.40169321312360995,-0.4071828023546342
3.6188000000000002,3.6188e-06,-0.38481225548781395,-0.41483912992037364
3.6195999999999984,3.6195999999999983e-06,-0.43797801408362347,-0.422453820137092
3.6204000000000036,3.6204000000000035e-06,-0.3869986675271345,-0.4300242791919525
3.6211999999999946,3.6211999999999947e-06,-0.46863393792518837,-0.43754792458360114
3.622,3.622e-06,-0.4644207435384178,-0.44502220307646034
3.622799999999998,3.6227999999999977e-06,-0.4760456113506346,-0.452444607566428
3.6236000000000033,3.6236000000000033e-06,-0.4613593878228489,-0.4598126921937025
3.6243999999999943,3.624399999999994e-06,-0.5060539334192243,-0.46712408512901854
3.6251999999999995,3.625199999999999e-06,-0.47689502098972125,-0.47437649862282066
3.6259999999999977,3.6259999999999976e-06,-0.4920828330672934,-0.4815677361013343
3.626800000000003,3.6268000000000027e-06,-0.45630794272555597,-0.48869569628766674
3.627599999999994,3.627599999999994e-06,-0.5108967612674707,-0.4957583744961877
3.628399999999999,3.628399999999999e-06,-0.5139872442231037,-0.5027538613641837
3.6291999999999973,3.629199999999997e-06,-0.5241862152292402,-0.5096803393355964
3.6299999999999955,3.6299999999999953e-06,-0.5198519738250498,-0.5165360772343619
3.6307999999999936,3.6307999999999933e-06,-0.5139768416373666,-0.5233194233122779
3.631599999999999,3.631599999999999e-06,-0.5563955129571824,-0.5300287972418167
3.632400000000004,3.632400000000004e-06,-0.4929348910550203,-0.5366626816182994
3.633199999999995,3.633199999999995e-06,-0.5052790430774868,-0.543219613605142
3.6340000000000003,3.6340000000000003e-06,-0.5375668326255383,-0.5496981773754246
3.6347999999999985,3.6347999999999982e-06,-0.5131684745098357,-0.5560969979428246
3.6356000000000037,3.6356000000000034e-06,-0.5453437276204917,-0.5624147368186405
3.6363999999999947,3.6363999999999945e-06,-0.542789445663224,-0.5686500897046723
3.6372,3.6371999999999997e-06,-0.5975161438711728,-0.5748017861824147
3.637999999999998,3.637999999999998e-06,-0.569474269152758,-0.5808685911278202
3.6388000000000034,3.638800000000003e-06,-0.6027476468088407,-0.5868493074029737
3.6395999999999944,3.6395999999999943e-06,-0.5794706759499558,-0.592742779279164
3.6403999999999996,3.6403999999999995e-06,-0.6441243675463103,-0.5985478960283975
3.6411999999999978,3.6411999999999974e-06,-0.6386165374450816,-0.604263595157489
3.642000000000003,3.642000000000003e-06,-0.6000099023197305,-0.6098888648414718
3.642799999999994,3.6427999999999937e-06,-0.6126538350257721,-0.615422745254373
3.6435999999999993,3.6435999999999993e-06,-0.6393225822096196,-0.6208643286835585
3.6443999999999974,3.6443999999999972e-06,-0.6232653116643139,-0.6262127584923826
3.6452000000000027,3.6452000000000024e-06,-0.6238196694856132,-0.631467227118658
3.6459999999999937,3.6459999999999936e-06,-0.653216514915661,-0.6366269733705916
3.646799999999999,3.6467999999999987e-06,-0.594024882043192,-0.6416912793333953
3.647599999999997,3.647599999999997e-06,-0.6559990836305639,-0.646659467231312
3.6484000000000023,3.648400000000002e-06,-0.60133706996562,-0.6515308965843009
3.6491999999999933,3.6491999999999934e-06,-0.6710671728650361,-0.656304961939577
3.6499999999999986,3.6499999999999985e-06,-0.6722496514619567,-0.6609810913464685
3.6507999999999967,3.6507999999999965e-06,-0.6872288462904824,-0.6655587456112977
3.651599999999995,3.651599999999995e-06,-0.680654667232631,-0.6700374182758726
3.6524,3.6524e-06,-0.6182214322927834,-0.6744166362554765
3.6531999999999982,3.653199999999998e-06,-0.6616160454777207,-0.6786959611361469
3.6540000000000035,3.6540000000000035e-06,-0.6826315171685431,-0.6828749911861336
3.6547999999999945,3.6547999999999942e-06,-0.7014100765772144,-0.6869533641032507
3.6555999999999997,3.6555999999999998e-06,-0.7171571638532079,-0.690930760404076
3.656399999999998,3.6563999999999977e-06,-0.7106232709639849,-0.694806907252846
3.657200000000003,3.657200000000003e-06,-0.6565214773517245,-0.6985815825118187
3.657999999999994,3.657999999999994e-06,-0.6760191324592109,-0.7022546188712306
3.6587999999999994,3.658799999999999e-06,-0.711846980583896,-0.705825908005375
3.6595999999999975,3.6595999999999975e-06,-0.7245431147300576,-0.7092954047133078
3.6604000000000028,3.6604000000000027e-06,-0.6851184662342659,-0.7126631309255723
3.661199999999994,3.6611999999999934e-06,-0.7419163939926882,-0.7159291793606829
3.661999999999999,3.661999999999999e-06,-0.7124242240938168,-0.7190937165615853
3.662799999999997,3.662799999999997e-06,-0.7522398167077121,-0.7221569850380447
3.6636000000000024,3.663600000000002e-06,-0.7247948550078072,-0.7251193042684778
3.6643999999999934,3.6643999999999932e-06,-0.7377171953944568,-0.7279810703745107
3.6651999999999987,3.6651999999999984e-06,-0.7166591685063238,-0.7307427543747135
3.665999999999997,3.6659999999999967e-06,-0.7748491369650748,-0.7334048990304004
3.666800000000002,3.666800000000002e-06,-0.6760302913877753,-0.7359681143890103
3.667599999999993,3.667599999999993e-06,-0.6974688598081747,-0.7384330721946066
3.6683999999999983,3.668399999999998e-06,-0.7476343540286179,-0.7408004993524288
3.6691999999999965,3.669199999999996e-06,-0.7627728015260445,-0.7430711705711422
3.6700000000000017,3.6700000000000017e-06,-0.7790978886547865,-0.7452459001638985
3.6708,3.6707999999999997e-06,-0.7547678082848908,-0.7473255328522579
3.671599999999998,3.671599999999998e-06,-0.7312988643141388,-0.7493109333885595
3.672400000000003,3.672400000000003e-06,-0.7790269625603394,-0.7512029749067914
3.6731999999999942,3.673199999999994e-06,-0.7219825912213478,-0.7530025260524151
3.6739999999999995,3.6739999999999995e-06,-0.7567251772236486,-0.7547104370486732
3.6747999999999976,3.6747999999999974e-06,-0.7649166583680546,-0.7563275249060206
3.675600000000003,3.6756000000000026e-06,-0.7685157277677434,-0.7578545579866912
3.676399999999994,3.6763999999999937e-06,-0.7871620812303302,-0.759292240126523
3.677199999999999,3.677199999999999e-06,-0.7066591685063238,-0.7606411945268601
3.6779999999999973,3.6779999999999972e-06,-0.7634398842961739,-0.7619019476776256
3.6788000000000025,3.6788000000000024e-06,-0.7646543269932331,-0.7630749136254616
3.6795999999999935,3.6795999999999935e-06,-0.7877943630403461,-0.7641603789041144
3.680399999999999,3.6803999999999987e-06,-0.743408488027528,-0.7651584883948334
3.681199999999997,3.6811999999999966e-06,-0.7877574815631853,-0.7660692323388266
3.682000000000002,3.682000000000002e-06,-0.7951621570943617,-0.7668924347261312
3.682799999999993,3.682799999999993e-06,-0.7292635713865643,-0.767627743329765
3.6835999999999984,3.683599999999998e-06,-0.7553486449976139,-0.768274621718232
3.6843999999999966,3.6843999999999964e-06,-0.7402943630403461,-0.7688323436380465
3.685200000000002,3.6852000000000016e-06,-0.7523332491707229,-0.7692999901655578
3.685999999999993,3.6859999999999927e-06,-0.7569721886356106,-0.7696764499460446
3.686799999999998,3.686799999999998e-06,-0.7841862152292403,-0.7699604226823418
3.687599999999996,3.6875999999999963e-06,-0.7208216741387289,-0.7701504258596241
3.6884000000000015,3.6884000000000014e-06,-0.8379042511292014,-0.7702448045445169
3.6891999999999996,3.6891999999999993e-06,-0.7826657502972639,-0.7702417439957367
3.6899999999999977,3.6899999999999977e-06,-0.7661645778509071,-0.7701392847833377
3.690800000000003,3.690800000000003e-06,-0.7370480321072799,-0.7699353401530944
3.691600000000001,3.691600000000001e-06,-0.7907458306671596,-0.7696277154763901
3.6923999999999992,3.692399999999999e-06,-0.7608105152101644,-0.7692141297221959
3.6931999999999974,3.693199999999997e-06,-0.7308432356530306,-0.7686922389149295
3.6940000000000026,3.6940000000000022e-06,-0.7607221886356106,-0.7680596615075768
3.6948000000000008,3.6948000000000006e-06,-0.7904390520893151,-0.767314005533666
3.695599999999999,3.6955999999999985e-06,-0.8049577008796103,-0.7664528973140993
3.696399999999997,3.696399999999997e-06,-0.711533960454609,-0.7654740114126521
3.6972000000000023,3.697200000000002e-06,-0.7317976160038504,-0.7643751015079145
3.6979999999999933,3.6979999999999932e-06,-0.733514971424916,-0.7631540318719848
3.6987999999999985,3.6987999999999984e-06,-0.808571333899331,-0.7618088091269332
3.6995999999999967,3.6995999999999963e-06,-0.7789323944344433,-0.7603376138293692
3.700400000000002,3.700400000000002e-06,-0.7333891955417086,-0.758738831277279
3.701199999999993,3.7011999999999926e-06,-0.7464531996059175,-0.7570110808577002
3.701999999999998,3.701999999999998e-06,-0.7445069895957241,-0.7551532432806627
3.7027999999999963,3.702799999999996e-06,-0.8109531237418859,-0.7531644850905335
3.7036000000000016,3.7036000000000013e-06,-0.7529328105378728,-0.7510442798483151
3.7043999999999926,3.7043999999999924e-06,-0.7792329314608457,-0.7487924253771152
3.705199999999998,3.7051999999999976e-06,-0.7732047881556039,-0.7464090565352132
3.705999999999996,3.705999999999996e-06,-0.7728291640004596,-0.7438946531468237
3.706800000000001,3.706800000000001e-06,-0.7023137681735688,-0.7412500429408586
3.7075999999999993,3.707599999999999e-06,-0.7230629359667098,-0.7384763995732496
3.7083999999999975,3.7083999999999974e-06,-0.7379286495035781,-0.7355752359861515
3.7092000000000027,3.7092000000000025e-06,-0.8111785736395465,-0.7325483934379254
3.710000000000001,3.7100000000000005e-06,-0.6508891955417085,-0.7293980265311524
3.710799999999999,3.710799999999999e-06,-0.7548735353394513,-0.7261265845545226
3.711599999999997,3.7115999999999968e-06,-0.7362383408054289,-0.7227367894951916
3.7124000000000024,3.7124000000000024e-06,-0.7283105152101644,-0.7192316111385069
3.7132000000000005,3.7132000000000003e-06,-0.6998916921622854,-0.7156142397094564
3.7139999999999986,3.7139999999999987e-06,-0.6867051283950019,-0.7118880565404406
3.7147999999999968,3.7147999999999966e-06,-0.7104488868435596,-0.7080566032863753
3.715600000000002,3.7156000000000017e-06,-0.6940646003804277,-0.7041235502141792
3.7164,3.7164e-06,-0.7040082379060126,-0.7000926640403791
3.7171999999999983,3.717199999999998e-06,-0.6727686404917498,-0.6959677757022726
3.7179999999999964,3.7179999999999964e-06,-0.7315910792719514,-0.69175274836673
3.7188000000000017,3.7188000000000016e-06,-0.6814178308144113,-0.6874514459249601
3.7195999999999927,3.7195999999999927e-06,-0.6870306316271731,-0.6830677021973185
3.720399999999998,3.720399999999998e-06,-0.6536889762252834,-0.6786052910871708
3.721199999999996,3.721199999999996e-06,-0.6953821217834073,-0.6740678979654143
3.7220000000000013,3.722000000000001e-06,-0.6102506721802503,-0.6694590925980929
3.7227999999999923,3.722799999999992e-06,-0.6754808509436983,-0.6647823039143863
3.7235999999999976,3.7235999999999973e-06,-0.6506317815440094,-0.6600407968438889
3.7243999999999957,3.7243999999999956e-06,-0.6813656293742911,-0.6552376513423936
3.725200000000001,3.7252000000000008e-06,-0.6412627391797053,-0.6503757436070845
3.725999999999999,3.7259999999999987e-06,-0.6455795801038892,-0.6454577294034541
3.7267999999999972,3.726799999999997e-06,-0.6216690032606682,-0.6404860294101171
3.7276000000000025,3.7276000000000022e-06,-0.6607055444984313,-0.6354628165054707
3.7284000000000006,3.7284000000000006e-06,-0.6355372134181134,-0.6303900049286933
3.7291999999999987,3.7291999999999985e-06,-0.6086027301679772,-0.6252692412396327
3.729999999999997,3.729999999999997e-06,-0.6355998174439708,-0.620101897002839
3.730800000000002,3.730800000000002e-06,-0.6284572847761808,-0.614889063142638
3.7316000000000003,3.7316e-06,-0.5812154551168074,-0.609631545944848
3.7323999999999984,3.7323999999999983e-06,-0.6360609313135939,-0.6043298647059531
3.7331999999999965,3.7331999999999963e-06,-0.6057639874899937,-0.5989842510545684
3.7340000000000018,3.7340000000000014e-06,-0.6020529494844022,-0.5935946499966748
3.7348,3.7348e-06,-0.5519054235754584,-0.5881607227737898
3.735599999999998,3.7355999999999977e-06,-0.6023402470650926,-0.5826818516754162
3.736399999999996,3.736399999999996e-06,-0.5397025559104933,-0.5771571469874512
3.7372000000000014,3.7372000000000013e-06,-0.6096204708873818,-0.5715854562508471
3.7379999999999995,3.737999999999999e-06,-0.5544903454585448,-0.5659653759513374
3.7387999999999977,3.7387999999999976e-06,-0.5699633745996598,-0.5602952657019497
3.739599999999996,3.7395999999999955e-06,-0.5412390971482564,-0.5545732649531395
3.740400000000001,3.740400000000001e-06,-0.5470654325872867,-0.5487973122740037
3.741199999999992,3.741199999999992e-06,-0.5077763947289468,-0.5429651672626609
3.7419999999999973,3.741999999999997e-06,-0.5292017237036344,-0.5370744351286665
3.7427999999999955,3.7427999999999953e-06,-0.5311751689480789,-0.5311225939246943
3.7436000000000007,3.7436000000000005e-06,-0.5099028510909499,-0.5251070242910502
3.744399999999999,3.744399999999999e-06,-0.5045160680071413,-0.5190250414406659
3.745199999999997,3.7451999999999968e-06,-0.537928649503578,-0.5128739289862748
3.746000000000002,3.746000000000002e-06,-0.5067370924951405,-0.506650974111212
3.7468000000000004,3.7468000000000003e-06,-0.4965736787918449,-0.5003535035165829
3.7475999999999985,3.7475999999999982e-06,-0.5046976385332711,-0.49397891955082995
3.7483999999999966,3.7483999999999966e-06,-0.525450967360707,-0.48752473594328616
3.749200000000002,3.7492000000000017e-06,-0.4797004753933459,-0.48098861260722703
3.75,3.7499999999999997e-06,-0.4817162873236662,-0.4743683890485229
3.750799999999998,3.750799999999998e-06,-0.4509379922904614,-0.4676621160203863
3.7515999999999963,3.751599999999996e-06,-0.4761556879509248,-0.4608680851818384
3.7524000000000015,3.7524000000000015e-06,-0.4281584489469681,-0.45398485660262344
3.7531999999999996,3.7531999999999995e-06,-0.4129509673607069,-0.4470112839853531
3.753999999999998,3.7539999999999974e-06,-0.4141962384950195,-0.4399465374474978
3.754799999999996,3.754799999999996e-06,-0.4822519204905388,-0.4327901236192341
3.755600000000001,3.755600000000001e-06,-0.4509761979419423,-0.425541902674335
3.7563999999999993,3.7563999999999993e-06,-0.4336967304624805,-0.4182021017802981
3.7571999999999974,3.7571999999999972e-06,-0.4562982964826463,-0.41077132442503067
3.7579999999999956,3.757999999999995e-06,-0.3876290573314377,-0.4032505551910764
3.758800000000001,3.7588000000000008e-06,-0.38869540628816057,-0.3956411597553253
3.759599999999999,3.7595999999999987e-06,-0.3914687080802116,-0.3879448801056473
3.760399999999997,3.760399999999997e-06,-0.3909226723275021,-0.3801638251184013
3.761199999999995,3.761199999999995e-06,-0.4019194193640978,-0.37230045671206985
3.7620000000000005,3.762e-06,-0.33656195203188766,-0.36435757181792233
3.7627999999999986,3.7627999999999985e-06,-0.36653055576324167,-0.35633828044333893
3.7635999999999967,3.7635999999999965e-06,-0.3540333926232163,-0.3482459801614249
3.764400000000002,3.7644000000000016e-06,-0.370544211312383,-0.34008432741300393
3.7652,3.7652e-06,-0.3190175048288644,-0.33185720603978625
3.7659999999999982,3.765999999999998e-06,-0.3124015269166299,-0.32356869350502016
3.7667999999999964,3.7667999999999963e-06,-0.3277966320689284,-0.31522302531673896
3.7676000000000016,3.7676000000000014e-06,-0.28424768359231234,-0.30682455822243115
3.7683999999999997,3.7683999999999998e-06,-0.3083746319216766,-0.2983777327586056
3.769199999999998,3.7691999999999977e-06,-0.31530835882898545,-0.2898870357151667
3.769999999999996,3.7699999999999957e-06,-0.254516256518576,-0.281356963040941
3.7708000000000013,3.7708000000000012e-06,-0.2567017237036344,-0.2727919836993094
3.7715999999999994,3.771599999999999e-06,-0.2482759027614857,-0.26419650498136216
3.7723999999999975,3.7723999999999975e-06,-0.27904379520895356,-0.25557483976397355
3.7731999999999957,3.7731999999999955e-06,-0.2314819475259235,-0.2469311761320552
3.774000000000001,3.7740000000000006e-06,-0.23584418050739264,-0.23826954968903094
3.774799999999999,3.774799999999999e-06,-0.24575377341569143,-0.22959381880460075
3.775599999999997,3.775599999999997e-06,-0.1803633971290805,-0.22090764300921573
3.7763999999999953,3.7763999999999953e-06,-0.1750921758541768,-0.2122144647168247
3.7772000000000006,3.7772000000000004e-06,-0.2067302831122056,-0.20351749440537936
3.7779999999999987,3.7779999999999984e-06,-0.17771814024881893,-0.19481969927467518
3.778799999999997,3.7787999999999968e-06,-0.24598603269628683,-0.18612379523045486
3.779599999999995,3.7795999999999947e-06,-0.2211328022623032,-0.17743224187073023
3.7804,3.7804e-06,-0.13639097260292965,-0.16874724006831543
3.7811999999999983,3.781199999999998e-06,-0.17326001496713372,-0.16007073180532844
3.7819999999999965,3.781999999999996e-06,-0.12649461914024285,-0.151404402077304
3.7828000000000017,3.7828000000000017e-06,-0.1346762655304043,-0.14274968283373538
3.7836,3.7835999999999997e-06,-0.14393333928870544,-0.13410775897401406
3.784400000000005,3.784400000000005e-06,-0.12059035971249576,-0.1254795763765365
3.785199999999996,3.785199999999996e-06,-0.11006929016555517,-0.1168658518605531
3.7860000000000014,3.786000000000001e-06,-0.13399386279741538,-0.1082670849135498
3.7867999999999995,3.7867999999999995e-06,-0.12820365249271853,-0.09968357098054713
3.7875999999999976,3.7875999999999974e-06,-0.06963881622175061,-0.09111541611167648
3.7883999999999958,3.7883999999999958e-06,-0.09708869529877784,-0.08256255280889083
3.789200000000001,3.789200000000001e-06,-0.03524953651746504,-0.07402475699155704
3.789999999999999,3.789999999999999e-06,-0.06255888757981815,-0.06550166606741684
3.7907999999999973,3.7907999999999972e-06,-0.043506270036268446,-0.05699279809906187
3.7915999999999954,3.791599999999995e-06,-0.05197597034994761,-0.04849757198417601
3.7924000000000007,3.7924000000000003e-06,-0.09556728551243943,-0.04001532845188196
3.793199999999999,3.7931999999999987e-06,-0.028370091567423872,-0.03154535157588398
3.793999999999997,3.7939999999999966e-06,-0.013770681928337136,-0.023086890477219783
3.794799999999995,3.794799999999995e-06,0.0010282665483788422,-0.014639180953514392
3.7956000000000003,3.7956e-06,-0.014670023978961999,-0.006201466875366693
3.7963999999999984,3.796399999999998e-06,-0.00981679354497833,0.002226978747170257
3.7971999999999966,3.7971999999999964e-06,0.04764972966922815,0.010646833132282091
3.7979999999999947,3.7979999999999944e-06,0.04311027570735876,0.01905870367490719
3.7988,3.7988e-06,0.009582888745044427,0.027463108675858158
3.799599999999998,3.799599999999998e-06,0.03431790902158305,0.035860459132802155
3.8003999999999962,3.8003999999999963e-06,0.00815964028750421,0.04425104198643422
3.8012000000000015,3.8012000000000014e-06,0.03641713014923498,0.05263500530460239
3.8019999999999996,3.8019999999999993e-06,0.04621607862595101,0.061012345891834296
3.802800000000005,3.8028000000000045e-06,0.034774105514084,0.06938289971905713
3.803599999999996,3.8035999999999957e-06,0.06832929554214223,0.07774633541063777
3.804400000000001,3.804400000000001e-06,0.09219485735104721,0.0861021508419354
3.8051999999999992,3.805199999999999e-06,0.10881764464611665,0.09444967271907376
3.8060000000000045,3.8060000000000043e-06,0.0898089064740975,0.10278805886444786
3.8067999999999955,3.8067999999999955e-06,0.12488266942858933,0.11111630284899851
3.8076000000000008,3.8076000000000006e-06,0.13599762662256015,0.11943324060168453
3.808399999999999,3.8083999999999986e-06,0.14639065125774114,0.12773755866327774
3.809199999999997,3.809199999999997e-06,0.09867995349151737,0.13602780381527813
3.809999999999995,3.809999999999995e-06,0.12798147445284191,0.1443023938980763
3.8108000000000004,3.8108000000000004e-06,0.15024505413798167,0.15255962970629414
3.8115999999999985,3.8115999999999984e-06,0.19363815463716416,0.16079770786425607
3.8123999999999967,3.8123999999999963e-06,0.1587794389946357,0.16901473453428195
3.813199999999995,3.8131999999999947e-06,0.17788690632687582,0.17720873975588194
3.814,3.814e-06,0.16151661565232328,0.18537769221393507
3.814799999999998,3.814799999999998e-06,0.1899320340086948,0.19351951427606995
3.8155999999999963,3.815599999999996e-06,0.19803783692722704,0.2016320971646046
3.8163999999999945,3.8163999999999945e-06,0.23871116124876207,0.20971331610439053
3.8171999999999997,3.8172e-06,0.23829165772208394,0.21776104524030498
3.817999999999998,3.817999999999998e-06,0.17953617251350906,0.22577317210182274
3.818799999999996,3.8187999999999955e-06,0.2506936849047203,0.2337476114370167
3.819599999999994,3.819599999999994e-06,0.21513440970629888,0.24168231831311246
3.8203999999999994,3.820399999999999e-06,0.2251149287091147,0.24957530041991421
3.8212000000000046,3.821200000000004e-06,0.300683850150416,0.25742462948326883
3.8219999999999956,3.821999999999996e-06,0.29728866913408586,0.26522845162367015
3.822800000000001,3.822800000000001e-06,0.26373480328024773,0.2729849964411423
3.823599999999999,3.8235999999999984e-06,0.2121621369080811,0.2806925846305776
3.8244000000000042,3.824400000000004e-06,0.2933911432251722,0.2883496340267107
3.8251999999999953,3.825199999999995e-06,0.32223438717681824,0.29595466405113047
3.8260000000000005,3.826e-06,0.3358786601222877,0.30350629850363636
3.8267999999999986,3.826799999999999e-06,0.29448397107338875,0.3110032665528677
3.827600000000004,3.827600000000004e-06,0.3565304229294578,0.31844440175741756
3.828399999999995,3.8283999999999946e-06,0.3214122127720827,0.32582863903768566
3.8292,3.8292e-06,0.34563448557030046,0.33315500966960476
3.8299999999999983,3.829999999999998e-06,0.3460971121256784,0.3404226345237975
3.8307999999999964,3.8307999999999964e-06,0.3039685752464979,0.34763071590671146
3.8315999999999946,3.831599999999995e-06,0.37783470488672544,0.35477852846325897
3.8324,3.8324e-06,0.36059703626164685,0.36186540965377834
3.833199999999998,3.8331999999999975e-06,0.3226614564292153,0.36889075031561946
3.833999999999996,3.833999999999996e-06,0.3334864676939656,0.3758539857809957
3.834799999999994,3.834799999999994e-06,0.37190037336465237,0.3827545879554839
3.8355999999999995,3.835599999999999e-06,0.37299603807287385,0.38959205863546464
3.8363999999999976,3.836399999999998e-06,0.3849541633544591,0.39636592414148675
3.8371999999999957,3.837199999999995e-06,0.43248896431457257,0.40307573111460415
3.837999999999994,3.837999999999994e-06,0.41942061070463404,0.4097210431371972
3.838799999999999,3.838799999999999e-06,0.4053069018209816,0.416301437743304
3.8396000000000043,3.839600000000004e-06,0.4471237427451655,0.4228165033826419
3.8403999999999954,3.8403999999999955e-06,0.44735259733419336,0.42926583597163503
3.8412000000000006,3.841200000000001e-06,0.4303214654410136,0.43564903476436406
3.8419999999999987,3.841999999999999e-06,0.47711258381650096,0.44196569738697855
3.842800000000004,3.842800000000004e-06,0.4487675237231438,0.4482154140042801
3.843599999999995,3.843599999999995e-06,0.45430032003014154,0.45439776072726457
3.8444000000000003,3.8444e-06,0.4398268747855968,0.4605122925138621
3.8451999999999984,3.845199999999998e-06,0.4626253312948517,0.4665585359397988
3.8460000000000036,3.8460000000000035e-06,0.44634469136903304,0.4725359822908099
3.8467999999999947,3.846799999999994e-06,0.44958837395365925,0.4784440814293001
3.8476,3.847599999999999e-06,0.4884641498367666,0.4842822368213042
3.848399999999998,3.848399999999998e-06,0.4846008570565437,0.49004980199293513
3.8492000000000033,3.849200000000003e-06,0.48457154130504515,0.49574607854818387
3.8499999999999943,3.8499999999999945e-06,0.5295972638536417,0.5013703157594781
3.8507999999999996,3.8508e-06,0.5210789553027444,0.5069217116695726
3.8515999999999977,3.851599999999997e-06,0.4360080292082972,0.512399415628217
3.852400000000003,3.852400000000003e-06,0.5183264586821674,0.5178025322139795
3.853199999999994,3.853199999999994e-06,0.5369177738446592,0.5231301265086759
3.853999999999999,3.853999999999999e-06,0.5184189462909161,0.528381230640267
3.8547999999999973,3.854799999999997e-06,0.5482986556164235,0.533554851399456
3.8555999999999955,3.855599999999995e-06,0.5501030134376228,0.5386499786438282
3.8563999999999936,3.856399999999993e-06,0.5440275860694832,0.5436655941862182
3.857199999999999,3.857199999999998e-06,0.558600516817046,0.5486006809118434
3.858000000000004,3.8580000000000036e-06,0.5455425657929445,0.5534542319494848
3.858799999999995,3.858799999999995e-06,0.5422307939739461,0.5582252598093738
3.8596000000000004,3.8596e-06,0.5374624854230488,0.5629128054697982
3.8603999999999985,3.860399999999999e-06,0.5585267538626241,0.5675159474202714
3.8612000000000037,3.861200000000004e-06,0.5877726686923609,0.5720338106349697
3.8619999999999948,3.8619999999999945e-06,0.5733799842966076,0.5764655753676772
3.8628,3.8628e-06,0.5637013264944843,0.5808104855734154
3.863599999999998,3.863599999999998e-06,0.5748107984798102,0.5850678567145778
3.8644000000000034,3.864400000000003e-06,0.6048699978143002,0.5892370826979061
3.8651999999999944,3.865199999999994e-06,0.5983654206765756,0.593317641679283
3.8659999999999997,3.865999999999999e-06,0.5838912190892039,0.5973091004561227
3.866799999999998,3.8667999999999974e-06,0.6438828970206142,0.6012111171670695
3.867600000000003,3.867600000000003e-06,0.5977664271409185,0.6050234420555904
3.868399999999994,3.868399999999994e-06,0.5989371789778819,0.6087459161254585
3.8691999999999993,3.869199999999999e-06,0.6391096710924946,0.612378467612003
3.8699999999999974,3.869999999999998e-06,0.594625823262313,0.6159211062961416
3.8708000000000027,3.870800000000003e-06,0.641602673198225,0.6193739157766608
3.8715999999999937,3.8715999999999936e-06,0.6071146643336482,0.6227370438838585
3.872399999999999,3.872399999999999e-06,0.6473783198828897,0.6260106914743311
3.873199999999997,3.873199999999997e-06,0.6431885790161334,0.629195099900837
3.8740000000000023,3.874000000000002e-06,0.606393299606351,0.6322905375100358
3.8747999999999934,3.874799999999993e-06,0.6175209284146113,0.635297285590444
3.8755999999999986,3.875599999999998e-06,0.6032095726990424,0.6382156242569329
3.8763999999999967,3.8763999999999965e-06,0.6427066599750358,0.6410458187721312
3.877199999999995,3.877199999999995e-06,0.6675549730317973,0.6437881067378063
3.878,3.878e-06,0.6121466284337871,0.6464426864675333
3.8787999999999982,3.878799999999998e-06,0.6405189237614954,0.6490097067430584
3.8796000000000035,3.8796000000000035e-06,0.6529111161897874,0.6514892580982179
3.8803999999999945,3.880399999999994e-06,0.6715852727182181,0.6538813657426095
3.8811999999999998,3.881199999999999e-06,0.623489872385363,0.6561859842007709
3.881999999999998,3.881999999999998e-06,0.6563932996063511,0.6584029937095855
3.882800000000003,3.882800000000003e-06,0.673232458387664,0.6605321984021418
3.883599999999994,3.883599999999994e-06,0.625617841433121,0.6625733262948961
3.8843999999999994,3.8844e-06,0.6595499797906437,0.6645260310676245
3.8851999999999975,3.885199999999997e-06,0.7043767313331034,0.6663898955839775
3.886000000000003,3.886000000000002e-06,0.6383890627080246,0.6681644370539427
3.886799999999994,3.886799999999994e-06,0.6567424448699717,0.6698491137041178
3.887599999999999,3.887599999999999e-06,0.6719011297074798,0.6714433328137978
3.888399999999997,3.888399999999997e-06,0.683919778497775,0.6729464599803456
3.8892000000000024,3.8892000000000025e-06,0.6739753846293627,0.6743578294664228
3.8899999999999935,3.889999999999993e-06,0.6866249910554538,0.6756767554617327
3.8907999999999987,3.890799999999998e-06,0.6518559261616291,0.6769025440982768
3.891599999999997,3.891599999999997e-06,0.6615582259953017,0.6780345060974474
3.892400000000002,3.892400000000002e-06,0.6317133176299077,0.679071969963185
3.893199999999993,3.893199999999993e-06,0.6852721008608682,0.680014295618759
3.8939999999999984,3.893999999999998e-06,0.642324037925622,0.6808608882882852
3.8947999999999965,3.894799999999996e-06,0.7086958412858695,0.6816112122627983
3.8956000000000017,3.895600000000001e-06,0.7315901900953405,0.6822648040168541
3.8964,3.8964e-06,0.7152768297266557,0.682821284023686
3.897199999999998,3.897199999999998e-06,0.6929723960413248,0.6832803666203594
3.8980000000000032,3.898000000000003e-06,0.6993003200301414,0.6836418674287812
3.8987999999999943,3.898799999999994e-06,0.6775822082661487,0.683905708100834
3.8995999999999995,3.899599999999999e-06,0.6978589147496672,0.6840719184315114
3.9003999999999976,3.900399999999997e-06,0.6666945929755808,0.6841406360995803
3.901200000000003,3.9012000000000026e-06,0.7175167673803164,0.6841121044369262
3.901999999999994,3.901999999999994e-06,0.6609662303539142,0.6839866687179572
3.902799999999999,3.902799999999999e-06,0.6235747942684495,0.6837647715250476
3.9035999999999973,3.903599999999997e-06,0.6824040424314863,0.6834469477867646
3.9044000000000025,3.904400000000002e-06,0.6879396755984586,0.6830338200685679
3.9051999999999936,3.9051999999999935e-06,0.6608758232623129,0.6825260945933751
3.905999999999999,3.905999999999999e-06,0.648686006531525,0.681924558317145
3.906799999999997,3.906799999999997e-06,0.6646759441852857,0.6812300772461466
3.907600000000002,3.907600000000002e-06,0.6636304004000373,0.680443596067124
3.908399999999993,3.908399999999993e-06,0.6646564631880314,0.679566139030821
3.9091999999999985,3.909199999999998e-06,0.6418120467900985,0.6785988118693755
3.9099999999999966,3.9099999999999964e-06,0.7130864451644751,0.6775428043615707
3.910800000000002,3.910800000000002e-06,0.704177760326967,0.6763993930108493
3.911599999999993,3.911599999999992e-06,0.6652407045922221,0.6751699431966535
3.912399999999998,3.912399999999998e-06,0.663912024260678,0.6738559101399912
3.9131999999999962,3.913199999999996e-06,0.6864740604550427,0.6724588380974724
3.9140000000000015,3.914000000000001e-06,0.7029960380728738,0.6709803573100733
3.9147999999999996,3.914799999999999e-06,0.711190923908747,0.6694221783303365
3.9155999999999977,3.915599999999998e-06,0.6827741813780157,0.667786083454238
3.916400000000003,3.916400000000003e-06,0.6739413400121766,0.6660739151508183
3.917200000000001,3.917200000000001e-06,0.6356726912217814,0.6642875616252353
3.9179999999999993,3.917999999999999e-06,0.675048731480355,0.6624289399076242
3.9187999999999974,3.918799999999997e-06,0.6377497830037393,0.6604999770501044
3.9196000000000026,3.919600000000002e-06,0.6526204139177295,0.6585025901012223
3.9204000000000008,3.920400000000001e-06,0.6472113129767918,0.6564386655320299
3.921199999999999,3.921199999999999e-06,0.632018015690605,0.6543100387505115
3.921999999999997,3.9219999999999965e-06,0.6454264361526467,0.6521184742838699
3.9228000000000023,3.9228000000000025e-06,0.6239309374264397,0.6498656471358004
3.9235999999999933,3.923599999999993e-06,0.6617021587013432,0.6475531257382346
3.9243999999999986,3.924399999999998e-06,0.6580955235758921,0.645182356820946
3.9251999999999967,3.925199999999997e-06,0.627182185736728,0.6427546524402826
3.926000000000002,3.926000000000002e-06,0.608693760768722,0.640271179368359
3.926799999999993,3.926799999999993e-06,0.5906581276017495,0.6377329510436945
3.927599999999998,3.927599999999998e-06,0.6519748926619018,0.6351408222697792
3.9283999999999963,3.928399999999996e-06,0.6419811342133439,0.6324954867613832
3.9292000000000016,3.929200000000001e-06,0.6287709284146112,0.6297974774913507
3.9299999999999926,3.929999999999992e-06,0.6426796132521195,0.6270471696647771
3.930799999999998,3.930799999999998e-06,0.5869242039075362,0.624244786109061
3.931599999999996,3.9315999999999955e-06,0.6190735459581611,0.6213904049044913
3.9324000000000012,3.932400000000001e-06,0.6191925124584334,0.6184839691253617
3.9331999999999994,3.933199999999999e-06,0.5903889868439931,0.6155252985647713
3.9339999999999975,3.933999999999997e-06,0.6045040199019655,0.6125141032739136
3.9348000000000027,3.9348000000000025e-06,0.6099653222830235,0.6094499986837774
3.935600000000001,3.935600000000001e-06,0.6415756264753085,0.6063325220125835
3.936399999999999,3.9363999999999984e-06,0.5769130449789717,0.6031611496111785
3.937199999999997,3.937199999999997e-06,0.6163919754320312,0.599935314888165
3.9380000000000024,3.938000000000002e-06,0.6248206332341546,0.5966544265020434
3.9388000000000005,3.9388e-06,0.5676045261233775,0.5933178865904468
3.9395999999999987,3.939599999999999e-06,0.5766431478782881,0.5899251089006555
3.940399999999997,3.940399999999997e-06,0.5767634385528805,0.5864755367743457
3.941200000000002,3.941200000000002e-06,0.5430315953758147,0.5829686609945552
3.942,3.942e-06,0.5925731298547314,0.5794040374909644
3.9427999999999983,3.942799999999998e-06,0.5475258457917334,0.5757813048195956
3.9435999999999964,3.9435999999999964e-06,0.5549993669003097,0.5721002012171676
3.9444000000000017,3.9444000000000016e-06,0.5688426108518857,0.5683605809122274
3.9451999999999927,3.945199999999992e-06,0.5581170850902939,0.5645624292686408
3.945999999999998,3.9459999999999975e-06,0.5721738636681383,0.5607058762441298
3.946799999999996,3.946799999999996e-06,0.5900487314803551,0.5567912075793414
3.9476000000000013,3.947600000000001e-06,0.5477032552835686,0.5528188731170267
3.9483999999999924,3.9483999999999926e-06,0.5412368837974251,0.5487894917051448
3.9491999999999976,3.949199999999998e-06,0.5639698994207478,0.5447038522515035
3.9499999999999957,3.949999999999995e-06,0.5751037697805502,0.5405629106306795
3.950800000000001,3.950800000000001e-06,0.5412862483774705,0.5363677822662678
3.951599999999999,3.951599999999999e-06,0.5607526957277456,0.5321197303394808
3.9523999999999972,3.952399999999997e-06,0.4970403335478339,0.5278201497416458
3.9532000000000025,3.953200000000002e-06,0.5494276085990037,0.5234705470851325
3.9540000000000006,3.954000000000001e-06,0.514011698275131,0.5190725172674988
3.9547999999999988,3.954799999999999e-06,0.47057471840441795,0.5146277172111949
3.955599999999997,3.9555999999999965e-06,0.5436916802515745,0.5101378374739213
3.956400000000002,3.956400000000002e-06,0.477120338053698,0.5056045724522539
3.9572000000000003,3.9572e-06,0.4486771166315426,0.5010295898892663
3.9579999999999984,3.957999999999998e-06,0.5384363467710227,0.4964145003535937
3.9587999999999965,3.958799999999997e-06,0.502978637592767,0.49176082728931836
3.959600000000002,3.959600000000002e-06,0.4521613805652538,0.48706997815751785
3.9604,3.960399999999999e-06,0.4588189688204367,0.48234321713985145
3.961199999999998,3.961199999999998e-06,0.46016296911494015,0.47758163986905877
3.961999999999996,3.961999999999996e-06,0.48578409199639166,0.47278615064003837
3.9628000000000014,3.962800000000001e-06,0.48557339423019785,0.46795744248662985
3.9635999999999996,3.9636e-06,0.40224346558826535,0.4630959804114859
3.9643999999999977,3.964399999999997e-06,0.4510623111655649,0.4582019879918696
3.965199999999996,3.9651999999999955e-06,0.4517127497985151,0.45327543755314204
3.966000000000001,3.966000000000001e-06,0.4564818146922398,0.44831604404812325
3.966799999999992,3.966799999999992e-06,0.45352542968830406,0.4433232626860913
3.9675999999999974,3.967599999999997e-06,0.432964073972735,0.43829629027331407
3.9683999999999955,3.968399999999995e-06,0.44009960874625537,0.4332340702118266
3.9692000000000007,3.969200000000001e-06,0.43613815463713423,0.42813530115065157
3.969999999999999,3.969999999999998e-06,0.36915998052690213,0.42299844935447334
3.970799999999997,3.970799999999997e-06,0.4186228346742749,0.4178217649132175
3.9716000000000022,3.971600000000002e-06,0.38687483932739075,0.4126033019315379
3.9724000000000004,3.9724e-06,0.36598173882820817,0.40734094278432104
3.9731999999999985,3.973199999999999e-06,0.37025129568939397,0.4020324264016331
3.9739999999999966,3.973999999999996e-06,0.3581846064932733,0.3966753803718058
3.974800000000002,3.974800000000001e-06,0.46520741631786344,0.3912673564369178
3.9756,3.9756e-06,0.40224346558826535,0.3858058687275547
3.976399999999998,3.976399999999998e-06,0.38956189506213534,0.3802884339225528
3.9771999999999963,3.977199999999996e-06,0.3511625530115106,0.3747126125129724
3.9780000000000015,3.9780000000000016e-06,0.3251720475263572,0.3690760504917272
3.9787999999999997,3.978799999999999e-06,0.3634378594566776,0.3633765209598071
3.979599999999998,3.9795999999999974e-06,0.3379495103527032,0.3576119652080538
3.980399999999996,3.980399999999996e-06,0.3709732282481838,0.35178053277155813
3.981200000000001,3.981200000000001e-06,0.3219153140075539,0.34588061983049473
3.9819999999999993,3.981999999999999e-06,0.40214265591092696,0.3399109052323328
3.9827999999999975,3.982799999999998e-06,0.33663558215262585,0.3338703833817716
3.9835999999999956,3.983599999999995e-06,0.30037234270684393,0.32775839329791806
3.984400000000001,3.9844e-06,0.35484711212567843,0.32157464326454177
3.985199999999999,3.985199999999999e-06,0.30104926023125766,0.3153192306584537
3.985999999999997,3.985999999999997e-06,0.30227694237405883,0.30899265667737497
3.9867999999999952,3.9867999999999954e-06,0.31984295109135363,0.30259583578049476
3.9876000000000005,3.987600000000001e-06,0.3218581951902113,0.2961300997200425
3.9883999999999986,3.988399999999998e-06,0.29205849037069803,0.2895971961065213
3.9891999999999967,3.9891999999999965e-06,0.3027980119209994,0.2829992815402441
3.990000000000002,3.990000000000002e-06,0.26702444575348183,0.2763389094756894
3.9908,3.9908e-06,0.27750504062028925,0.269619013149089
3.9915999999999983,3.991599999999998e-06,0.24489874573433612,0.2628428840557155
3.9923999999999964,3.992399999999996e-06,0.2352847724752174,0.25601414658084287
3.9932000000000016,3.993200000000002e-06,0.22407713916103017,0.249136729451952
3.9939999999999998,3.993999999999999e-06,0.27360202950280066,0.24221483468155205
3.994799999999998,3.994799999999998e-06,0.19545253572418275,0.23525290461676965
3.995599999999996,3.995599999999996e-06,0.19897632948365496,0.22825558763566592
3.9964000000000013,3.996400000000001e-06,0.20195768069332964,0.22122770296083105
3.9971999999999994,3.9972e-06,0.20377527796034084,0.21417420498499196
3.9979999999999976,3.997999999999997e-06,0.20745775655733123,0.20710014738795599
3.9987999999999957,3.9987999999999955e-06,0.22380799840327692,0.20001064717882208
3.999600000000001,3.999600000000001e-06,0.19834196715649455,0.19291084867890038
4.000399999999999,4.000399999999999e-06,0.1523507053285107,0.18580588741944007
4.001199999999997,4.001199999999997e-06,0.19940547925320945,0.17870085396594879
4.001999999999995,4.001999999999995e-06,0.16667870518125893,0.17160075775168038
4.002800000000001,4.0028e-06,0.18985827105424297,0.16451049105753818
4.003599999999999,4.003599999999998e-06,0.1694764053476565,0.1574347933130716
4.004399999999997,4.004399999999997e-06,0.17471925572535363,0.15037821595394152
4.005199999999995,4.005199999999995e-06,0.12370435186589379,0.14334508818497047
4.006,4.006e-06,0.1333983296309066,0.13633948415440697
4.006799999999998,4.006799999999998e-06,0.12611602529140997,0.1293651922024096
4.0075999999999965,4.007599999999996e-06,0.10951404316774482,0.1224256869584555
4.008400000000002,4.008400000000001e-06,0.101924392418971,0.11552410510928808
4.0092,4.0092e-06,0.04552062495858489,0.10866322565355088
4.010000000000005,4.010000000000005e-06,0.060734915927680766,0.10184545540902137
4.010799999999996,4.0107999999999955e-06,0.08186670577026578,0.09507282041994738
4.011600000000001,4.0116000000000015e-06,0.07992446828300248,0.0883469637008622
4.0123999999999995,4.012399999999999e-06,0.04486886215141472,0.0816691494760772
4.013199999999998,4.013199999999997e-06,0.015458777275655033,0.07504027380128722
4.013999999999996,4.013999999999996e-06,0.10418229838413118,0.06846088122546451
4.014800000000001,4.014800000000001e-06,0.07005875474613443,0.06193118694698026
4.015599999999999,4.015599999999999e-06,0.046404079214957816,0.055451103727207074
4.016399999999997,4.016399999999997e-06,0.04558322898444234,0.049020272696467686
4.017199999999995,4.017199999999995e-06,0.03687635201314554,0.04263809716116042
4.018000000000001,4.018e-06,0.027795931403851837,0.036303778560732074
4.018799999999999,4.018799999999999e-06,0.04507407470899372,0.030016353762296326
4.019599999999997,4.019599999999997e-06,0.03628019533746307,0.023774732896962445
4.020399999999995,4.0203999999999946e-06,0.02037177487542119,0.017577736959717677
4.0212,4.0212000000000006e-06,-0.03470463642764077,0.011424134443137758
4.0219999999999985,4.021999999999998e-06,0.026667734764099227,0.0053126763515353725
4.022799999999997,4.0227999999999964e-06,0.02507615522614104,-0.0007578709929531875
4.023599999999995,4.023599999999995e-06,0.02121834765453312,-0.006788695913233358
4.0244,4.0244e-06,0.0056411041446122745,-0.012780914639621721
4.025199999999998,4.025199999999998e-06,-0.02467134815328198,-0.01873554829852432
4.025999999999996,4.025999999999996e-06,-0.035305710480445396,-0.024653503863139296
4.0268000000000015,4.026800000000001e-06,0.019174732658368887,-0.03053555908422996
4.0276,4.027599999999999e-06,-0.10024783532027554,-0.03638235124136617
4.028400000000005,4.0284000000000045e-06,-0.06906894992615736,-0.04219436943509925
4.029199999999996,4.029199999999996e-06,-0.04353123624203736,-0.04797195007424988
4.030000000000001,4.030000000000001e-06,-0.026050717239291643,-0.05371527521628415
4.030799999999999,4.030799999999999e-06,-0.11165860067493111,-0.05942437349286507
4.0316000000000045,4.031600000000005e-06,-0.04395490080300707,-0.0650991234384495
4.0323999999999955,4.0323999999999955e-06,-0.0472248737676223,-0.07073925907968404
4.033200000000001,4.033200000000001e-06,-0.10755529437701594,-0.0763443776412035
4.033999999999999,4.033999999999999e-06,-0.07024518697173537,-0.08191394920059898
4.034799999999997,4.0347999999999965e-06,-0.09094839487619849,-0.08744732808254771
4.035599999999995,4.035599999999995e-06,-0.09627049341690241,-0.092943765729192
4.0364,4.0364e-06,-0.10436589374965743,-0.09840242474184084
4.037199999999999,4.037199999999998e-06,-0.12091643077605979,-0.10382239376108654
4.037999999999997,4.037999999999997e-06,-0.11074961238139663,-0.10920270283365158
4.038799999999995,4.038799999999994e-06,-0.1194806992156352,-0.11454233891124416
4.0396,4.0396e-06,-0.10255661855123599,-0.11984026114295163
4.040399999999998,4.040399999999998e-06,-0.1355553702409475,-0.12509541564197382
4.041199999999996,4.041199999999996e-06,-0.18616817105380934,-0.1303067494064187
4.0419999999999945,4.0419999999999945e-06,-0.16369464994533311,-0.13547322305660064
4.0428,4.0428e-06,-0.12721447118188528,-0.1405938220664803
4.043599999999998,4.043599999999998e-06,-0.16159391613192636,-0.14566756626343752
4.044399999999996,4.0443999999999955e-06,-0.20282235461762477,-0.15069351753078483
4.045199999999994,4.045199999999994e-06,-0.14741684687948925,-0.1556707858049814
4.045999999999999,4.045999999999999e-06,-0.16658067668621435,-0.1605985335865118
4.046800000000005,4.046800000000004e-06,-0.1287398534910837,-0.1654759793005524
4.047599999999996,4.047599999999996e-06,-0.19754545962267156,-0.17030239994423596
4.048400000000001,4.048400000000001e-06,-0.1550955805456442,-0.17507713349423454
4.049199999999999,4.0491999999999984e-06,-0.1115105069345948,-0.1797995815013501
4.050000000000004,4.050000000000004e-06,-0.19120580887389754,-0.18446921219018778
4.050799999999995,4.050799999999995e-06,-0.20036131661193313,-0.18908556422177591
4.0516000000000005,4.0516e-06,-0.20100683786776097,-0.1936482510621598
4.052399999999999,4.052399999999999e-06,-0.21716775495037977,-0.19815696567554392
4.053200000000004,4.053200000000004e-06,-0.20535507506049094,-0.20261148510874122
4.053999999999995,4.0539999999999946e-06,-0.24117649312239903,-0.2070116744904455
4.0548,4.0548e-06,-0.2345508689672548,-0.21135749000481496
4.055599999999998,4.055599999999998e-06,-0.22038212178340733,-0.21564898047818618
4.0563999999999965,4.0563999999999964e-06,-0.23390818457150164,-0.21988628732868176
4.057199999999995,4.057199999999995e-06,-0.2298493254765097,-0.22406964275934216
4.058,4.058e-06,-0.2530790122724965,-0.22819936619891107
4.058799999999998,4.0587999999999975e-06,-0.24424617090655754,-0.232275859090731
4.059599999999996,4.059599999999996e-06,-0.2333419114788105,-0.23629959820742266
4.060399999999994,4.060399999999994e-06,-0.22683657799815876,-0.24027112774406917
4.0611999999999995,4.061199999999999e-06,-0.2629468063264121,-0.24419105050923343
4.061999999999998,4.061999999999998e-06,-0.1947220369076475,-0.24806001856334672
4.062799999999996,4.062799999999995e-06,-0.2761312895765483,-0.25187872362805913
4.063599999999994,4.063599999999994e-06,-0.2573124439992487,-0.25564788751071366
4.064399999999999,4.064399999999999e-06,-0.28086630985308686,-0.25936825267581465
4.065200000000004,4.065200000000004e-06,-0.24956486475589412,-0.26304057298920597
4.065999999999995,4.0659999999999955e-06,-0.29857492710213324,-0.2666656046018506
4.066800000000001,4.066800000000001e-06,-0.2897888019677997,-0.2702440969370505
4.067599999999999,4.067599999999999e-06,-0.26409732082339377,-0.27377678377726744
4.068400000000004,4.068400000000004e-06,-0.2772316831505572,-0.2772643744997817
4.069199999999995,4.069199999999995e-06,-0.28949734335281435,-0.280707545572697
4.07,4.07e-06,-0.3036118085793941,-0.284106932467804
4.070799999999998,4.070799999999998e-06,-0.24910015768336863,-0.28746312215708497
4.071600000000004,4.0716000000000035e-06,-0.3191968063264121,-0.29077664634770733
4.072399999999995,4.072399999999994e-06,-0.31027015317750445,-0.2940479755901917
4.0732,4.073199999999999e-06,-0.2735193209706455,-0.2972775143650101
4.073999999999998,4.073999999999998e-06,-0.31257742372271013,-0.3004655972217237
4.074800000000003,4.074800000000003e-06,-0.2972846409335048,-0.30361248602411056
4.075599999999994,4.0755999999999945e-06,-0.311723285217936,-0.30671836833356725
4.0764,4.0764e-06,-0.30105128507068424,-0.30978335692308817
4.077199999999998,4.077199999999997e-06,-0.3614957548031281,-0.3128074903604141
4.078000000000003,4.078000000000003e-06,-0.3393623005468552,-0.31579073455475665
4.078799999999994,4.078799999999994e-06,-0.2983871150245611,-0.318732985156197
4.079599999999999,4.079599999999999e-06,-0.3013733836113881,-0.3216340707508025
4.080399999999997,4.080399999999997e-06,-0.3246851554303865,-0.3244937568802517
4.0811999999999955,4.081199999999995e-06,-0.32183317330679134,-0.3273117509567337
4.081999999999994,4.081999999999993e-06,-0.30776315528313486,-0.3300877080927498
4.082799999999999,4.082799999999998e-06,-0.36388094933715043,-0.3328212377458682
4.083599999999997,4.083599999999997e-06,-0.35677264979808143,-0.335511910947234
4.084399999999995,4.084399999999995e-06,-0.3503146003804277,-0.33815926778323124
4.0852,4.0852e-06,-0.33572502549568545,-0.34076282476325076
4.0859999999999985,4.085999999999999e-06,-0.3805330523838185,-0.34332208174220047
4.086800000000004,4.086800000000004e-06,-0.3196963143590511,-0.3458365281435523
4.087599999999995,4.0875999999999945e-06,-0.36207659151585114,-0.3483056483030458
4.0884,4.0884e-06,-0.38202930745295316,-0.35072892580301546
4.089199999999998,4.089199999999998e-06,-0.3915375536575113,-0.35310584669569134
4.090000000000003,4.090000000000003e-06,-0.36122585770254445,-0.3554359015466688
4.090799999999994,4.090799999999994e-06,-0.3436034865108044,-0.3577185863073546
4.0916,4.091599999999999e-06,-0.2987725739340499,-0.3599534021514908
4.092399999999998,4.0923999999999974e-06,-0.4014978353202755,-0.36213985451701913
4.093200000000003,4.093200000000003e-06,-0.4030517770381453,-0.364277451595677
4.093999999999994,4.093999999999994e-06,-0.38529095834897875,-0.36636570241190014
4.094799999999999,4.094799999999999e-06,-0.362734028043071,-0.3684041145384821
4.0955999999999975,4.095599999999998e-06,-0.3923137681735688,-0.370392191509465
4.096400000000003,4.096400000000003e-06,-0.34471428267045046,-0.3723294300964103
4.097199999999994,4.0971999999999936e-06,-0.34051073452658953,-0.37421531771927424
4.097999999999999,4.097999999999999e-06,-0.364672672327502,-0.3760493302936902
4.098799999999997,4.098799999999997e-06,-0.4017176114978862,-0.3778309307469331
4.099600000000002,4.099600000000002e-06,-0.3512336119396414,-0.3795595682796468
4.100399999999993,4.100399999999993e-06,-0.40755586220840856,-0.3812346782659651
4.101199999999999,4.101199999999998e-06,-0.42961347299311214,-0.38285568253813845
4.101999999999997,4.1019999999999965e-06,-0.414724117424795,-0.3844219897285736
4.102799999999995,4.102799999999995e-06,-0.40220596060186087,-0.38593299535752207
4.1036,4.1036e-06,-0.3850844216170798,-0.3873880814691319
4.104399999999998,4.104399999999998e-06,-0.4145828330672934,-0.3887866158050196
4.1052000000000035,4.1052000000000035e-06,-0.3681395357812065,-0.39012795069133993
4.1059999999999945,4.105999999999994e-06,-0.4012967837969915,-0.39141142194326856
4.1068,4.106799999999999e-06,-0.3821968821904437,-0.39263634814809983
4.107599999999998,4.107599999999998e-06,-0.41167732532925794,-0.39380203068849795
4.108400000000003,4.108400000000003e-06,-0.3924779382196918,-0.3949077548296482
4.109199999999994,4.109199999999994e-06,-0.3743046138981201,-0.39595279214277324
4.109999999999999,4.11e-06,-0.42525067218025026,-0.3969364044913666
4.110799999999998,4.110799999999997e-06,-0.4041001576833686,-0.39785784976333366
4.111600000000003,4.111600000000002e-06,-0.3581826588098097,-0.398716389485146
4.112399999999994,4.112399999999994e-06,-0.3848270076192807,-0.39951129840728167
4.113199999999999,4.113199999999999e-06,-0.4350057412854358,-0.40024187609452494
4.113999999999997,4.113999999999997e-06,-0.3967461709065576,-0.4009074604626347
4.1148000000000025,4.1148000000000025e-06,-0.40397003225453165,-0.40150744308211056
4.1155999999999935,4.115599999999993e-06,-0.37789252436914444,-0.40204128597399963
4.116399999999999,4.116399999999998e-06,-0.3821565960218153,-0.4025085395751066
4.117199999999997,4.117199999999997e-06,-0.41098243949338464,-0.4029088615047185
4.118000000000002,4.118000000000002e-06,-0.3956665825041228,-0.40324203566908107
4.118799999999993,4.118799999999993e-06,-0.3976789897429758,-0.4035079910960232
4.119599999999998,4.119599999999998e-06,-0.46064918202401617,-0.40370681974604694
4.1203999999999965,4.120399999999996e-06,-0.41521587122023684,-0.4038387924423269
4.121200000000002,4.121200000000001e-06,-0.4435115667334486,-0.4039043720313329
4.122,4.122e-06,-0.46567774143268736,-0.40390422295159745
4.122799999999998,4.122799999999998e-06,-0.4334553927704681,-0.4038392165555884
4.123600000000003,4.123600000000003e-06,-0.40112712854225363,-0.4037104317804514
4.124399999999994,4.124399999999994e-06,-0.40321386656702096,-0.403519151062379
4.1251999999999995,4.125199999999999e-06,-0.43691450198697557,-0.4032668516774244
4.125999999999998,4.1259999999999974e-06,-0.40295796525507654,-0.40295519290288073
4.126800000000003,4.1268000000000026e-06,-0.3817544929751473,-0.40258599951094415
4.127599999999994,4.127599999999994e-06,-0.4230733385524469,-0.4021612421665706
4.128399999999999,4.128399999999999e-06,-0.43012678830285556,-0.4016830153324116
4.129199999999997,4.129199999999997e-06,-0.3863559831313814,-0.4011535132891374
4.130000000000003,4.130000000000002e-06,-0.3771308734731188,-0.4005750048763256
4.130799999999994,4.1307999999999936e-06,-0.3767900502780881,-0.39994980756409987
4.131599999999999,4.131599999999999e-06,-0.40842815753611694,-0.399280261448116
4.132399999999997,4.132399999999997e-06,-0.4362167792910273,-0.39856870367325414
4.133200000000002,4.133200000000002e-06,-0.3913365021342273,-0.3978174436507555
4.133999999999993,4.133999999999993e-06,-0.4042357683208204,-0.39702873931887683
4.1347999999999985,4.134799999999998e-06,-0.3970467079329598,-0.3962047746640066
4.135599999999997,4.1355999999999965e-06,-0.36571537925277575,-0.39534763874376816
4.136400000000002,4.136400000000002e-06,-0.3963121037598507,-0.3944593064696905
4.137199999999993,4.137199999999992e-06,-0.3930392939352608,-0.3935416213692108
4.137999999999998,4.137999999999998e-06,-0.4120682694472615,-0.3925962804527694
4.138799999999996,4.138799999999996e-06,-0.40867365626242413,-0.39162482119579695
4.1396000000000015,4.139600000000001e-06,-0.3874662114596348,-0.3906286105586064
4.1404,4.140399999999999e-06,-0.398007329835122,-0.3896088359413172
4.141199999999998,4.141199999999998e-06,-0.4054530478778544,-0.3885664979941829
4.142000000000003,4.142000000000003e-06,-0.40853104773060267,-0.3875024052409015
4.142800000000001,4.142800000000001e-06,-0.3749431372595784,-0.3864171705061584
4.143599999999999,4.143599999999999e-06,-0.3869513834641364,-0.385311209176504
4.144399999999997,4.144399999999997e-06,-0.4058884391988812,-0.38418473936610265
4.145200000000003,4.145200000000002e-06,-0.35684357589252846,-0.383037784085488
4.146000000000001,4.146000000000001e-06,-0.3855198129380065,-0.38187017550800995
4.146799999999999,4.146799999999999e-06,-0.3887494997339934,-0.38068156139929155
4.147599999999997,4.1475999999999965e-06,-0.363423996501822,-0.3794714137241597
4.148400000000002,4.1484000000000025e-06,-0.4116557638149564,-0.37823903937693293
4.149199999999993,4.149199999999993e-06,-0.34615833629946485,-0.376983592910267
4.149999999999999,4.149999999999998e-06,-0.41262886882000305,-0.37570409108231856
4.150799999999997,4.150799999999997e-06,-0.37626481969685277,-0.3743994290059407
4.151600000000002,4.151600000000002e-06,-0.38746261825673256,-0.37306839766504657
4.152399999999993,4.152399999999993e-06,-0.39315826043553326,-0.37170970256688185
4.153199999999998,4.153199999999998e-06,-0.3607730659015109,-0.3703219833312512
4.153999999999996,4.153999999999996e-06,-0.33844971905041843,-0.3689038340706937
4.154800000000002,4.154800000000001e-06,-0.34862712854225353,-0.3674538244579415
4.155599999999993,4.155599999999992e-06,-0.3651031462714066,-0.36597052136186814
4.156399999999998,4.156399999999998e-06,-0.38192149988124513,-0.3644525108302359
4.157199999999996,4.1571999999999955e-06,-0.36953479266146805,-0.3628984200324474
4.158000000000001,4.158000000000001e-06,-0.3857369407670773,-0.3613069386218081
4.158799999999999,4.158799999999999e-06,-0.34601648411057073,-0.3596768388957865
4.1595999999999975,4.159599999999997e-06,-0.3724049316080974,-0.35800699412908504
4.160400000000003,4.1604000000000026e-06,-0.40264834981715714,-0.35629639449010525
4.161200000000001,4.161200000000001e-06,-0.4059879247019994,-0.35454415999593947
4.161999999999999,4.1619999999999984e-06,-0.36978804562497236,-0.35274955003109415
4.162799999999997,4.162799999999997e-06,-0.38280419779469055,-0.35091196909870415
4.163600000000002,4.163600000000002e-06,-0.3767142068065189,-0.3490309687041928
4.1644000000000005,4.1644e-06,-0.34184281954960105,-0.3471062455429571
4.165199999999999,4.165199999999999e-06,-0.36520471229157236,-0.34513763641365447
4.165999999999997,4.165999999999997e-06,-0.3351379472314201,-0.34312511047360456
4.166800000000002,4.166800000000002e-06,-0.32307409489527433,-0.34106875958196764
4.1676,4.1676e-06,-0.3141446048862918,-0.3389687875348242
4.168399999999998,4.168399999999998e-06,-0.3095243900757309,-0.3368254989778289
4.1691999999999965,4.1691999999999964e-06,-0.3514484707401301,-0.3346392886791745
4.170000000000002,4.170000000000002e-06,-0.32554213079523564,-0.3324106316681467
4.170799999999993,4.170799999999992e-06,-0.3093477369268232,-0.33014007453783845
4.171599999999998,4.1715999999999975e-06,-0.33775199635457037,-0.3278282280297574
4.172399999999996,4.172399999999996e-06,-0.3352395132516858,-0.3254757608817385
4.173200000000001,4.173200000000001e-06,-0.34122169666824953,-0.323083394813226
4.173999999999992,4.1739999999999926e-06,-0.31687629633539455,-0.32065190044000486
4.174799999999998,4.174799999999998e-06,-0.2915263947289467,-0.31818209386968255
4.175599999999996,4.175599999999995e-06,-0.3528528060319087,-0.3156748337230424
4.176400000000001,4.176400000000001e-06,-0.3608175131044342,-0.31313101831869533
4.177199999999999,4.177199999999999e-06,-0.3093407390324536,-0.3105515827397049
4.177999999999997,4.177999999999997e-06,-0.3206346184039842,-0.3079374955173843
4.1788000000000025,4.178800000000002e-06,-0.30329595159013256,-0.3052897547582031
4.179600000000001,4.179600000000001e-06,-0.3085985691336823,-0.30260938367011475
4.180399999999999,4.180399999999999e-06,-0.3071607570561101,-0.299897425543969
4.181199999999997,4.1811999999999965e-06,-0.2939269092258285,-0.2971549382850477
4.182000000000002,4.182000000000002e-06,-0.3437731417654425,-0.2943829885904356
4.1828,4.1828e-06,-0.2927985240746411,-0.29158264586452515
4.183599999999998,4.183599999999998e-06,-0.2753563992348109,-0.2887549759869042
4.184399999999997,4.184399999999997e-06,-0.2299223320881041,-0.28590103510257503
4.185200000000002,4.185200000000002e-06,-0.301723285217936,-0.28302186365269666
4.186,4.185999999999999e-06,-0.3042454145637301,-0.28011848083223456
4.186799999999998,4.186799999999998e-06,-0.2753111956889602,-0.27719187953025426
4.187599999999996,4.187599999999996e-06,-0.28709682885593274,-0.274243021655268
4.1884000000000015,4.188400000000001e-06,-0.2860533655878317,-0.27127283366276544
4.1892,4.1892e-06,-0.301176493122399,-0.26828220209994874
4.189999999999998,4.189999999999997e-06,-0.27736521327086167,-0.26527196902695566
4.190799999999996,4.1907999999999955e-06,-0.2254662873236663,-0.262242927243998
4.191600000000001,4.191600000000001e-06,-0.2522942871764145,-0.25919581533992525
4.192399999999992,4.192399999999992e-06,-0.2803904438519971,-0.2561313126381204
4.193199999999997,4.193199999999997e-06,-0.2656172179239775,-0.2530500341017934
4.1939999999999955,4.193999999999995e-06,-0.30475116414771136,-0.24995252518797717
4.194800000000001,4.194800000000001e-06,-0.2649994997339934,-0.2468392565908778
4.195599999999999,4.195599999999998e-06,-0.22481868555069096,-0.24371061886256168
4.196399999999997,4.196399999999997e-06,-0.24043980843214252,-0.2405669170375883
4.197200000000002,4.197200000000002e-06,-0.21442358039839254,-0.23740836554191214
4.198,4.198e-06,-0.236761490869417,-0.2342350837458258
4.1987999999999985,4.198799999999999e-06,-0.22627106124829494,-0.2310470924893953
4.199599999999997,4.199599999999996e-06,-0.2263718709257334,-0.22784431179840145
4.200400000000002,4.200400000000001e-06,-0.24994521777672574,-0.22462655987694768
4.2012,4.2012e-06,-0.2412947032798441,-0.22139355335329042
4.201999999999998,4.201999999999998e-06,-0.23930669441526747,-0.2181449086944107
4.202799999999996,4.202799999999996e-06,-0.19219272115614894,-0.21488014470771707
4.203600000000002,4.2036000000000016e-06,-0.24978388459067752,-0.21159868610715432
4.2044,4.204399999999999e-06,-0.24235197382504975,-0.20829986819903035
4.205199999999998,4.2051999999999974e-06,-0.18106660503354355,-0.20498294280991905
4.205999999999996,4.205999999999996e-06,-0.19687137895827234,-0.20164708564271844
4.206800000000001,4.206800000000001e-06,-0.2103912001949244,-0.19829140531575618
4.207599999999999,4.207599999999999e-06,-0.17034315978909903,-0.19491495438132436
4.2083999999999975,4.208399999999998e-06,-0.18775199635457035,-0.1915167425982983
4.209199999999996,4.209199999999995e-06,-0.17717740119328956,-0.18809575265467118
4.210000000000001,4.21e-06,-0.1414352312944182,-0.18465095842264576
4.210799999999999,4.210799999999999e-06,-0.17629886431413883,-0.181181345684997
4.211599999999997,4.211599999999997e-06,-0.22089676126747082,-0.17768593509042155
4.212399999999995,4.2123999999999954e-06,-0.1417934549695556,-0.17416380689073033
4.2132000000000005,4.213200000000001e-06,-0.23618897622528345,-0.17061412683209798
4.213999999999999,4.213999999999998e-06,-0.17916749057491343,-0.16703617247232244
4.214799999999997,4.2147999999999965e-06,-0.18419188894928995,-0.16342935919715676
4.215600000000002,4.215600000000002e-06,-0.1548145245163961,-0.15979326529530408
4.2164,4.2164e-06,-0.1497337636677047,-0.15612765558735445
4.217199999999998,4.217199999999998e-06,-0.12920720891214926,-0.15243250323186333
4.217999999999996,4.217999999999996e-06,-0.16437137895827236,-0.14870800939259027
4.218800000000002,4.218800000000002e-06,-0.177605226788554,-0.14495462042377236
4.2196,4.219599999999999e-06,-0.1399410567424309,-0.1411730421511574
4.220399999999998,4.220399999999998e-06,-0.17525748156318532,-0.13736425076504413
4.221199999999996,4.221199999999996e-06,-0.15523251535741622,-0.13352949985018486
4.222000000000001,4.222000000000001e-06,-0.15189502098972124,-0.129670323159328
4.222799999999999,4.2228e-06,-0.16987845271657354,-0.12578853286844383
4.223599999999998,4.223599999999997e-06,-0.14349492259626917,-0.12188621321611592
4.224399999999996,4.2243999999999955e-06,-0.09860273016797722,-0.11796570962072912
4.225200000000001,4.225200000000001e-06,-0.08391575029726395,-0.11402961356874923
4.225999999999999,4.225999999999999e-06,-0.12648251535741623,-0.11008074372665774
4.226799999999997,4.226799999999997e-06,-0.12413836333484951,-0.1061221237877901
4.227599999999995,4.227599999999995e-06,-0.11675449297514728,-0.10215695751694179
4.228400000000001,4.2284e-06,-0.08767898974297578,-0.0981886013726245
4.229199999999999,4.229199999999998e-06,-0.11067982194983483,-0.09422053504781613
4.229999999999997,4.229999999999997e-06,-0.052974609392255956,-0.09025633028121352
4.230799999999995,4.230799999999995e-06,-0.12869105674243086,-0.0862996183028164
4.2316,4.2316e-06,-0.09650899424883996,-0.0823540562540565
4.232399999999998,4.232399999999998e-06,-0.08784940134054131,-0.07842329287743327
4.2331999999999965,4.233199999999996e-06,-0.08431293596670975,-0.07451093374983411
4.234000000000002,4.234000000000001e-06,-0.07146927591160435,-0.070620506365644
4.2348,4.2348e-06,-0.054827007619280665,-0.0667554254389133
4.235600000000005,4.235600000000005e-06,-0.09738053323372098,-0.06291895884269921
4.236399999999996,4.2363999999999956e-06,-0.062060515210164424,-0.05911419461565213
4.237200000000001,4.2372000000000015e-06,-0.06717191598467459,-0.05534400945690907
4.2379999999999995,4.237999999999999e-06,-0.03776807266035709,-0.051611039132699314
4.238799999999998,4.2387999999999974e-06,-0.07251065866255796,-0.04791765124261768
4.239599999999996,4.239599999999996e-06,-0.019991177665403703,-0.04426592081768632
4.240400000000001,4.240400000000001e-06,-0.024472944978538025,-0.040657609219604096
4.241199999999999,4.241199999999999e-06,-0.02861105223656668,-0.037094146770848976
4.241999999999997,4.241999999999997e-06,-0.027395853196580333,-0.03357661946165251
4.2427999999999955,4.242799999999995e-06,-0.0670090701128716,-0.030105759949832212
4.243600000000001,4.2436e-06,-0.027615629374291184,-0.026681942920833826
4.244399999999999,4.244399999999999e-06,-0.0222449225962692,-0.02330518476262704
4.245199999999997,4.245199999999997e-06,0.010106227320566985,-0.019975147466561052
4.245999999999995,4.245999999999995e-06,-0.003734179771134216,-0.01669114666309584
4.2468,4.2468000000000006e-06,-0.016782296040891098,-0.013452163671093795
4.2475999999999985,4.247599999999998e-06,-0.04511146833999624,-0.010256861337069226
4.248399999999997,4.2483999999999965e-06,-0.03233741020501779,-0.007103603295287114
4.249199999999995,4.249199999999995e-06,-0.00802605448944893,-0.003990476171065634
4.25,4.25e-06,-0.024045119383273583,-0.0009153142391188432
4.250799999999998,4.250799999999998e-06,0.0012873817432673684,0.0021242738719599932
4.251599999999996,4.251599999999996e-06,0.0027509163694360295,0.005130876727121314
4.2524000000000015,4.252400000000001e-06,0.03471112216816874,0.008107250092528648
4.2532,4.253199999999999e-06,0.0004374042726880134,0.011056285569339096
4.254000000000005,4.2540000000000045e-06,-0.01549749508087761,0.013980978035130959
4.254799999999996,4.254799999999996e-06,0.015591171733074116,0.016884392137131693
4.255600000000001,4.255600000000001e-06,0.04003038384889779,0.01976962814648777
4.256399999999999,4.256399999999999e-06,0.019485104439115664,0.022639787510430352
4.2572000000000045,4.257200000000005e-06,-0.015062103759850731,0.025497938442868136
4.257999999999996,4.2579999999999955e-06,0.04879778432900461,0.028347081913203356
4.258800000000001,4.258800000000001e-06,0.025622379490285452,0.031190118427079236
4.259599999999999,4.259599999999999e-06,0.02790260331267469,0.03402981601026754
4.260399999999997,4.2603999999999965e-06,0.03614893424574084,0.03686877980781187
4.261199999999995,4.261199999999995e-06,-0.010469692015033782,0.039709423720314815
4.2620000000000005,4.262e-06,0.031065525048409204,0.04255394451422214
4.262799999999999,4.262799999999998e-06,0.034927493654412056,0.04540429882421143
4.263599999999997,4.263599999999997e-06,0.031034128779763193,0.04826218338558054
4.264399999999995,4.264399999999994e-06,0.05981268818843455,0.05112901871034638
4.2652,4.2652e-06,0.04516258979498222,0.054005936300862985
4.265999999999998,4.265999999999998e-06,0.08203654953637851,0.056893769417841356
4.266799999999996,4.266799999999996e-06,0.03764102828058058,0.05979304739808547
4.2675999999999945,4.2675999999999945e-06,0.03437446000743294,0.06270399354529727
4.2684,4.2684e-06,0.018361068833657734,0.06562652666777775
4.269199999999998,4.269199999999998e-06,0.05770646916648281,0.06856026635448918
4.269999999999996,4.2699999999999955e-06,0.04930561443013326,0.0715045420117
4.270799999999994,4.270799999999994e-06,0.06695862554762189,0.07445840552383712
4.271599999999999,4.271599999999999e-06,0.07972719847395549,0.07742064720991734
4.272400000000005,4.272400000000004e-06,0.09948094340482072,0.08038981458685557
4.273199999999996,4.273199999999996e-06,0.051469708612224774,0.08336423335938488
4.274000000000001,4.274000000000001e-06,0.09139102828061063,0.08634203003730914
4.274799999999999,4.2747999999999984e-06,0.09529687625811412,0.08932115561048698
4.275600000000004,4.2756000000000044e-06,0.14075382909344247,0.09229940975385072
4.276399999999995,4.276399999999995e-06,0.0746004777365159,0.09527446508154996
4.277200000000001,4.2772e-06,0.10244281361730145,0.0982438910546227
4.277999999999999,4.277999999999999e-06,0.10241217369152278,0.1012051772886228
4.278800000000004,4.278800000000004e-06,0.05912480024686062,0.1041557561659234
4.279599999999995,4.2795999999999946e-06,0.11752622281463299,0.10709302477056018
4.2804,4.2804e-06,0.09311821845599066,0.1100143662031069
4.281199999999998,4.281199999999998e-06,0.08121721199164789,0.112917170309034
4.2819999999999965,4.2819999999999964e-06,0.07302156981291708,0.11579885379182481
4.282799999999995,4.282799999999995e-06,0.15663444648974045,0.11865687959676041
4.2836,4.2836e-06,0.1188346658061954,0.12148877534201014
4.284399999999998,4.2843999999999975e-06,0.12581435260215235,0.12429215046205569
4.285199999999996,4.285199999999996e-06,0.12945446451332698,0.127064711671924
4.285999999999994,4.285999999999994e-06,0.13485165018281287,0.1298042763917669
4.2867999999999995,4.286799999999999e-06,0.12195938189048916,0.13250878385895012
4.287599999999998,4.287599999999998e-06,0.16074058964769744,0.13517630375058431
4.288399999999996,4.288399999999995e-06,0.13101332360831908,0.13780504222629653
4.289199999999994,4.289199999999994e-06,0.14010414680338967,0.1403933453877202
4.289999999999999,4.289999999999999e-06,0.16875466130030137,0.14293970024804953
4.290800000000004,4.290800000000004e-06,0.14598344002539776,0.14544273341293443
4.291599999999995,4.2915999999999955e-06,0.14657392298103045,0.14790120779063126
4.292400000000001,4.292400000000001e-06,0.11024467481799372,0.15031401777453685
4.293199999999999,4.293199999999999e-06,0.12311197690454823,0.15268018345821913
4.294000000000004,4.294000000000004e-06,0.15088887189946865,0.15499884450555862
4.294799999999995,4.294799999999995e-06,0.1459896815768399,0.15726925426695923
4.2956,4.2956e-06,0.13368581572300176,0.15949077462174024
4.296399999999998,4.296399999999998e-06,0.13653363681237218,0.16166287189465509
4.297200000000004,4.2972000000000035e-06,0.17317590510469272,0.16378511408010513
4.297999999999995,4.297999999999994e-06,0.13506594115186876,0.16585716950622081
4.2988,4.298799999999999e-06,0.17475500153972934,0.16787880697178817
4.299599999999998,4.299599999999998e-06,0.1585522856026974,0.16984989730260566
4.300400000000003,4.300400000000003e-06,0.15439186048747255,0.17177041621283623
4.301199999999994,4.3011999999999945e-06,0.13850500153972933,0.1736404483168279
4.302,4.302e-06,0.14125125660886695,0.17546019209748792
4.302799999999998,4.302799999999997e-06,0.18315793679322645,0.17722996556774964
4.303600000000003,4.303600000000003e-06,0.1716380396926127,0.1789502122417705
4.304399999999994,4.304399999999994e-06,0.18266467031209965,0.18062150688445713
4.305199999999999,4.305199999999999e-06,0.21372969509453232,0.18224456038960035
4.305999999999997,4.305999999999997e-06,0.17921520733850194,0.18382022309549623
4.3067999999999955,4.306799999999995e-06,0.23012854517772607,0.18534948589345074
4.307599999999994,4.307599999999993e-06,0.19418664792986084,0.18683347860818778
4.308399999999999,4.3083999999999984e-06,0.183343668353651,0.1882734653132857
4.309199999999997,4.309199999999997e-06,0.17602656305407094,0.18967083646433244
4.309999999999995,4.309999999999995e-06,0.1660299677455016,0.19102709794463174
4.3108,4.3108e-06,0.21164844227834967,0.19234385726987455
4.3115999999999985,4.311599999999999e-06,0.23562313583314287,0.19362280726400127
4.312400000000004,4.312400000000004e-06,0.20332551153074696,0.19486570753734525
4.313199999999995,4.3131999999999946e-06,0.19649335064370377,0.19607436415322754
4.314,4.314e-06,0.1393084512901409,0.19725060801082886
4.314799999999998,4.314799999999998e-06,0.19114552955434339,0.19839627265694795
4.315600000000003,4.315600000000003e-06,0.15123801716312202,0.199513172360801
4.3163999999999945,4.316399999999994e-06,0.17701290750488952,0.20060308127006893
4.3172,4.317199999999999e-06,0.18542832586127111,0.20166771432284608
4.317999999999998,4.3179999999999975e-06,0.18554313132724864,0.20270871038024182
4.318800000000003,4.318800000000003e-06,0.16563637527889474,0.20372761782635973
4.319599999999994,4.319599999999994e-06,0.22494073310015394,0.2047258826888399
4.320399999999999,4.320399999999999e-06,0.1916588448640869,0.20570483917326365
4.3211999999999975,4.321199999999998e-06,0.20945314033904694,0.20666570238142795
4.322000000000003,4.322000000000003e-06,0.1998134445312918,0.20760956290868884
4.322799999999994,4.322799999999994e-06,0.22308833487306934,0.2085373829962015
4.323599999999999,4.323599999999999e-06,0.18598835740254993,0.20944999393521446
4.324399999999997,4.324399999999997e-06,0.21389310879775802,0.21034809446033248
4.325200000000002,4.325200000000002e-06,0.23860240652567022,0.2112322499129976
4.325999999999993,4.325999999999993e-06,0.19460274676509803,0.21210289200097468
4.326799999999999,4.326799999999998e-06,0.20411780235256116,0.21296031903279108
4.327599999999997,4.3275999999999965e-06,0.2434639590282135,0.21380469657847823
4.328399999999995,4.328399999999995e-06,0.19795896578705974,0.2146360585908308
4.3292,4.3292e-06,0.21889462148348282,0.21545430909971128
4.329999999999998,4.329999999999998e-06,0.19549092988712846,0.21625922466765515
4.3308000000000035,4.3308000000000035e-06,0.17902399056949247,0.21705045786678193
4.331599999999995,4.331599999999994e-06,0.23625541764315883,0.21782754207779004
4.3324,4.332399999999999e-06,0.20351124309117163,0.21858989789538624
4.333199999999998,4.333199999999998e-06,0.2128511582153818,0.21933684136265036
4.334000000000003,4.334000000000003e-06,0.1716985632013226,0.22006759419169614
4.334799999999994,4.334799999999994e-06,0.19140502406922,0.22078129608052527
4.3355999999999995,4.3356e-06,0.1888027017061269,0.22147701917390678
4.336399999999998,4.336399999999997e-06,0.23279820043240407,0.2221537845914358
4.337200000000003,4.337200000000002e-06,0.15985108235138024,0.222810580756575
4.337999999999994,4.337999999999994e-06,0.23634374421765258,0.2234463830534994
4.338799999999999,4.338799999999999e-06,0.22898635274940404,0.22406017415691304
4.339599999999997,4.339599999999997e-06,0.25832834839079166,0.22465096423750414
4.3404000000000025,4.3404000000000025e-06,0.2147724020197761,0.22521781016070447
4.3411999999999935,4.341199999999993e-06,0.2363159411518687,0.22575983280375905
4.341999999999999,4.341999999999998e-06,0.22670688526991245,0.22627623171897643
4.342799999999997,4.342799999999997e-06,0.23967915806813,0.2267662965196982
4.343600000000002,4.343600000000002e-06,0.27722228109683333,0.2272294145094425
4.344399999999993,4.344399999999993e-06,0.24821354292478415,0.22766507421391097
4.345199999999998,4.345199999999998e-06,0.21301116722718005,0.2280728646498931
4.3459999999999965,4.345999999999996e-06,0.207727274337957,0.22845247039757718
4.346800000000002,4.346800000000001e-06,0.2500311401917953,0.2288036627935926
4.3476,4.3476e-06,0.23906768142958823,0.2291262877550021
4.348399999999998,4.348399999999998e-06,0.1983811176623047,0.22942025085036988
4.349200000000003,4.349200000000003e-06,0.2609486390652842,0.22968550029636386
4.349999999999994,4.349999999999994e-06,0.16944689878760477,0.22992200862208656
4.3508,4.350799999999999e-06,0.20010774000625198,0.2301297538001334
4.351599999999998,4.3515999999999974e-06,0.2315398783638144,0.2303087006536786
4.352400000000003,4.352400000000003e-06,0.24653571732951962,0.2304587832851245
4.353199999999994,4.353199999999994e-06,0.2146596770709459,0.23057988915218103
4.353999999999999,4.353999999999999e-06,0.18310365483595858,0.23067184530759405
4.354799999999997,4.354799999999997e-06,0.2099163347258176,0.23073440726512678
4.355600000000003,4.355600000000002e-06,0.23273635274940396,0.23076725092045122
4.356399999999994,4.3563999999999936e-06,0.1884771984739555,0.23076996787336893
4.357199999999999,4.357199999999999e-06,0.19252981601750518,0.2307420643575502
4.357999999999997,4.357999999999997e-06,0.24673052730139133,0.2306829638238218
4.358800000000002,4.358800000000002e-06,0.24236205276854994,0.23059201306402952
4.359599999999993,4.359599999999993e-06,0.2499677798230705,0.2304684916173278
4.3603999999999985,4.360399999999998e-06,0.1901069836633945,0.23031162411439593
4.361199999999997,4.3611999999999965e-06,0.2030722585673126,0.23012059522397382
4.362000000000002,4.362000000000002e-06,0.2188180216690161,0.2298945669284434
4.362799999999993,4.362799999999992e-06,0.23500541764315885,0.2296326978790581
4.363599999999998,4.363599999999998e-06,0.2080117350586026,0.22933416452452754
4.364399999999996,4.364399999999996e-06,0.21903155629522475,0.22899818361090132
4.3652000000000015,4.365200000000001e-06,0.21899335064370373,0.22862403557439287
4.366,4.365999999999999e-06,0.22956227208500501,0.2282110883024297
4.366799999999998,4.366799999999998e-06,0.20223135950825022,0.22775882070180886
4.367600000000003,4.367600000000003e-06,0.24785872394111397,0.22726684547910464
4.368400000000001,4.368400000000001e-06,0.2205166524357549,0.22673493051522087
4.369199999999999,4.369199999999999e-06,0.2515676814295883,0.2261630182125897
4.369999999999997,4.369999999999997e-06,0.24211031249083037,0.22555124222406048
4.370800000000003,4.370800000000002e-06,0.20968331910242488,0.2248999410537399
4.371600000000001,4.371600000000001e-06,0.23162196338685592,0.22420966815214244
4.372399999999999,4.372399999999999e-06,0.22021895226936739,0.2234811982825469
4.373199999999997,4.3731999999999965e-06,0.19561481376455314,0.2227155300707915
4.374000000000002,4.3740000000000025e-06,0.2515913234610673,0.2219138847419298
4.374799999999993,4.374799999999993e-06,0.22640767241779003,0.2210777010985242
4.375599999999999,4.375599999999998e-06,0.22472927899110284,0.22020862683343062
4.376399999999997,4.376399999999997e-06,0.18870321620303854,0.21930850632914542
4.377200000000002,4.377200000000002e-06,0.18788728334974525,0.2183793651860329
4.377999999999993,4.377999999999993e-06,0.24556809753301778,0.2174233918033154
4.378799999999998,4.378799999999998e-06,0.18972436161395057,0.21644291635815696
4.379599999999996,4.379599999999996e-06,0.2218598963874009,0.21544038749207084
4.380400000000002,4.380400000000001e-06,0.20027455840091513,0.21441834697269962
4.381199999999993,4.381199999999992e-06,0.20686821845599068,0.2133794025877307
4.381999999999998,4.381999999999998e-06,0.23358633021991337,0.21232619953641033
4.382799999999996,4.3827999999999955e-06,0.22400640157802088,0.21126139059756632
4.383600000000001,4.383600000000001e-06,0.21197735020194852,0.21018760538426828
4.384399999999999,4.384399999999999e-06,0.20592915806813006,0.20910741906993352
4.3851999999999975,4.385199999999997e-06,0.19510206628624227,0.20802332108945915
4.386000000000003,4.3860000000000026e-06,0.167364133285694,0.20693768444430916
4.386800000000001,4.386800000000001e-06,0.13551532826147183,0.2058527363191291
4.387599999999999,4.3875999999999984e-06,0.21891883134639445,0.2047705307038067
4.388399999999997,4.388399999999997e-06,0.20203030798493626,0.20369292358708277
4.389200000000002,4.389200000000002e-06,0.20377414229748558,0.20262155107902294
4.390000000000001,4.39e-06,0.19099724730257217,0.2015578106230685
4.390799999999999,4.390799999999999e-06,0.2107857931935112,0.20050284535564153
4.391599999999997,4.391599999999997e-06,0.1777189522693674,0.19945753166330116
4.392400000000002,4.392400000000002e-06,0.19263194986916354,0.1984224700207654
4.3932,4.3932e-06,0.1739466344121683,0.1973979792233624
4.393999999999998,4.393999999999998e-06,0.21564110414461235,0.19638409413472224
4.3947999999999965,4.3947999999999964e-06,0.17253038384893082,0.19538056705127083
4.395600000000002,4.395600000000002e-06,0.13709839721936845,0.1943868727525584
4.396399999999993,4.396399999999992e-06,0.176262983368891,0.19340221726980253
4.397199999999998,4.3971999999999975e-06,0.18322110865050634,0.19242555033876554
4.397999999999996,4.397999999999996e-06,0.19629986484612205,0.19145558137319277
4.398800000000001,4.398800000000001e-06,0.19666016903836692,0.19049079862310583
4.399599999999992,4.3995999999999926e-06,0.1838297484290432,0.1895294910432565
4.400399999999998,4.400399999999998e-06,0.15784964552965697,0.18856977234357739
4.401199999999996,4.401199999999995e-06,0.17768755600071828,0.18760960670843177
4.402000000000001,4.402000000000001e-06,0.2258434798422163,0.18664683569586887
4.402799999999999,4.402799999999999e-06,0.18942798562184315,0.18567920582559425
4.403599999999997,4.403599999999997e-06,0.1673327370170512,0.1847043963613652
4.4044000000000025,4.404400000000002e-06,0.1903558870810993,0.1837200468424036
4.405200000000001,4.405200000000001e-06,0.17848476419968773,0.18272378402115377
4.405999999999999,4.405999999999999e-06,0.183740665511695,0.18171324796954685
4.406799999999997,4.4067999999999965e-06,0.1710201329911939,0.1806861171880707
4.407600000000002,4.407600000000002e-06,0.1207725537477693,0.17964013259932596
4.4084,4.4084e-06,0.18351880881690386,0.17857312033443373
4.4091999999999985,4.409199999999998e-06,0.23609389594564578,0.17748301320308651
4.409999999999997,4.409999999999997e-06,0.16538312231545038,0.17636787067473794
4.410800000000002,4.410800000000002e-06,0.16777588257520504,0.17522589715556497
4.4116,4.411599999999999e-06,0.2089799226865271,0.17405545839969236
4.412399999999998,4.412399999999998e-06,0.11294137679557825,0.1728550960346265
4.413199999999996,4.413199999999996e-06,0.13552421816148708,0.1716235403285353
4.4140000000000015,4.414000000000001e-06,0.19243922041443928,0.17035972140949113
4.4148,4.4148e-06,0.1628120077095686,0.1690627791345163
4.415599999999998,4.415599999999997e-06,0.14880402588041686,0.16773207172014284
4.416399999999996,4.4163999999999955e-06,0.14021119803220028,0.1663671831545721
4.417200000000001,4.417200000000001e-06,0.20289333638975582,0.16496792936370197
4.417999999999992,4.417999999999992e-06,0.14527304571520028,0.16353436308461589
4.418799999999997,4.418799999999997e-06,0.12967688903954788,0.16206677738817327
4.4195999999999955,4.419599999999995e-06,0.1476005536005175,0.16056570779563326
4.420400000000001,4.420400000000001e-06,0.11230285343411994,0.15903193294276766
4.421199999999999,4.4211999999999984e-06,0.2114173186606697,0.15746647371207914
4.421999999999997,4.421999999999997e-06,0.19207532301931507,0.1558705906648783
4.422800000000002,4.422800000000002e-06,0.1324836676173925,0.15424577952490906
4.4236,4.4236e-06,0.14468596745099482,0.15259376448507256
4.424399999999999,4.424399999999999e-06,0.17027512623234775,0.15091648924439582
4.425199999999997,4.425199999999996e-06,0.13734805697994057,0.1492161058529016
4.426000000000002,4.426000000000001e-06,0.1490877302582052,0.14749496156780006
4.4268,4.4268e-06,0.1286793856601246,0.14575558400232783
4.427599999999998,4.427599999999998e-06,0.1249140656972354,0.14400066490718894
4.428399999999996,4.4283999999999964e-06,0.1081465893531971,0.14223304296198824
4.429200000000002,4.4292000000000016e-06,0.11805826277870324,0.14045568594574473
4.43,4.43e-06,0.14827104106204436,0.13867167258630633
4.430799999999998,4.4307999999999975e-06,0.11662385539256859,0.13688417426907157
4.431599999999996,4.431599999999996e-06,0.11538293380401565,0.13509643665462312
4.432400000000001,4.432400000000001e-06,0.10621210610306098,0.13331176115200544
4.433199999999999,4.433199999999999e-06,0.16344693786816467,0.13153348612116986
4.4339999999999975,4.433999999999998e-06,0.10686103205025621,0.12976496761060552
4.434799999999996,4.434799999999995e-06,0.13482990015703655,0.12800955937527572
4.435600000000001,4.4356e-06,0.1601608885977927,0.12627059189637516
4.436399999999999,4.436399999999999e-06,0.15402569406377042,0.12455135015783683
4.437199999999997,4.437199999999997e-06,0.06556734119019025,0.12285505002625435
4.437999999999995,4.4379999999999955e-06,0.12597341675964846,0.1211848132244151
4.4388000000000005,4.438800000000001e-06,0.11284397180964734,0.11954364104344449
4.439599999999999,4.439599999999998e-06,0.11869602979730409,0.11793438703474732
4.440399999999997,4.4403999999999965e-06,0.13648124686081708,0.11635972893768273
4.441200000000002,4.441200000000002e-06,0.0777876093352623,0.1148221400859168
4.442,4.442e-06,0.09614534104290862,0.113323860550859
4.442799999999998,4.442799999999998e-06,0.13756840098901413,0.1118668683187093
4.443599999999996,4.443599999999996e-06,0.12568744335327814,0.11045285081844627
4.444400000000002,4.444400000000002e-06,0.11395817266079078,0.10908317711897891
4.4452,4.445199999999999e-06,0.12384487988049786,0.10775887114520469
4.445999999999998,4.445999999999998e-06,0.08750163592889182,0.10648058636412858
4.446799999999996,4.446799999999996e-06,0.10192912128465842,0.10524858254076927
4.447600000000001,4.447600000000001e-06,0.09174206555001385,0.10406270530232374
4.4483999999999995,4.4484e-06,0.06733746588276879,0.10292236933625039
4.449199999999998,4.449199999999997e-06,0.12804899585582152,0.10182654607172223
4.449999999999996,4.4499999999999955e-06,0.030273613546622946,0.10077375666382665
4.450800000000001,4.450800000000001e-06,0.07285418588397963,0.0997620710328771
4.451599999999999,4.451599999999999e-06,0.0038845982177035943,0.09878911360838041
4.452399999999997,4.452399999999997e-06,0.11720242307670953,0.09785207625708144
4.453199999999995,4.453199999999995e-06,0.04655482130383426,0.09694773860421592
4.454000000000001,4.454e-06,0.10709877653939637,0.09607249561339112
4.454799999999999,4.454799999999998e-06,0.04641372545776745,0.09522239195905637
4.455599999999997,4.455599999999997e-06,0.09560252147026177,0.09439316247331626
4.456399999999995,4.456399999999995e-06,0.10916811408405702,0.09358027777452317
4.4572,4.4572e-06,0.11750428427743193,0.09277899405940407
4.457999999999998,4.457999999999998e-06,0.09644493321497882,0.09198440596861696
4.4587999999999965,4.458799999999996e-06,0.10332929554214215,0.09119150145294419
4.459600000000002,4.459600000000001e-06,0.06757388619755894,0.09039521768104426
4.4604,4.4604e-06,0.09100178765685502,0.08959049719156617
4.461200000000005,4.461200000000005e-06,0.07905822599530166,0.08877234363486147
4.461999999999996,4.461999999999996e-06,0.08680032003014149,0.08793587653431194
4.462800000000001,4.4628000000000016e-06,0.085683850150446,0.08707638453014244
4.4636,4.463599999999999e-06,0.07550379230997079,0.08618937657937598
4.464399999999998,4.4643999999999974e-06,0.07000428427743183,0.08527063059808943
4.465199999999996,4.465199999999996e-06,0.08198529524763881,0.0843162390482606
4.466000000000001,4.466000000000001e-06,0.08630989040901965,0.08332265097929564
4.466799999999999,4.466799999999999e-06,0.06430107637296884,0.0822867100287808
4.467599999999997,4.467599999999997e-06,0.08706813661357776,0.08120568787950727
4.4683999999999955,4.468399999999995e-06,0.11212506691938551,0.08007731267492524
4.469200000000001,4.4692e-06,0.09071165321618974,0.07889979192248235
4.469999999999999,4.469999999999999e-06,0.05572356848768156,0.07767182948053414
4.470799999999997,4.470799999999997e-06,0.07845790828532434,0.07639263634390903
4.471599999999995,4.471599999999995e-06,0.06820749218189487,0.07506193509088091
4.4724,4.472400000000001e-06,0.09302800217291246,0.07367995797525898
4.4731999999999985,4.473199999999998e-06,0.09797163969849731,0.07224743871970986
4.473999999999997,4.4739999999999965e-06,0.10891561746348022,0.0707655981294902
4.474799999999995,4.474799999999995e-06,0.011223644351613216,0.06923612375749232
4.4756,4.4756e-06,0.049057469652374286,0.06766114402707579
4.476399999999998,4.476399999999998e-06,0.0708932237423196,0.06604319740060693
4.477199999999996,4.477199999999996e-06,0.09606155482273754,0.06438519728105403
4.4780000000000015,4.478000000000001e-06,0.06817968911615108,0.06269039333426851
4.4788,4.478799999999999e-06,0.000265102966598485,0.06096232990368486
4.479600000000005,4.4796000000000045e-06,0.08076725934777745,0.0592048022326756
4.480399999999996,4.480399999999996e-06,0.07001676738031642,0.0574218112855443
4.481200000000001,4.481200000000001e-06,0.01761965757480216,0.05561751799612608
4.481999999999999,4.481999999999999e-06,0.015841022302199415,0.05379619776596392
4.482800000000005,4.482800000000005e-06,0.03401718348374594,0.05196219601341728
4.483599999999996,4.4835999999999955e-06,0.027964641804227752,0.05011988552604005
4.484400000000001,4.484400000000001e-06,0.05482536209984207,0.048273626253127574
4.485199999999999,4.485199999999999e-06,0.02992011873727285,0.04642772801091434
4.485999999999997,4.4859999999999965e-06,0.04971547401108667,0.044586416423325066
4.486799999999995,4.486799999999995e-06,0.009083192201070678,0.04275380232847241
4.4876000000000005,4.4876e-06,0.06438221654171827,0.040933854839108184
4.488399999999999,4.488399999999998e-06,-0.023481492341934085,0.03913037822321269
4.489199999999997,4.489199999999997e-06,0.015729621527689197,0.037346992740885925
4.489999999999995,4.489999999999994e-06,0.01438505340169316,0.035587119513003564
4.4908,4.4908e-06,0.0213681448891474,0.03385396938394091
4.491599999999998,4.491599999999998e-06,0.02508410027186131,0.03215053557530767
4.492399999999996,4.492399999999996e-06,0.0442556843156835,0.030479589750775256
4.4931999999999945,4.4931999999999945e-06,0.01475992121400993,0.02884368097760251
4.494,4.494e-06,0.06175001059573387,0.027245137006894675
4.494799999999998,4.494799999999998e-06,-0.0023343825365197968,0.025686067300943458
4.495599999999996,4.4955999999999955e-06,0.016377223300564514,0.02416836729465561
4.496399999999994,4.496399999999994e-06,0.05531503537813659,0.022693723460276163
4.497199999999999,4.497199999999999e-06,0.02252017207178386,0.021263618820839984
4.498000000000005,4.498000000000004e-06,-0.0003026828118474767,0.019879338623994963
4.498799999999996,4.498799999999996e-06,-0.03690806962691007,0.0185419759637692
4.499600000000001,4.499600000000001e-06,0.029226368564184868,0.01725243721395038
4.500399999999999,4.5003999999999984e-06,0.024754436005395064,0.016011447157301392
4.501200000000004,4.5012000000000044e-06,0.04822470415046687,0.01481955363541923
4.501999999999995,4.501999999999995e-06,0.033272744556292366,0.013677131472056347
4.502800000000001,4.5028e-06,-0.006622852563467119,0.012584385437757875
4.503599999999999,4.503599999999999e-06,0.05596528549965196,0.011541352156474463
4.504400000000004,4.504400000000004e-06,0.005756668250605668,0.010547901053151537
4.505199999999995,4.5051999999999946e-06,-0.0658341549445251,0.009603734638491415
4.506,4.506e-06,-0.012502902128272486,0.00870838858302106
4.506799999999998,4.506799999999998e-06,-0.015450965063618538,0.007861232104346375
4.5075999999999965,4.5075999999999964e-06,0.02338755002227,0.007061469131460149
4.508399999999995,4.508399999999995e-06,0.01652323652375348,0.006308140537700693
4.5092,4.5092e-06,0.006516994972311119,0.005600127556354459
4.509999999999998,4.5099999999999975e-06,-0.04595444561901757,0.00493615640995794
4.510799999999996,4.510799999999996e-06,-0.002151676347504683,0.004314804199350514
4.511599999999994,4.511599999999994e-06,-0.016056200150718014,0.0037345061311435668
4.5123999999999995,4.512399999999999e-06,0.02363777761426472,0.0031935641353877803
4.513199999999998,4.513199999999998e-06,-0.0017711348152382733,0.0026901568380176405
4.513999999999996,4.513999999999995e-06,-0.018094141426832744,0.0022223507693998196
4.514799999999994,4.514799999999994e-06,-0.02553569843527015,0.0017881126618605192
4.515599999999999,4.515599999999999e-06,0.014489267770498915,0.0013853226999319956
4.516400000000004,4.516400000000004e-06,-0.018306351878681182,0.0010117885846494673
4.517199999999995,4.5171999999999955e-06,-0.00712387328176084,0.0006652602350073339
4.518000000000001,4.518000000000001e-06,0.019272139941428124,0.00034344490051559096
4.518799999999999,4.518799999999999e-06,-0.02585439228450659,4.402242911955012e-05
4.519600000000004,4.519600000000004e-06,0.019479433016254433,-0.0002353395672289732
4.520399999999995,4.520399999999995e-06,-0.02382666508279435,-0.0004969708855978583
4.5212,4.5212e-06,0.0026207932376874354,-0.000743184444176051
4.5219999999999985,4.521999999999998e-06,-0.011006079227745158,-0.0009762626975923228
4.522800000000004,4.5228000000000035e-06,0.005220278740805828,-0.001198444893116199
4.523599999999995,4.523599999999994e-06,0.002456623191564422,-0.0014119152879230878
4.5244,4.524399999999999e-06,-0.024079918046198634,-0.0016187924275136018
4.525199999999998,4.525199999999998e-06,0.010924999330923557,-0.0018211195521180834
4.526000000000003,4.526000000000003e-06,-0.022313765876480318,-0.002020856156357803
4.526799999999994,4.5267999999999945e-06,0.019350820273072222,-0.002219870692428766
4.5276,4.5276e-06,0.024721527051094205,-0.00241993438038951
4.528399999999998,4.528399999999997e-06,-0.016800450566736846,-0.002622716048794882
4.529200000000003,4.529200000000003e-06,-0.05571178375278513,-0.0028297778489720093
4.529999999999994,4.529999999999994e-06,-0.02377597632832884,-0.003042571578788053
4.530799999999999,4.530799999999999e-06,-0.023149936069755184,-0.003262435285250817
4.531599999999997,4.531599999999997e-06,0.01266599678353808,-0.0034905898573927147
4.5323999999999955,4.532399999999995e-06,-0.013241099504283815,-0.0037281354570883607
4.533199999999994,4.533199999999993e-06,-0.02746828967969378,-0.0039760477774897635
4.533999999999999,4.5339999999999984e-06,-0.04268390482300971,-0.004235174199369321
4.534799999999997,4.534799999999997e-06,-0.01618689341104762,-0.004506229950891769
4.535599999999995,4.535599999999995e-06,-0.004471618507129627,-0.004789794430878527
4.5364,4.5364e-06,0.002702121917871614,-0.005086307961266107
4.537199999999999,4.537199999999999e-06,0.026165580680108658,-0.0053960693528104925
4.538000000000004,4.538000000000004e-06,-0.00992724716813792,-0.005719234728961339
4.538799999999995,4.5387999999999946e-06,0.005819840107855634,-0.006055818015077541
4.5396,4.5396e-06,-0.001859649901126803,-0.006405693376483945
4.540399999999998,4.540399999999998e-06,0.001351312240533309,-0.006768599726767868
4.5412000000000035,4.541200000000003e-06,-0.02159939904335284,-0.007144147270811627
4.5419999999999945,4.541999999999994e-06,-0.01945554220134288,-0.00753182591399057
4.5428,4.5428e-06,-0.0030914930781926753,-0.007931015266769231
4.543599999999998,4.5435999999999975e-06,-0.03296836554362531,-0.008340995912141644
4.544400000000003,4.544400000000003e-06,-0.022979524472289792,-0.00876096158375543
4.545199999999994,4.545199999999994e-06,-0.0017962895324420414,-0.00919003191396231
4.545999999999999,4.545999999999999e-06,-0.029237090197952065,-0.009627265441986166
4.5467999999999975,4.546799999999998e-06,-0.05716207893324177,-0.010071672614432023
4.547600000000003,4.547600000000003e-06,-0.015247265191694503,-0.010522228559363606
4.548399999999994,4.548399999999994e-06,-0.005557448461006531,-0.010977885484263566
4.549199999999999,4.549199999999999e-06,0.025018470874594356,-0.011437584649523463
4.549999999999997,4.549999999999997e-06,-0.038753090639707166,-0.011900267968060735
4.550800000000002,4.550800000000002e-06,-0.026698128203643756,-0.012364889312567087
4.551599999999993,4.551599999999993e-06,0.0013095133861501518,-0.012830425559000422
4.552399999999999,4.552399999999998e-06,-0.0293609740754468,-0.013295887316191385
4.553199999999997,4.5531999999999965e-06,-0.04895754685445869,-0.013760329245337682
4.553999999999995,4.553999999999995e-06,0.01976181321972259,-0.014222859865451784
4.5548,4.5548e-06,-0.019504906781488307,-0.014682650753392756
4.555599999999998,4.555599999999998e-06,-0.03131493832273724,-0.0151389450635918
4.556400000000004,4.5564000000000035e-06,-0.0063539003171455555,-0.01559106528925594
4.557199999999995,4.557199999999994e-06,-0.037951721406445926,-0.016038420151538932
4.558,4.557999999999999e-06,-0.024912495036671256,-0.01648051045856891
4.558799999999998,4.558799999999998e-06,0.010012229323152044,-0.016916933751464844
4.559600000000003,4.559600000000003e-06,-0.07631909935703202,-0.017347387551811477
4.560399999999994,4.560399999999994e-06,0.00010263641475333207,-0.017771671029465252
4.5611999999999995,4.5612e-06,-0.05586139017887631,-0.018189684917342352
4.561999999999998,4.561999999999997e-06,-0.03520622268023871,-0.018601429527930757
4.562800000000003,4.562800000000002e-06,-0.002581582459916576,-0.01900700078969203
4.563599999999994,4.563599999999994e-06,-0.032877958452024125,-0.019406584309671668
4.564399999999999,4.564399999999999e-06,-0.07320837906131772,-0.019800447551830816
4.565199999999997,4.565199999999997e-06,-0.01682201208103845,-0.02018893028052872
4.5660000000000025,4.5660000000000025e-06,-0.032395850899491874,-0.020572433474174256
4.5667999999999935,4.566799999999993e-06,-0.05426356908947588,-0.020951407000201802
4.567599999999999,4.567599999999998e-06,0.006547446386695133,-0.02132633645831443
4.568399999999997,4.568399999999997e-06,-0.02816525603271447,-0.02169772970728219
4.569200000000002,4.569200000000002e-06,0.006852144447392294,-0.02206610365834054
4.569999999999993,4.569999999999993e-06,-0.03930536794385908,-0.022431971925455124
4.570799999999998,4.570799999999998e-06,-0.021127126245165107,-0.022795833861798967
4.5715999999999966,4.571599999999996e-06,-0.0009977571591554546,-0.023158165404128017
4.572400000000002,4.572400000000001e-06,0.006923070541839382,-0.02351941203093623
4.5732,4.5732e-06,-0.044260164398008506,-0.023879984027651083
4.573999999999998,4.573999999999998e-06,-0.02645130530301648,-0.024240254120393018
4.574800000000003,4.574800000000003e-06,-0.024367971969716518,-0.02460055738429484
4.575599999999994,4.575599999999994e-06,-0.019820763770749983,-0.02496119319200478
4.5764,4.576399999999999e-06,-0.05329594929294412,-0.025322428878014086
4.577199999999998,4.5771999999999974e-06,-0.06112845041948517,-0.0256845047486004
4.578000000000003,4.578000000000003e-06,-0.06708491128735244,-0.026047640054416774
4.578799999999994,4.578799999999994e-06,-0.006547953946159979,-0.026412039585474487
4.579599999999999,4.579599999999999e-06,-0.028984025745982522,-0.02677790066662189
4.580399999999997,4.580399999999997e-06,0.006068175694137701,-0.027145420486193797
4.581200000000003,4.581200000000002e-06,-0.012104392284506604,-0.027514803793583814
4.581999999999994,4.5819999999999936e-06,-0.014050034463307381,-0.027886270987505152
4.582799999999999,4.582799999999999e-06,-0.09234364945937168,-0.028260066488771787
4.583599999999997,4.583599999999997e-06,-0.04873493381687305,-0.028636467115311343
4.584400000000002,4.584400000000002e-06,-0.05132666508279432,-0.02901579005120132
4.585199999999993,4.585199999999993e-06,-0.012466776993939,-0.029398400002447853
4.5859999999999985,4.585999999999998e-06,-0.0339915914717448,-0.029784715250322724
4.586799999999997,4.5867999999999965e-06,-0.04611596731660067,-0.030175212455721523
4.587600000000002,4.587600000000002e-06,-0.03278528233184069,-0.03057043014941631
4.588399999999993,4.588399999999992e-06,-0.02512470548861978,-0.03097097085509949
4.589199999999998,4.589199999999998e-06,-0.07934565411248745,-0.031377501778934905
4.589999999999996,4.589999999999996e-06,-0.048051774740956954,-0.031790753997009244
4.5908000000000015,4.590800000000001e-06,-0.001584835423320885,-0.03221152009752387
4.5916,4.591599999999999e-06,-0.02487088469372284,-0.03264065029411703
4.592399999999998,4.592399999999998e-06,-0.05508990452850626,-0.033079047092729894
4.593200000000003,4.593200000000003e-06,-0.01592947941324857,-0.033527658610577285
4.594000000000001,4.594000000000001e-06,-0.06819154641270359,-0.033987470594495875
4.594799999999999,4.594799999999999e-06,-0.0719540295155881,-0.03445949711516727
4.5955999999999975,4.595599999999997e-06,-0.04445894689281038,-0.034944769883977655
4.596400000000003,4.596400000000002e-06,-0.06681217732669403,-0.03544432618227408
4.597200000000001,4.597200000000001e-06,-0.028288383567281805,-0.03595919550829353
4.597999999999999,4.597999999999999e-06,-0.02277696026325099,-0.03649038520074055
4.598799999999997,4.5987999999999965e-06,-0.04005510356839276,-0.03703886543214334
4.599600000000002,4.5996000000000025e-06,-0.00672385075224019,-0.03760555402988569
4.600399999999993,4.600399999999993e-06,-0.026710611306528298,-0.03819130155882387
4.601199999999999,4.601199999999998e-06,-0.0794672689614,-0.03879687699853282
4.601999999999997,4.601999999999997e-06,-0.030210195203098755,-0.03942295420544069
4.602800000000002,4.602800000000002e-06,-0.052029872987257364,-0.040070099217554764
4.603599999999993,4.603599999999993e-06,-0.06552453950660564,-0.04073875838546841
4.604399999999998,4.604399999999998e-06,-0.02572502319849701,-0.04142924730665222
4.605199999999996,4.605199999999996e-06,-0.06248001643965084,-0.04214174057028611
4.606000000000002,4.606000000000001e-06,-0.056146418730884495,-0.04287626235532324
4.606799999999993,4.606799999999993e-06,-0.04091340310756181,-0.04363267795206498
4.607599999999998,4.607599999999998e-06,-0.03850172968201565,-0.04441068629825215
4.608399999999996,4.6083999999999956e-06,-0.05733721939649461,-0.045209813636950605
4.609200000000001,4.609200000000001e-06,-0.05636562707710274,-0.04602940840729283
4.609999999999999,4.609999999999999e-06,-0.06305158622952212,-0.046868637463981636
4.610799999999998,4.6107999999999974e-06,-0.0668002620553021,-0.047726483704025796
4.611600000000003,4.6116000000000026e-06,-0.05238734031946746,-0.048601745187719134
4.612400000000001,4.612400000000001e-06,-0.019372700835403933,-0.04949303588392699
4.613199999999999,4.6131999999999985e-06,-0.047527868334041545,-0.05039878822265745
4.613999999999997,4.613999999999997e-06,-0.035088391842751476,-0.05131725765359532
4.6148000000000025,4.614800000000002e-06,-0.06599473178774595,-0.05224652935090575
4.615600000000001,4.6156e-06,-0.07970709396765774,-0.05318452708184955
4.616399999999999,4.616399999999999e-06,-0.08076304033864323,-0.054129024126561884
4.617199999999997,4.617199999999997e-06,-0.06528244547176582,-0.05507765606468945
4.618000000000002,4.618000000000002e-06,-0.05813159073548624,-0.056027935264177216
4.6188,4.6188e-06,-0.017477747411068667,-0.05697726699625856
4.619599999999998,4.619599999999998e-06,-0.07215489252753737,-0.057922967191717384
4.6203999999999965,4.6203999999999965e-06,-0.03161169363480265,-0.05886228187677438
4.621200000000002,4.621200000000002e-06,-0.0630682303667015,-0.059792408256417656
4.621999999999993,4.621999999999992e-06,-0.08022324613737597,-0.06071051727800851
4.622799999999998,4.6227999999999975e-06,-0.08245467321101235,-0.06161377736318685
4.623599999999996,4.623599999999996e-06,-0.09061551442969956,-0.06249937889098843
4.624400000000001,4.624400000000001e-06,-0.05651844968322656,-0.06336455898404758
4.625199999999992,4.625199999999993e-06,-0.08957980539879551,-0.06420662619873775
4.625999999999998,4.625999999999998e-06,-0.08026220813178425,-0.06502298481694016
4.626799999999996,4.626799999999995e-06,-0.028559416330750764,-0.06581115853620284
4.627600000000001,4.627600000000001e-06,-0.04180291040384215,-0.06656881342671749
4.628399999999999,4.628399999999999e-06,-0.0662519572740104,-0.06729378004289469
4.629199999999997,4.629199999999997e-06,-0.11404341588899558,-0.06798407451436851
4.630000000000003,4.630000000000002e-06,-0.08829632861300202,-0.06863791830663148
4.630800000000001,4.630800000000001e-06,-0.09018201511438545,-0.06925375621892715
4.631599999999999,4.631599999999999e-06,-0.09094309817901836,-0.06983027216893953
4.632399999999997,4.6323999999999965e-06,-0.06498323261968358,-0.07036640241261619
4.633200000000002,4.633200000000002e-06,-0.07298955003515739,-0.07086134599855634
4.634,4.634e-06,-0.09925770685799157,-0.07131457238822905
4.6347999999999985,4.634799999999998e-06,-0.08320724569562077,-0.07172582625456064
4.635599999999997,4.635599999999997e-06,-0.09030381847473268,-0.07209512951660621
4.636400000000002,4.636400000000002e-06,-0.04920342490072388,-0.07242278071424764
4.6372,4.637199999999999e-06,-0.027771098031766583,-0.07270935188825982
4.637999999999998,4.637999999999998e-06,-0.09165046711777619,-0.07295568316962055
4.638799999999996,4.638799999999996e-06,-0.06920058804074902,-0.07316287523948974
4.6396000000000015,4.639600000000001e-06,-0.12466453877034711,-0.07333227969051866
4.6404,4.6404e-06,-0.09905381847473266,-0.07346548717380529
4.641199999999998,4.641199999999997e-06,-0.08626368403406753,-0.07356431315197377
4.641999999999996,4.6419999999999955e-06,-0.07875952299977268,-0.07363078114049162
4.642800000000001,4.642800000000001e-06,-0.07110367502223913,-0.0736671034680844
4.643599999999992,4.643599999999992e-06,-0.056138475982352776,-0.07367565974106642
4.644399999999997,4.644399999999997e-06,-0.05545115587214178,-0.07365897328692911
4.6451999999999956,4.645199999999995e-06,-0.12194533042412886,-0.07361968585423552
4.646000000000001,4.646000000000001e-06,-0.1018354423353735,-0.07356053077854104
4.646799999999999,4.6467999999999984e-06,-0.09288855184628442,-0.07348430475041835
4.647599999999997,4.647599999999997e-06,-0.10951341965860112,-0.07339383832124255
4.648400000000002,4.648400000000002e-06,-0.05985632337077934,-0.07329196538957974
4.6492,4.6492e-06,-0.053773330276877196,-0.07318149208411781
4.649999999999999,4.649999999999999e-06,-0.10367516894807893,-0.07306516561862066
4.650799999999997,4.650799999999996e-06,-0.05251425186546016,-0.07294564377971252
4.651600000000002,4.651600000000001e-06,-0.09023327170024353,-0.07282546571063711
4.6524,4.6524e-06,-0.05771114235444935,-0.07270702461155013
4.653199999999998,4.653199999999998e-06,-0.04830294948440217,-0.07259254292768753
4.653999999999996,4.6539999999999964e-06,-0.09283351354618924,-0.07248405054194375
4.654800000000002,4.654800000000002e-06,-0.07654247103463346,-0.07238336640897916
4.6556,4.6556e-06,-0.06793924060074985,-0.07229208396581711
4.656399999999998,4.6563999999999975e-06,-0.04582034996440898,-0.07221156055878818
4.657199999999996,4.657199999999996e-06,-0.07641026508864907,-0.07214291105634021
4.658000000000001,4.658000000000001e-06,-0.10390326719437937,-0.07208700574922157
4.658799999999999,4.658799999999999e-06,-0.06780911517181287,-0.07204447255065038
4.6595999999999975,4.659599999999998e-06,-0.041801209206652645,-0.07201570342207644
4.660399999999996,4.660399999999995e-06,-0.05282027410047735,-0.07200086489826309
4.661200000000001,4.6612e-06,-0.06878430069410696,-0.07199991254510914
4.661999999999999,4.661999999999999e-06,-0.05827930745295318,-0.07201260909292724
4.662799999999997,4.662799999999997e-06,-0.10580711051869707,-0.07203854582875457
4.663599999999995,4.6635999999999955e-06,-0.10073542808142255,-0.07207716665484953
4.6644000000000005,4.664400000000001e-06,-0.08326190697284641,-0.0721277940987502
4.665199999999992,4.665199999999991e-06,-0.03967607701896958,-0.07218965653586268
4.665999999999997,4.6659999999999965e-06,-0.10171136994644409,-0.07226191594434941
4.666800000000002,4.666800000000002e-06,-0.09707791569017121,-0.07234369558791101
4.6676,4.6676e-06,-0.09516291343718919,-0.07243410706054891
4.668399999999998,4.668399999999998e-06,-0.07560605899541306,-0.07253227614715357
4.6691999999999965,4.669199999999996e-06,-0.09133290893132506,-0.07263736700985539
4.670000000000002,4.670000000000002e-06,-0.047305446104979,-0.07274860431167343
4.6708,4.670799999999999e-06,-0.08895187543159744,-0.07286529299052899
4.671599999999998,4.671599999999998e-06,-0.09471012163615561,-0.07298683545339882
4.672399999999996,4.672399999999996e-06,-0.11973508784192466,-0.07311274596893969
4.673200000000001,4.673200000000001e-06,-0.11349549042766172,-0.07324266204153958
4.6739999999999995,4.674e-06,-0.07851289090776858,-0.0733763526166831
4.674799999999998,4.674799999999997e-06,-0.05102896721345518,-0.07351372312913833
4.675599999999996,4.6755999999999955e-06,-0.0688329089313251,-0.07365481761787755
4.676400000000001,4.676400000000001e-06,-0.0905850653125041,-0.07379981829914609
4.677199999999999,4.677199999999999e-06,-0.09119238091675097,-0.07394904304617225
4.677999999999997,4.677999999999997e-06,-0.030002148082533542,-0.07410294119230451
4.678799999999995,4.678799999999995e-06,-0.079395588821214,-0.07426208802198614
4.679600000000001,4.6796e-06,-0.06134539203420952,-0.07442717826606933
4.680399999999999,4.680399999999998e-06,-0.1354048189605942,-0.0745990188453267
4.681199999999997,4.681199999999997e-06,-0.03665841216349641,-0.0747785210025425
4.681999999999995,4.681999999999995e-06,-0.04906233135184557,-0.07496669187835273
4.6828,4.6828e-06,-0.09310019676392856,-0.07516462554996528
4.683599999999998,4.683599999999998e-06,-0.08426886808374456,-0.07537349352286135
4.684399999999997,4.684399999999996e-06,-0.08418054150929066,-0.07559453459399648
4.685200000000002,4.685200000000001e-06,-0.11279001349461665,-0.07582904391521023
4.686,4.686e-06,-0.07729542283919988,-0.07607836104257455
4.686800000000005,4.686800000000005e-06,-0.09813840241540961,-0.07634385678879445
4.687599999999996,4.687599999999996e-06,-0.1222042594047712,-0.07662691878319058
4.6884000000000015,4.6884000000000016e-06,-0.07079916777006523,-0.07692893576131057
4.6892,4.689199999999999e-06,-0.041937199164162386,-0.07725128073986162
4.689999999999998,4.6899999999999974e-06,-0.0540330156003469,-0.07759529336184041
4.690799999999996,4.690799999999996e-06,-0.09987675151938402,-0.07796226176781555
4.691600000000001,4.691600000000001e-06,-0.11135693028283189,-0.07835340431040574
4.692399999999999,4.692399999999999e-06,-0.062133901141716796,-0.07876985130761979
4.693199999999997,4.693199999999997e-06,-0.09850778501911162,-0.07921262692617456
4.6939999999999955,4.693999999999995e-06,-0.10538590579483265,-0.0796826312630786
4.694800000000001,4.6948e-06,-0.09817036651554834,-0.08018062273289073
4.695599999999999,4.695599999999999e-06,-0.08419850982068999,-0.08070720092985294
4.696399999999997,4.696399999999997e-06,-0.06836933752168495,-0.08126279021215643
4.697199999999995,4.697199999999995e-06,-0.05968893944181197,-0.08184762434209218
4.698,4.698000000000001e-06,-0.07868443816811921,-0.08246173256852146
4.6987999999999985,4.698799999999998e-06,-0.10309376670105164,-0.08310492751346274
4.699599999999997,4.6995999999999965e-06,-0.08666295251774914,-0.08377679512708062
4.700399999999995,4.700399999999995e-06,-0.08769733737443319,-0.08447668685993409
4.7012,4.7012e-06,-0.10366212031089028,-0.08520371412579276
4.701999999999998,4.701999999999998e-06,-0.0854519145121575,-0.08595674510737832
4.702799999999996,4.702799999999996e-06,-0.07019866154875332,-0.08673440396807428
4.703600000000002,4.703600000000001e-06,-0.1177508629888735,-0.08753507254748605
4.7044,4.704399999999999e-06,-0.10373569475397737,-0.08835689462081764
4.705200000000005,4.7052000000000045e-06,-0.06381097039415395,-0.08919778279175967
4.705999999999996,4.705999999999996e-06,-0.09970898827045871,-0.09005542808359436
4.706800000000001,4.706800000000001e-06,-0.06534127008047474,-0.09092731229726955
4.707599999999999,4.707599999999999e-06,-0.08895698361734294,-0.0918107231877825
4.708400000000005,4.708400000000005e-06,-0.07668999924066566,-0.09270277244062625
4.709199999999996,4.7091999999999955e-06,-0.11498720743963209,-0.09360041631160798
4.710000000000001,4.710000000000001e-06,-0.12864037028515385,-0.09450047865608258
4.710799999999999,4.710799999999999e-06,-0.12224643757911224,-0.09539967596173983
4.711599999999997,4.7115999999999965e-06,-0.07356603949923934,-0.09629464396128753
4.712399999999995,4.712399999999995e-06,-0.09889778428285301,-0.09718196545513089
4.7132000000000005,4.7132e-06,-0.09827666140150149,-0.09805819907226684
4.713999999999999,4.713999999999998e-06,-0.07083094335876927,-0.09891990875951123
4.714799999999997,4.714799999999997e-06,-0.1204732875150244,-0.09976369377231314
4.715599999999995,4.715599999999994e-06,-0.09754754243690722,-0.1005862188617061
4.7164,4.7164e-06,-0.07714751990745661,-0.10138424425082954
4.717199999999998,4.717199999999998e-06,-0.15626898302833603,-0.10215465490096548
4.717999999999996,4.717999999999996e-06,-0.10942566321262848,-0.10289448849635091
4.7187999999999946,4.7187999999999945e-06,-0.1508245132958922,-0.10360096154306507
4.7196,4.7196e-06,-0.15617365855951248,-0.10427149300860689
4.720399999999998,4.720399999999998e-06,-0.11116949752521776,-0.1049037250537587
4.721199999999996,4.7211999999999956e-06,-0.04390194531717784,-0.10549554062074812
4.721999999999994,4.721999999999994e-06,-0.10911737194912907,-0.1060450778805009
4.722799999999999,4.722799999999999e-06,-0.10633158705419343,-0.10655074170254375
4.723600000000005,4.723600000000004e-06,-0.1104655332779273,-0.10701121231631028
4.724399999999996,4.724399999999996e-06,-0.12804062040666908,-0.10742545121198861
4.725200000000001,4.725200000000001e-06,-0.1225174703425812,-0.10779270419242527
4.725999999999999,4.7259999999999985e-06,-0.10267615518008955,-0.1081125014173143
4.726800000000004,4.7268000000000044e-06,-0.15593780607611496,-0.10838465428585166
4.727599999999995,4.727599999999995e-06,-0.14378619499690803,-0.10860924905766843
4.728400000000001,4.7284e-06,-0.13869030269669191,-0.10878663720121746
4.729199999999999,4.729199999999999e-06,-0.14138851736000102,-0.10891742259919099
4.730000000000004,4.730000000000004e-06,-0.07359289771075106,-0.10900244594404788
4.730799999999995,4.730799999999995e-06,-0.09341832507896086,-0.10904276688878299
4.7316,4.7316e-06,-0.1179195733892493,-0.10903964469976699
4.732399999999998,4.732399999999998e-06,-0.10095520655612178,-0.10899451822128049
4.7331999999999965,4.7331999999999965e-06,-0.0739344772486793,-0.10890898590357874
4.733999999999995,4.733999999999995e-06,-0.0792459846922412,-0.10878478652323365
4.7348,4.7348e-06,-0.14810795329821402,-0.10862378107630677
4.735599999999998,4.7355999999999975e-06,-0.08129186871692762,-0.1084279361510525
4.736399999999996,4.736399999999996e-06,-0.11300090206943347,-0.10819930890067711
4.737199999999994,4.737199999999994e-06,-0.09609705874504582,-0.10794003358275382
4.7379999999999995,4.737999999999999e-06,-0.11359705874501591,-0.10765230952799079
4.738799999999998,4.738799999999998e-06,-0.08306142557811347,-0.10733839031836372
4.739599999999996,4.739599999999995e-06,-0.12518788194014652,-0.10700057386539293
4.740399999999994,4.740399999999994e-06,-0.15870902735101866,-0.10664119298432923
4.741199999999999,4.741199999999999e-06,-0.14292089756346937,-0.10626260598413893
4.742000000000004,4.742000000000004e-06,-0.13514967628856567,-0.10586718678586858
4.7427999999999955,4.7427999999999955e-06,-0.13197275876419168,-0.10545731419173265
4.743600000000001,4.743600000000001e-06,-0.08027488434031049,-0.10503536014665268
4.744399999999999,4.744399999999999e-06,-0.07042789545780903,-0.10460367708660688
4.745200000000004,4.745200000000004e-06,-0.12743254845949492,-0.1041645846552924
4.745999999999995,4.745999999999995e-06,-0.11075964024145257,-0.10372035612824382
4.7468,4.7468e-06,-0.13312402960400083,-0.10327320482491974
4.7475999999999985,4.747599999999998e-06,-0.1041389334634305,-0.1028252707014702
4.748400000000004,4.7484000000000035e-06,-0.05975873217056216,-0.1023786072852609
4.749199999999995,4.749199999999994e-06,-0.10629451706549764,-0.10193516914026216
4.75,4.749999999999999e-06,-0.11287985505201359,-0.10149680006991638
4.750799999999998,4.750799999999998e-06,-0.13194703621559523,-0.10106522221360104
4.751600000000003,4.751600000000003e-06,-0.10352121527344649,-0.10064202609864686
4.752399999999994,4.7523999999999945e-06,-0.06859497822789862,-0.10022866164888898
4.7532,4.7532e-06,-0.09085212785020125,-0.0998264301557213
4.753999999999998,4.753999999999997e-06,-0.12728502255065122,-0.09943647723694699
4.754800000000003,4.754800000000003e-06,-0.1325619175455045,-0.09905978677744201
4.755599999999994,4.755599999999994e-06,-0.10681691078668831,-0.09869717577600734
4.756399999999999,4.756399999999999e-06,-0.10321784138703949,-0.09834928999287622
4.757199999999997,4.757199999999997e-06,-0.12034013671477783,-0.0980166003486172
4.757999999999996,4.757999999999995e-06,-0.07830068275293833,-0.09769940013353978
4.758799999999994,4.758799999999993e-06,-0.07947483928133914,-0.09739780318342957
4.759599999999999,4.7595999999999984e-06,-0.08412493767482132,-0.09711174322308194
4.760399999999997,4.760399999999997e-06,-0.10345085701042223,-0.09684097455555903
4.761199999999995,4.761199999999995e-06,-0.09550563093512099,-0.09658507418099435
4.7620000000000005,4.762e-06,-0.1279256264292269,-0.09634344529682286
4.762799999999999,4.762799999999999e-06,-0.13335969357596356,-0.09611532202010624
4.763600000000004,4.763600000000004e-06,-0.10966057084176384,-0.09589977513272516
4.764399999999995,4.7643999999999946e-06,-0.07475930000198472,-0.09569571870260654
4.7652,4.7652e-06,-0.061452445560148616,-0.09550191755540062
4.765999999999998,4.765999999999998e-06,-0.14372283462822333,-0.0953169956871472
4.7668000000000035,4.766800000000003e-06,-0.09350022159053772,-0.09513944574301358
4.7675999999999945,4.767599999999994e-06,-0.11142180563435988,-0.094967639640688
4.7684,4.7684e-06,-0.0632032777670074,-0.0947998403656746
4.769199999999998,4.7691999999999975e-06,-0.08814899580973978,-0.09463421496093913
4.770000000000003,4.770000000000003e-06,-0.12053419034376223,-0.09446884874173972
4.770799999999994,4.770799999999994e-06,-0.10926470934656807,-0.09430176073305455
4.771599999999999,4.771599999999999e-06,-0.09027393948601825,-0.0941309202597693
4.7723999999999975,4.772399999999998e-06,-0.08949280759280853,-0.09395426457598247
4.773200000000003,4.773200000000003e-06,-0.11153093738031794,-0.0937697174254413
4.773999999999994,4.773999999999994e-06,-0.06979542513635828,-0.09357520844786951
4.774799999999999,4.774799999999999e-06,-0.08119711207955682,-0.0933686933458312
4.775599999999997,4.775599999999997e-06,-0.09205749213581327,-0.09314817469133754
4.776400000000002,4.776400000000002e-06,-0.11964581871029711,-0.09291172318029345
4.7771999999999935,4.777199999999993e-06,-0.1370206106585824,-0.0926574990476991
4.777999999999999,4.777999999999998e-06,-0.062226579559058526,-0.09238377328247996
4.778799999999997,4.7787999999999965e-06,-0.12067263784121884,-0.09208894828109251
4.779599999999995,4.779599999999995e-06,-0.09148081645734496,-0.09177157765253538
4.7804,4.7804e-06,-0.07042978746352158,-0.09143038497531009
4.781199999999998,4.781199999999998e-06,-0.11835969357593357,-0.0910642813576697
4.782000000000004,4.7820000000000035e-06,-0.07177095089801022,-0.09067238165839211
4.782799999999995,4.782799999999994e-06,-0.08581865106440778,-0.09025401920064283
4.7836,4.783599999999999e-06,-0.06870127311385166,-0.0898087587684489
4.784399999999998,4.784399999999998e-06,-0.12213957715885493,-0.08933640761532041
4.785200000000003,4.785200000000003e-06,-0.09042070905206467,-0.08883702413447689
4.785999999999994,4.785999999999994e-06,-0.1216234249891065,-0.08831092375816951
4.7867999999999995,4.7868e-06,-0.10885844526564514,-0.08775868161373468
4.787599999999998,4.787599999999997e-06,-0.10571368035274464,-0.08718113149892934
4.788400000000003,4.788400000000002e-06,-0.07589733139602195,-0.0865793608433762
4.789199999999994,4.789199999999994e-06,-0.12261260629993997,-0.0859547014624221
4.789999999999999,4.789999999999999e-06,-0.09145925494301343,-0.08530871604368226
4.790799999999997,4.790799999999997e-06,-0.10120051677099429,-0.08464318041354926
4.7916000000000025,4.7916000000000025e-06,-0.10147249438875539,-0.08396006172181031
4.7923999999999936,4.792399999999993e-06,-0.08412002029766907,-0.08326149277764242
4.793199999999999,4.7931999999999984e-06,-0.14373115669681302,-0.08254974287288286
4.793999999999997,4.793999999999997e-06,-0.04549031097223166,-0.08182718553398191
4.794800000000002,4.794800000000002e-06,-0.09038117922626365,-0.08109626375557696
4.795599999999993,4.795599999999993e-06,-0.08117838742523009,-0.08035945337927203
4.796399999999998,4.796399999999998e-06,-0.08968761756468024,-0.07961922535834931
4.797199999999997,4.797199999999996e-06,-0.09539158181200069,-0.07887800766903974
4.798000000000002,4.798000000000001e-06,-0.03839317036172707,-0.07813814761310844
4.7988,4.7988e-06,-0.07277337165459552,-0.07740187523939696
4.799599999999998,4.799599999999998e-06,-0.06003959968834549,-0.0766712685862081
4.800400000000003,4.800400000000003e-06,-0.0478380561976004,-0.07594822137190246
4.801199999999994,4.801199999999994e-06,-0.13937176057541867,-0.07523441362140657
4.802,4.801999999999999e-06,-0.06356358195925249,-0.0745312855469289
4.802799999999998,4.8027999999999975e-06,-0.06748607407393514,-0.07384001486776456
4.803600000000003,4.803600000000003e-06,-0.07773932703736952,-0.07316149770289454
4.804399999999994,4.804399999999994e-06,-0.09096901383332634,-0.0724963331842734
4.805199999999999,4.805199999999999e-06,-0.06031857520040629,-0.07184481195933543
4.805999999999997,4.805999999999997e-06,-0.10091681239320616,-0.07120690874905117
4.806800000000003,4.806800000000002e-06,-0.012856213020497442,-0.07058227911907958
4.807599999999994,4.807599999999994e-06,-0.09848565797050568,-0.06997026061523634
4.808399999999999,4.808399999999999e-06,-0.04781933154327367,-0.0693698783871819
4.809199999999997,4.809199999999997e-06,-0.08313575636398796,-0.06877985535301884
4.810000000000002,4.810000000000002e-06,-0.07107133619641948,-0.06819862685503397
4.810799999999993,4.810799999999993e-06,-0.05678002930946735,-0.06762435966071578
4.8115999999999985,4.811599999999998e-06,-0.041390597877148494,-0.06705497509530672
4.812399999999997,4.8123999999999965e-06,-0.042127850398827715,-0.06648817603669238
4.813200000000002,4.813200000000002e-06,-0.09633215488558611,-0.06592147742135634
4.813999999999993,4.813999999999992e-06,-0.07206392219869029,-0.06535223977952079
4.814799999999998,4.814799999999998e-06,-0.059301022992376384,-0.06477770516906625
4.815599999999996,4.815599999999996e-06,-0.1041389334634305,-0.06419503477425459
4.816400000000002,4.816400000000001e-06,-0.040226843934484946,-0.06360134740815698
4.8172,4.817199999999999e-06,-0.06509955536562273,-0.06299375818501027
4.817999999999998,4.817999999999998e-06,-0.09555026664950894,-0.0623694166701054
4.818800000000003,4.818800000000003e-06,-0.07508007436843855,-0.06172554384428419
4.819600000000001,4.819600000000001e-06,-0.0905767455410027,-0.0610594672422175
4.820399999999999,4.820399999999999e-06,-0.07773592234594195,-0.060368653672448314
4.8211999999999975,4.821199999999997e-06,-0.10508839643702828,-0.05965073903154641
4.822000000000003,4.822000000000002e-06,-0.0637981102683699,-0.05890355488077276
4.822799999999994,4.822799999999994e-06,-0.07435322443249659,-0.05812515164122706
4.823599999999999,4.823599999999999e-06,-0.04801905889229763,-0.05731381846162675
4.824399999999997,4.8243999999999965e-06,-0.015178235697236975,-0.056468099989106874
4.825200000000002,4.8252000000000025e-06,-0.0792885398894918,-0.055586810382627166
4.825999999999993,4.825999999999993e-06,-0.03336404312166319,-0.05466904491828764
4.826799999999999,4.826799999999998e-06,-0.0715298017174727,-0.05371418945571935
4.827599999999997,4.827599999999997e-06,-0.02270528242015335,-0.05272192791644417
4.828400000000002,4.828400000000002e-06,-0.050952369696146915,-0.05169224781867815
4.829199999999993,4.829199999999993e-06,-0.07829103651006875,-0.050625443826128325
4.829999999999998,4.829999999999998e-06,-0.0709858464819404,-0.04952211918599611
4.830799999999996,4.830799999999996e-06,-0.05746394472817096,-0.04838318486599388
4.831600000000002,4.831600000000001e-06,0.0030215675157917454,-0.04720985618911819
4.832399999999993,4.832399999999993e-06,-0.07318606579839548,-0.04600364680955382
4.833199999999998,4.833199999999998e-06,-0.047337412502176046,-0.044766359913112785
4.833999999999996,4.8339999999999956e-06,-0.036007407996272,-0.04350007650548848
4.834800000000001,4.834800000000001e-06,-0.10528263857747744,-0.04220714058902322
4.8355999999999995,4.835599999999999e-06,-0.0778548888462145,-0.040890140989349094
4.836399999999998,4.8363999999999974e-06,-0.03225740799627197,-0.03955188963010062
4.837200000000003,4.837200000000003e-06,-0.04171137224360244,-0.038195396184674574
4.838000000000001,4.838000000000001e-06,-0.0617448490294259,-0.03682383922751037
4.838799999999999,4.8387999999999985e-06,-0.07078687547577378,-0.035440534190558676
4.839599999999997,4.839599999999997e-06,-0.05338295628742462,-0.03404889855997262
4.8404000000000025,4.840400000000002e-06,-0.007083591707309211,-0.03265241485515516
4.841200000000001,4.8412e-06,-0.012293721642080313,-0.03125459205829967
4.841999999999999,4.841999999999999e-06,-0.04019922938014586,-0.029858926279739517
4.842799999999997,4.842799999999997e-06,-0.03792259876065884,-0.02846886148565239
4.843600000000002,4.843600000000002e-06,0.0013401487176619709,-0.027087751063682386
4.8444,4.8444e-06,-0.034080678983302914,-0.025718820910918552
4.845199999999998,4.845199999999998e-06,-0.01954822291580305,-0.02436513464528292
4.8459999999999965,4.8459999999999965e-06,0.021177302845858947,-0.02302956146335207
4.846800000000002,4.846800000000002e-06,-0.011816531466700364,-0.02171474707175458
4.847599999999993,4.847599999999992e-06,-0.026484786683086736,-0.020423087989801303
4.848399999999998,4.8483999999999975e-06,-0.032539976711215,-0.01915670935308708
4.849199999999996,4.849199999999996e-06,-0.01704614239865565,-0.017917446166347967
4.850000000000001,4.850000000000001e-06,-0.00855979794782713,-0.016706827812667593
4.8507999999999925,4.850799999999993e-06,-0.053384468973109445,-0.015526065555781066
4.851599999999998,4.851599999999998e-06,-0.042548298779804705,-0.014376042754967525
4.852399999999996,4.852399999999995e-06,-0.019351520938248656,-0.013257307528195289
4.853200000000001,4.853200000000001e-06,0.005890573096621221,-0.01217006765968738
4.853999999999999,4.853999999999999e-06,-0.02029190550035931,-0.011114187652791124
4.854799999999997,4.854799999999997e-06,-0.06047139550931169,-0.010089187931405591
4.855600000000003,4.855600000000002e-06,-0.0072757533306109234,-0.009094246250809332
4.856400000000001,4.856400000000001e-06,0.005731320427690312,-0.008128201414067199
4.857199999999999,4.857199999999999e-06,-0.009055901288968604,-0.007189559450865926
4.857999999999997,4.8579999999999965e-06,0.03341553930239016,-0.006276502490275268
4.858800000000002,4.858800000000002e-06,-0.009748706607694557,-0.005386900583426085
4.8596,4.8596e-06,-0.014594939147338448,-0.004518326667738701
4.8603999999999985,4.860399999999998e-06,0.029815145728451342,-0.0036680747328884655
4.861199999999997,4.861199999999997e-06,0.0011298302714561892,-0.002833181100836704
4.862000000000002,4.862000000000002e-06,0.014654380373795628,-0.0020104485986143644
4.8628,4.862799999999999e-06,-0.023274769395788875,-0.00119647327450087
4.863599999999998,4.863599999999998e-06,0.008320214833606676,-0.00038767317161318704
4.864399999999996,4.864399999999996e-06,-0.06640289017150991,0.00041968145187137873
4.8652000000000015,4.865200000000001e-06,-0.010445105129322507,0.0012294371344441918
4.866,4.866e-06,-0.02635144507421705,0.002045526107955886
4.866799999999998,4.866799999999997e-06,-0.01872907388247702,0.002871935605273185
4.867599999999996,4.8675999999999955e-06,-0.018514215081988583,0.003712677905418141
4.868400000000001,4.868400000000001e-06,0.035652451584641476,0.004571761223876661
4.869199999999992,4.869199999999992e-06,0.011695158509885228,0.005453161366128861
4.869999999999997,4.869999999999997e-06,0.006151203274322947,0.006360793939537382
4.870799999999996,4.870799999999995e-06,0.001586026763957027,0.007298486889301778
4.871600000000001,4.871600000000001e-06,-0.01844404533046895,0.00826995317708587
4.872399999999999,4.8723999999999984e-06,0.05012173579486112,0.009278763498549822
4.873199999999997,4.873199999999997e-06,0.006495431160821186,0.010328318985329425
4.874000000000002,4.874000000000002e-06,0.04651415581514795,0.011421823862865582
4.8748000000000005,4.8748e-06,-0.009262815043736938,0.012562258087143466
4.875599999999999,4.875599999999999e-06,0.011890536313219568,0.013752350090816073
4.876399999999997,4.876399999999996e-06,0.061690241132733026,0.014994549907165006
4.877200000000002,4.877200000000001e-06,0.012083833599306648,0.016291003064808976
4.878,4.878e-06,0.001152527448642915,0.017643525752063814
4.878799999999998,4.878799999999998e-06,0.002840755629644476,0.019053581863186154
4.879599999999996,4.8795999999999964e-06,-0.010437727914994976,0.020522262650862627
4.880400000000002,4.880400000000002e-06,-0.016623043371990276,0.022050269763733317
4.8812,4.8812e-06,-0.03104145031633987,0.023637902398395964
4.881999999999998,4.8819999999999975e-06,0.028664254208700224,0.02528504913945922
4.882799999999996,4.882799999999996e-06,0.05766050927780475,0.026991184825024966
4.883600000000001,4.883600000000001e-06,0.027379453248586594,0.028755372516058347
4.884399999999999,4.884399999999999e-06,0.0012998648461520768,0.030576270455515524
4.8851999999999975,4.885199999999998e-06,-0.008308434693017008,0.032452143832817845
4.885999999999996,4.885999999999995e-06,0.015463694652777193,0.03438088117443231
4.886800000000001,4.8868e-06,0.03679577967578873,0.036360015151929936
4.887599999999999,4.887599999999999e-06,0.02515067452349029,0.038386747477794164
4.888399999999997,4.888399999999997e-06,0.06339700545665661,0.04045797738931174
4.889199999999995,4.8891999999999955e-06,0.0154790146156365,0.042570333082156436
4.890000000000001,4.890000000000001e-06,0.05963111766230467,0.04472020538854344
4.890799999999992,4.890799999999991e-06,0.034250576130038124,0.04690378298734279
4.891599999999997,4.8915999999999965e-06,0.05295594041558016,0.04911708845085557
4.892400000000002,4.892400000000002e-06,0.07993279035159218,0.05135601445282074
4.8932,4.8932e-06,0.05775621306661616,0.053616359488344936
4.893999999999998,4.893999999999998e-06,0.0621036939165186,0.05589386251028323
4.8947999999999965,4.894799999999996e-06,0.054605206602273415,0.058184235983641835
4.895600000000002,4.895600000000002e-06,0.04809987312162167,0.060483196986153835
4.8964,4.896399999999999e-06,0.08711277232793574,0.06278649610113046
4.897199999999998,4.897199999999998e-06,0.06855342126558261,0.06508994393086732
4.897999999999996,4.897999999999996e-06,0.03675662917004563,0.06738943511442627
4.898800000000001,4.898800000000001e-06,0.1214350984607343,0.06968096978931933
4.8995999999999995,4.8996e-06,0.03173298713849659,0.07196067250134101
4.900399999999998,4.900399999999997e-06,0.10912782791542869,0.0742248086317851
4.901199999999996,4.9011999999999955e-06,0.03646441421223301,0.07646979847451388
4.902000000000001,4.902000000000001e-06,0.06188524191312783,0.07869222915593628
4.902799999999999,4.902799999999999e-06,0.05241595770297802,0.08088886462760927
4.903599999999997,4.903599999999997e-06,0.07284510747246264,0.08305665394083364
4.904399999999995,4.904399999999995e-06,0.10886417236628732,0.08519273792259377
4.905200000000001,4.9052e-06,0.11218918363099761,0.08729445424450805
4.905999999999999,4.9059999999999984e-06,0.07126052582887421,0.08935934078021351
4.906799999999997,4.906799999999997e-06,0.10714662843378708,0.09138513714017002
4.907599999999995,4.907599999999995e-06,0.09462166222801799,0.09336978435349745
4.9084,4.9084e-06,0.10102599751979663,0.09531142277933265
4.9091999999999985,4.909199999999998e-06,0.10530538913522686,0.09720838843044516
4.909999999999997,4.909999999999996e-06,0.10023370669795245,0.09905920797714728
4.910800000000002,4.910800000000001e-06,0.09212298640223804,0.10086259278347394
4.9116,4.9116e-06,0.06639821698347348,0.10261743240884806
4.912400000000005,4.912400000000005e-06,0.10751941572885654,0.10432278806627668
4.913199999999996,4.9131999999999964e-06,0.09904971541527724,0.10597788653522329
4.9140000000000015,4.9140000000000016e-06,0.11080054762213615,0.10758211497715739
4.9148,4.914799999999999e-06,0.06580678917357852,0.10913501702506205
4.915599999999998,4.9155999999999975e-06,0.10013422119483423,0.11063629045120818
4.916399999999996,4.916399999999996e-06,0.07870681170299909,0.11208578665579892
4.917200000000001,4.917200000000001e-06,0.10333875327361719,0.1134835121256963
4.917999999999999,4.917999999999999e-06,0.09079922344781627,0.11482963186904095
4.918799999999997,4.918799999999997e-06,0.15762779113195713,0.11612447466000103
4.9195999999999955,4.919599999999995e-06,0.12034567530395524,0.11736853977161528
4.920400000000001,4.9204e-06,0.1101875582978396,0.11856250478069198
4.921199999999999,4.921199999999999e-06,0.06902115600660597,0.11970723402442354
4.921999999999997,4.921999999999997e-06,0.10269171933213445,0.12080378734221386
4.922799999999995,4.922799999999995e-06,0.13797901691282488,0.12185342876081545
4.9236,4.923600000000001e-06,0.11282392527811891,0.12285763471427084
4.924399999999999,4.924399999999998e-06,0.13585256055082173,0.12381810126436904
4.925199999999997,4.9251999999999965e-06,0.1343493075873175,0.12473674968874818
4.925999999999995,4.925999999999995e-06,0.11913028775253398,0.12561572978226002
4.9268,4.9268e-06,0.1491544976154756,0.12645742026113965
4.927599999999998,4.927599999999998e-06,0.1176714819920529,0.1272644257368681
4.928399999999996,4.928399999999996e-06,0.11376847087459435,0.12803956981540474
4.9291999999999945,4.929199999999994e-06,0.17629759811465834,0.12878588396408144
4.93,4.929999999999999e-06,0.141207191023057,0.12950659186555757
4.930800000000005,4.9308000000000045e-06,0.13203920018203696,0.13020508905919165
4.931599999999996,4.931599999999996e-06,0.1935638261484081,0.13088491778868055
4.932400000000001,4.932400000000001e-06,0.11789901240686079,0.13154973715027826
4.933199999999999,4.933199999999999e-06,0.10719504815957037,0.13220328885369556
4.934000000000005,4.934000000000005e-06,0.1263456385204837,0.13284935913138857
4.934799999999996,4.9347999999999955e-06,0.16165657813262307,0.13349173750900822
4.935600000000001,4.935600000000001e-06,0.12832948635076535,0.1341341732387242
4.936399999999999,4.936399999999999e-06,0.12810479279593234,0.13478033021926392
4.937199999999997,4.9371999999999965e-06,0.08098117329390392,0.13543374124543245
4.937999999999995,4.937999999999995e-06,0.09426514204715847,0.13609776245937608
4.9388000000000005,4.9388e-06,0.1832160050590078,0.1367755288560323
4.939599999999999,4.939599999999998e-06,0.15952028701627546,0.13746991158014066
4.940399999999997,4.940399999999997e-06,0.1394548461304433,0.1381834775953632
4.941199999999995,4.941199999999994e-06,0.12537442552114964,0.13891845222538457
4.942,4.942e-06,0.12967405447666136,0.1396766851161061
4.942799999999998,4.942799999999998e-06,0.13795783471848122,0.14045962027976347
4.943599999999996,4.943599999999996e-06,0.12487359331429071,0.14126827095581848
4.944399999999995,4.9443999999999945e-06,0.09289749972120603,0.1421032000248999
4.9452,4.9452e-06,0.10327860908486519,0.1429645066563422
4.945999999999998,4.945999999999998e-06,0.13406806304673452,0.14385181975777592
4.946799999999996,4.9467999999999956e-06,0.11561368269591465,0.144764298609029
4.947599999999994,4.947599999999994e-06,0.12791281968406543,0.14570064081453094
4.9483999999999995,4.948399999999999e-06,0.13922939623278285,0.14665909745020908
4.949200000000005,4.949200000000004e-06,0.15620492199447483,0.147637495058135
4.949999999999996,4.949999999999996e-06,0.1568156422900892,0.14863326397124144
4.950800000000001,4.950800000000001e-06,0.12526170057231945,0.14964347233979045
4.951599999999999,4.9515999999999985e-06,0.1645076154019562,0.15066486518656397
4.952400000000004,4.9524000000000045e-06,0.1416743579326878,0.15169390782050687
4.953199999999995,4.953199999999995e-06,0.15992844310295107,0.15272683295324885
4.954000000000001,4.954e-06,0.14736224587419144,0.15375969087193403
4.954799999999999,4.954799999999999e-06,0.10841838075661181,0.1547884020303495
4.955600000000004,4.955600000000004e-06,0.1538662551805231,0.155808811424771
4.956399999999995,4.956399999999995e-06,0.16155539143241532,0.15681674409400276
4.9572,4.9572e-06,0.15259809835758897,0.15780806100611103
4.957999999999998,4.957999999999998e-06,0.17928140916146834,0.15877871449483053
4.9587999999999965,4.9587999999999965e-06,0.15745965086016234,0.15972480234312067
4.959599999999995,4.959599999999995e-06,0.1334628279596351,0.1606426196108615
4.9604,4.9604e-06,0.1590637135010049,0.16152870734986777
4.961199999999998,4.9611999999999975e-06,0.2309639636224204,0.1623798973977649
4.961999999999996,4.961999999999996e-06,0.15393226389784792,0.163193352470486
4.962799999999994,4.962799999999994e-06,0.16854756133118665,0.16396660081677145
4.9636,4.963599999999999e-06,0.19295688986411907,0.1646975648113253
4.964399999999998,4.964399999999998e-06,0.17702066633633334,0.16538458304149772
4.965199999999996,4.965199999999995e-06,0.18936141366733245,0.1660264256328358
4.965999999999994,4.965999999999994e-06,0.1551487871120545,0.16662230273774345
4.966799999999999,4.966799999999999e-06,0.1724721339630469,0.16717186628966496
4.967599999999997,4.967599999999997e-06,0.17607876908839792,0.16767520529624919
4.9683999999999955,4.9683999999999955e-06,0.13627774009463456,0.16813283508121318
4.969200000000001,4.969200000000001e-06,0.1999469792458431,0.16854568097216793
4.969999999999999,4.969999999999999e-06,0.1536852524857859,0.16891505697896275
4.970800000000004,4.970800000000004e-06,0.18001866168311753,0.16924264003225095
4.971599999999995,4.971599999999995e-06,0.17179105540437806,0.16953044037640683
4.9724,4.9724e-06,0.15444822755613152,0.1697807687495917
4.9731999999999985,4.973199999999998e-06,0.13830263043637203,0.16999620103144875
4.974000000000004,4.9740000000000035e-06,0.1591590379697284,0.17017954107013505
4.974799999999995,4.974799999999994e-06,0.12726824557968797,0.1703337823821681
4.9756,4.975599999999999e-06,0.13172977555274074,0.17046206932856678
4.976399999999998,4.976399999999998e-06,0.21196354751899082,0.17056765821085695
4.977200000000003,4.977200000000003e-06,0.19099384720541163,0.17065387853016822
4.977999999999994,4.9779999999999945e-06,0.16695654962472123,0.1707240944747857
4.9788,4.9788e-06,0.16747610648590688,0.17078166662364563
4.979599999999998,4.979599999999997e-06,0.20014859860061973,0.1708299138997023
4.980400000000003,4.980400000000003e-06,0.19613361887715824,0.17087207592229042
4.981199999999994,4.981199999999994e-06,0.16575931889623413,0.17091127603230996
4.981999999999999,4.981999999999999e-06,0.14984957425987216,0.17095048539575286
4.9827999999999975,4.982799999999997e-06,0.15771687634642673,0.17099248873555314
4.983599999999996,4.983599999999995e-06,0.13210956074217983,0.17103985235651456
4.984399999999994,4.984399999999993e-06,0.13766959228352865,0.1710948951537835
4.985199999999999,4.9851999999999985e-06,0.16185006622733328,0.17115966321126114
4.985999999999997,4.985999999999997e-06,0.1524677844173173,0.17123590842481437
4.986799999999995,4.986799999999995e-06,0.1612845494774695,0.17132507137022732
4.9876000000000005,4.9876e-06,0.18573094799909762,0.17142826842784364
4.988399999999999,4.988399999999999e-06,0.17954695671632248,0.17154628301426084
4.989200000000004,4.989200000000004e-06,0.15902040196086697,0.171679560675928
4.989999999999995,4.9899999999999946e-06,0.1967220213156437,0.17182820777353358
4.9908,4.9908e-06,0.20965060325373558,0.17199199351734284
4.991599999999998,4.991599999999998e-06,0.11650167730654021,0.17217035518357657
4.9924000000000035,4.992400000000003e-06,0.12057434367873682,0.1723624064369208
4.9931999999999945,4.993199999999994e-06,0.2050789966803927,0.172566948768483
4.994,4.994e-06,0.1503392475381667,0.1727824860629111
4.994799999999998,4.9947999999999975e-06,0.14880043727182146,0.1730072422066533
4.995600000000003,4.995600000000003e-06,0.2056577528760684,0.17323918150620635
4.996399999999994,4.996399999999994e-06,0.18802006172146912,0.1734760315782608
4.997199999999999,4.997199999999999e-06,0.15002055368883016,0.1737153083257364
4.9979999999999976,4.997999999999998e-06,0.19059930988450585,0.17395434262287862
4.998800000000003,4.998800000000003e-06,0.16099725189677905,0.1741903083883831
4.999599999999994,4.999599999999994e-06,0.17288312690969732,0.17442025179194728
5.000399999999999,5.000399999999999e-06,0.15925474175850973,0.17464112138127813
5.001199999999997,5.001199999999997e-06,0.15318498811041964,0.17484979892694574
5.0020000000000024,5.002000000000002e-06,0.20986754257137158,0.17504313076582778
5.0027999999999935,5.002799999999993e-06,0.19802214223861653,0.17521795938610896
5.003599999999999,5.003599999999998e-06,0.15683890729876876,0.17537115496765915
5.004399999999997,5.0043999999999965e-06,0.1583985227365881,0.17549964661601014
5.005199999999995,5.005199999999995e-06,0.18880251778896892,0.17560045310905809
5.006,5.006e-06,0.12945579328189383,0.1756707130548928
5.006799999999998,5.006799999999998e-06,0.17487870149993612,0.1757077143797414
5.007600000000004,5.0076000000000035e-06,0.18385471922908914,0.17570892302121646
5.008399999999995,5.008399999999994e-06,0.162393265119968,0.1756720106203553
5.0092,5.009199999999999e-06,0.17313335450169198,0.17559488091929729
5.009999999999998,5.009999999999998e-06,0.18032241488955256,0.17547569451012607
5.010800000000003,5.010800000000003e-06,0.18537253581252539,0.17531289155398977
5.011599999999994,5.011599999999994e-06,0.19151189138084257,0.17510521208943305
5.0123999999999995,5.0124e-06,0.18081492502782187,0.1748517135757186
5.013199999999998,5.013199999999997e-06,0.17569387801040195,0.174551785382421
5.014000000000003,5.014000000000002e-06,0.1550859945747624,0.17420516003701136
5.014799999999994,5.014799999999994e-06,0.18243506397435116,0.17381192114840466
5.015599999999999,5.015599999999999e-06,0.15412253581252539,0.17337250800026377
5.016399999999997,5.016399999999997e-06,0.13674490700426534,0.1728877168346417
5.0172000000000025,5.0172000000000025e-06,0.18279669234095614,0.1723586988262957
5.017999999999994,5.017999999999993e-06,0.17482025850837357,0.17178695468704078
5.018799999999999,5.0187999999999984e-06,0.22234314419699516,0.17117432575328373
5.019599999999997,5.019599999999997e-06,0.16074815996766967,0.17052298134609162
5.020400000000002,5.020400000000002e-06,0.18709480861071315,0.16983540221306484
5.021199999999993,5.021199999999993e-06,0.14836296543364724,0.1691143599792895
5.0219999999999985,5.021999999999998e-06,0.19679502792723821,0.1683628926975147
5.022799999999997,5.022799999999996e-06,0.15007199878612307,0.16758427672676024
5.023600000000002,5.023600000000001e-06,0.17066191391036317,0.16678199525880744
5.0244,5.0244e-06,0.12486754257137156,0.16595970386856657
5.025199999999998,5.025199999999998e-06,0.1974335512886964,0.16512119349670001
5.026000000000003,5.026000000000003e-06,0.13310422726162813,0.1642703512704774
5.026799999999994,5.026799999999994e-06,0.17581416868499444,0.16341111953187104
5.0276,5.027599999999999e-06,0.17405652709520059,0.1625474533969934
5.028399999999998,5.0283999999999975e-06,0.1659562093853233,0.1616832771466056
5.029200000000003,5.029200000000003e-06,0.1822833770312126,0.16082243975709065
5.029999999999994,5.029999999999994e-06,0.13798658493567562,0.15996866993050843
5.030799999999999,5.030799999999999e-06,0.17520080004074007,0.15912553106561508
5.031599999999997,5.031599999999997e-06,0.11459367294792783,0.15829637670288899
5.032400000000003,5.032400000000003e-06,0.13937162774163492,0.1574843070384304
5.033199999999994,5.033199999999994e-06,0.2054408135584324,0.15669212710550595
5.033999999999999,5.033999999999999e-06,0.11349384720541161,0.15592230716780822
5.034799999999997,5.034799999999997e-06,0.14706643771357658,0.1551769457932543
5.035600000000002,5.035600000000002e-06,0.21797977555274067,0.15445773602857976
5.036399999999993,5.036399999999993e-06,0.16402456299516183,0.15376593508670755
5.037199999999999,5.037199999999998e-06,0.13418249148984274,0.15310233799223566
5.037999999999997,5.0379999999999965e-06,0.1278976905297292,0.15246725572366304
5.038800000000002,5.038800000000002e-06,0.16408641067819185,0.151860498526736
5.039599999999993,5.039599999999992e-06,0.15145912210932966,0.15128136517328183
5.040399999999998,5.040399999999998e-06,0.12001658116597008,0.15072863895403538
5.041199999999996,5.041199999999996e-06,0.07351200402824576,0.15020059115123197
5.042000000000002,5.042000000000001e-06,0.09829771305924984,0.14969499266326602
5.0428,5.042799999999999e-06,0.10649127472080311,0.14920913430262003
5.043599999999998,5.043599999999998e-06,0.11871929710307205,0.1487398559979239
5.044400000000003,5.044400000000003e-06,0.12038936846113951,0.14828358471797506
5.045200000000001,5.045200000000001e-06,0.14199210692766207,0.14783638049047432
5.045999999999999,5.045999999999999e-06,0.20012022770338322,0.14739398949970947
5.0467999999999975,5.046799999999997e-06,0.17139595025197973,0.14695190296792998
5.047600000000003,5.047600000000002e-06,0.13146763268935413,0.14650542039304965
5.048399999999994,5.048399999999994e-06,0.14130346264323101,0.14604971574686088
5.049199999999999,5.049199999999999e-06,0.13381745843187032,0.1455799053799455
5.049999999999997,5.0499999999999965e-06,0.15414012480396688,0.14509111652197065
5.050800000000002,5.0508000000000025e-06,0.14349744040821377,0.144578555333931
5.051599999999993,5.051599999999993e-06,0.1720492257449046,0.14403757347490542
5.052399999999999,5.052399999999998e-06,0.10893358807206793,0.14346373214749897
5.053199999999997,5.053199999999997e-06,0.13108784749991503,0.14285286261791774
5.054000000000002,5.054000000000002e-06,0.17895098855217478,0.14220112225469272
5.054799999999993,5.054799999999993e-06,0.16625277388886556,0.14150504516054024
5.055599999999998,5.055599999999998e-06,0.1765559592638079,0.14076158649068404
5.0563999999999965,5.056399999999996e-06,0.185754022199154,0.1399681596205885
5.057200000000002,5.057200000000001e-06,0.10072546279048272,0.13912266550131763
5.057999999999993,5.057999999999993e-06,0.17214587438804807,0.13822351380502323
5.058799999999998,5.058799999999998e-06,0.13586391028790934,0.13726963573988832
5.059599999999996,5.0595999999999956e-06,0.12305089015862253,0.13626048863045875
5.060400000000001,5.060400000000001e-06,0.15970299320529063,0.13519605249748473
5.0611999999999995,5.061199999999999e-06,0.16180996857013957,0.1340768189601117
5.061999999999998,5.0619999999999974e-06,0.12418967789554713,0.1329037728601027
5.062800000000003,5.062800000000003e-06,0.12902134681512917,0.13167836710214822
5.063600000000001,5.063600000000001e-06,0.12167927530980999,0.13040249132422227
5.064399999999999,5.064399999999999e-06,0.145244111580778,0.12907843512756662
5.065199999999997,5.065199999999997e-06,0.1266855168612523,0.12770884666947419
5.0660000000000025,5.066000000000002e-06,0.13028458626094103,0.12629668745659575
5.066800000000001,5.0668e-06,0.1497559509882383,0.12484518420769634
5.067599999999999,5.067599999999999e-06,0.10462034035078638,0.12335777870736805
5.068399999999997,5.068399999999997e-06,0.044408886241765255,0.12183807664257743
5.069200000000002,5.069200000000002e-06,0.13717594648237413,0.1202897964689231
5.07,5.07e-06,0.11191796465318238,0.11871671933565
5.070799999999998,5.070799999999998e-06,0.11256064904893542,0.11712264097794535
5.0715999999999966,5.0715999999999965e-06,0.08656390201243969,0.11551132631329494
5.072400000000002,5.072400000000002e-06,0.07847058219673203,0.11388646733656729
5.073199999999993,5.073199999999992e-06,0.11741879686004131,0.11225164480684181
5.073999999999998,5.0739999999999975e-06,0.07189091793026592,0.11061029410521792
5.074799999999996,5.074799999999996e-06,0.13558171859587598,0.10896567548853381
5.075600000000001,5.075600000000001e-06,0.09339757558513756,0.1073208487970626
5.0763999999999925,5.076399999999993e-06,0.08835728941650922,0.10567865253884477
5.077199999999998,5.077199999999998e-06,0.13695484613044323,0.10404168718988362
5.077999999999996,5.077999999999995e-06,0.08122459150306377,0.10241230250990571
5.078800000000001,5.078800000000001e-06,0.09415865864977052,0.10079258866076597
5.079599999999999,5.079599999999999e-06,0.10046558895557833,0.09918437091845952
5.080399999999997,5.080399999999997e-06,0.09824248395053164,0.09758920777785364
5.081200000000003,5.081200000000002e-06,0.08714549506799019,0.09600839224590542
5.082000000000001,5.082000000000001e-06,0.07502528025742933,0.09444295610326257
5.082799999999999,5.082799999999999e-06,0.11684363386736785,0.09289367689496551
5.083599999999997,5.0835999999999965e-06,0.09138743737486682,0.09136108738883089
5.084400000000002,5.084400000000002e-06,0.05520344609219169,0.08984548721732125
5.0852,5.0852e-06,0.08229585783690874,0.08834695640737944
5.0859999999999985,5.085999999999998e-06,0.0964708465721984,0.08686537049588694
5.086799999999997,5.086799999999997e-06,0.07642148199205295,0.08540041689704904
5.087600000000002,5.087600000000002e-06,0.0991030525181828,0.08395161212915159
5.0884,5.0883999999999994e-06,0.09382899438330428,0.08251831945981349
5.089199999999998,5.089199999999998e-06,0.11354585783690868,0.08109976652636736
5.089999999999996,5.089999999999996e-06,0.055990251705421046,0.07969506253998479
5.0908000000000015,5.090800000000001e-06,0.07235713768854601,0.0783032147807893
5.0916,5.0916e-06,0.10084688683077209,0.0769231442088753
5.092399999999998,5.092399999999997e-06,0.0661043008284713,0.07555370010986151
5.093199999999996,5.0931999999999956e-06,0.04291849340411502,0.07419367374421834
5.094000000000001,5.094000000000001e-06,0.07822243512188481,0.0728418109930634
5.094799999999992,5.094799999999992e-06,0.06840268147379458,0.0714968239969288
5.0955999999999975,5.0955999999999974e-06,0.07922561222135749,0.07015740175571854
5.096399999999996,5.096399999999996e-06,0.0806488606788976,0.06882221960857046
5.097200000000001,5.097200000000001e-06,0.05961523216514103,0.06748994748303946
5.097999999999999,5.0979999999999985e-06,0.11147443977510069,0.06615925682161831
5.098799999999997,5.098799999999997e-06,0.06333383589649494,0.06482882615674504
5.099600000000002,5.099600000000002e-06,0.04427989417862521,0.06349734540266813
5.1004000000000005,5.1004e-06,0.07525659238657406,0.062163519053975935
5.101199999999999,5.101199999999999e-06,0.053379795785172934,0.06082606859825254
5.101999999999997,5.101999999999996e-06,0.0404568875670307,0.05948373452679789
5.102800000000002,5.102800000000001e-06,0.04749709787172751,0.05813527835129113
5.1036,5.1036e-06,0.03597039138820901,0.056779485017941125
5.104399999999998,5.104399999999998e-06,0.051832851961572834,0.055415166058970525
5.105199999999996,5.1051999999999965e-06,0.0757192189419521,0.05404116373528181
5.106000000000002,5.106000000000002e-06,0.023989948249394655,0.05265635632533393
5.1068,5.1068e-06,0.004174355635499394,0.051259664637138935
5.107599999999998,5.1075999999999975e-06,0.06712790377946021,0.04985005976776186
5.108399999999996,5.108399999999996e-06,0.055502847455708715,0.04842657206971421
5.109200000000001,5.109200000000001e-06,-0.006310400265572891,0.04698830117802696
5.109999999999999,5.109999999999999e-06,0.06530746965237427,0.045534426832408735
5.110799999999998,5.110799999999998e-06,0.011064959514105022,0.04406422013059946
5.111599999999996,5.111599999999995e-06,0.07142602004921722,0.04257705476236506
5.112400000000001,5.1124e-06,0.059936762874452265,0.04107241768364097
5.113199999999999,5.113199999999999e-06,0.09903250344660525,0.03954991862656582
5.113999999999997,5.113999999999997e-06,0.032046575099276164,0.03800929785855221
5.114799999999995,5.1147999999999955e-06,0.0371655415995486,0.036450431734451706
5.115600000000001,5.115600000000001e-06,0.0325648077861419,0.03487333580427168
5.116399999999992,5.116399999999991e-06,-0.00943927738412148,0.03327816546211174
5.117199999999997,5.1171999999999965e-06,0.02247307652022057,0.03166521426394789
5.118000000000002,5.118000000000002e-06,0.06537366688113383,0.030034910067597894
5.1188,5.1188e-06,0.02660153753533956,0.02838780908435529
5.119599999999998,5.119599999999998e-06,0.05659378329824255,0.026724587851315165
5.1203999999999965,5.120399999999996e-06,0.008950606935028471,0.025046033115272
5.121200000000002,5.121200000000002e-06,0.035689523870395534,0.02335302968843644
5.122,5.121999999999999e-06,0.0045683251250124846,0.021646546450545152
5.122799999999998,5.122799999999998e-06,0.006694025144188265,0.019927620770984956
5.123599999999996,5.123599999999996e-06,0.02373915282600736,0.01819734167498146
5.124400000000001,5.124400000000001e-06,0.00542038311263926,0.01645683207666765
5.1251999999999995,5.1252e-06,-0.025879549298898907,0.014707230363975672
5.125999999999998,5.125999999999997e-06,0.05745151500591905,0.012949671563864602
5.126799999999996,5.1267999999999955e-06,0.05496059341733606,0.011185268252574047
5.127600000000001,5.127600000000001e-06,0.0024114173486253776,0.009415091329078237
5.128399999999999,5.128399999999999e-06,0.0004699362042194233,0.007640150793952971
5.129199999999997,5.129199999999997e-06,0.016164065697265473,0.005861376796046071
5.1299999999999955,5.129999999999995e-06,-0.059386698921131686,0.004079601366729235
5.130800000000001,5.1308e-06,-0.001608479751958325,0.0022955413610773745
5.131599999999999,5.1315999999999984e-06,0.03065642410747149,0.0005097831183657926
5.132399999999997,5.132399999999997e-06,0.030098473083370103,-0.0012772307409354058
5.133199999999995,5.133199999999995e-06,-0.03364452902236015,-0.0030652120737506908
5.134,5.134e-06,-0.012372211165131208,-0.004854035256650395
5.1347999999999985,5.134799999999998e-06,-0.025734103907102512,-0.006643742189070455
5.135599999999997,5.135599999999996e-06,-0.06056917751815205,-0.008434543879132155
5.136400000000002,5.136400000000001e-06,-0.029004833214545167,-0.010226818260756238
5.1372,5.1372e-06,-0.044350573786798186,-0.012021104024518437
5.138000000000005,5.138000000000005e-06,-0.014182242706380133,-0.013818090462076597
5.138799999999996,5.1387999999999964e-06,-0.02333283306729339,-0.01561860358208135
5.1396000000000015,5.139600000000002e-06,-0.017460537739585225,-0.017423588999510888
5.1404,5.140399999999999e-06,0.008316433119299749,-0.019234092283592828
5.141199999999998,5.1411999999999975e-06,0.0067791355386094265,-0.02105123755042772
5.141999999999996,5.141999999999996e-06,-0.01052737866376896,-0.02287620509904634
5.142800000000001,5.142800000000001e-06,-0.03993197833101381,-0.024710208812847374
5.143599999999999,5.143599999999999e-06,-0.007054273658722132,-0.026554473903180793
5.144399999999997,5.144399999999997e-06,-0.024385186235476808,-0.028410215412051
5.1451999999999956,5.145199999999995e-06,-0.007047275764352601,-0.030278617765619565
5.146000000000001,5.146e-06,-0.0468963451640414,-0.032160815580096445
5.146799999999999,5.146799999999999e-06,-0.013692380916750957,-0.034057875835779995
5.147599999999997,5.147599999999997e-06,-0.03605733811069178,-0.03597078144014512
5.148399999999995,5.148399999999995e-06,-0.015941964813321552,-0.037900416108772914
5.1492,5.149200000000001e-06,-0.10100021929344916,-0.03984755041151501
5.149999999999999,5.149999999999998e-06,-0.03545985726078926,-0.04181282876318634
5.150799999999997,5.1507999999999965e-06,-0.048658904130957414,-0.043796757106384185
5.151599999999995,5.151599999999995e-06,-0.06375555277400091,-0.04579969106965539
5.1524,5.1524e-06,-0.02995410767670803,-0.047821824477495084
5.153199999999998,5.153199999999998e-06,-0.08502011639403295,-0.049863178189724786
5.153999999999996,5.153999999999996e-06,-0.05452760625576358,-0.05192358932238425
5.1547999999999945,5.154799999999994e-06,-0.03934395521248624,-0.0540027009579073
5.1556,5.155599999999999e-06,-0.06321991960702855,-0.05609995250890436
5.156400000000005,5.1564000000000045e-06,-0.07587633541595451,-0.05821457095535509
5.157199999999996,5.157199999999996e-06,-0.06709928869303805,-0.06034556321223694
5.158000000000001,5.158000000000001e-06,-0.08857738693933848,-0.06249170990758407
5.158799999999999,5.158799999999999e-06,-0.015647480826926574,-0.06465156088890968
5.159600000000005,5.159600000000005e-06,-0.04899821464023346,-0.06682343283745085
5.160399999999996,5.1603999999999955e-06,-0.05966945844465765,-0.06900540941222108
5.161200000000001,5.161200000000001e-06,-0.04759652769709488,-0.0711953443092422
5.161999999999999,5.161999999999999e-06,-0.12057579838955224,-0.07339086749240356
5.162799999999997,5.1627999999999965e-06,-0.06664706472349713,-0.07558939468656135
5.163599999999995,5.163599999999995e-06,-0.04771625054019457,-0.07778814009910034
5.1644000000000005,5.1644e-06,-0.06769733737443318,-0.07998413228797092
5.165199999999999,5.165199999999998e-06,-0.08565712706973627,-0.08217423308368484
5.165999999999997,5.165999999999997e-06,-0.06994484075385632,-0.08435515943049107
5.166799999999995,5.166799999999994e-06,-0.07978691225917545,-0.0865235079152274
5.1676,5.1676e-06,-0.09901750712605295,-0.08867578163705502
5.168399999999998,5.168399999999998e-06,-0.10272722095732445,-0.09080841897456456
5.1691999999999965,5.169199999999996e-06,-0.0697806707077332,-0.09291782374031766
5.169999999999995,5.1699999999999945e-06,-0.10131229456837387,-0.0950003961790305
5.1708,5.1708e-06,-0.12533427218620496,-0.0970525642562044
5.171599999999998,5.171599999999998e-06,-0.10828498347009108,-0.09907081468165549
5.172399999999996,5.1723999999999956e-06,-0.13155646912036123,-0.10105172312151203
5.173199999999994,5.173199999999994e-06,-0.12806445094955288,-0.10299198310534186
5.1739999999999995,5.173999999999999e-06,-0.08640062114292779,-0.10488843325210119
5.174800000000005,5.174800000000004e-06,-0.11774726978597128,-0.10673808260000991
5.175599999999996,5.175599999999996e-06,-0.09270206624012056,-0.1085381339842267
5.176400000000001,5.176400000000001e-06,-0.09623285789390246,-0.11028600551424453
5.177199999999999,5.177199999999999e-06,-0.09863961394232645,-0.11197935023633666
5.178000000000004,5.1780000000000045e-06,-0.12677964998943947,-0.11361607403179017
5.178799999999995,5.178799999999995e-06,-0.14120013745103632,-0.1151943517245427
5.179600000000001,5.1796e-06,-0.11755378398834959,-0.11671264129304319
5.180399999999999,5.180399999999999e-06,-0.08266650893717975,-0.11816969604781999
5.181200000000004,5.181200000000004e-06,-0.11073618672133845,-0.1195645746602712
5.181999999999995,5.181999999999995e-06,-0.10335515322161093,-0.12089664895876491
5.1828,5.1828e-06,-0.1533661236388406,-0.1221656093782157
5.183599999999998,5.183599999999998e-06,-0.1534344013846476,-0.1233714678536004
5.184399999999997,5.1843999999999965e-06,-0.12770755144873547,-0.12451455785611115
5.185199999999995,5.185199999999995e-06,-0.15920305017504277,-0.125595531262145
5.186,5.186e-06,-0.12411472360048892,-0.12661535184111267
5.186799999999998,5.1867999999999975e-06,-0.14978105002779107,-0.12757528530714793
5.187599999999996,5.187599999999996e-06,-0.10964960042463412,-0.1284768860475815
5.188399999999994,5.188399999999994e-06,-0.1192246116893444,-0.12932198078322502
5.1892,5.189199999999999e-06,-0.12557617770961016,-0.13011264951112778
5.189999999999998,5.189999999999998e-06,-0.1657840386157291,-0.13085120411431977
5.190799999999996,5.190799999999995e-06,-0.10214468304741176,-0.13154016500416665
5.191599999999994,5.191599999999994e-06,-0.14472601172759603,-0.13218223613015204
5.192399999999999,5.192399999999999e-06,-0.11933374343527237,-0.13278027868397976
5.193199999999997,5.193199999999997e-06,-0.15455768064727804,-0.13333728383245377
5.1939999999999955,5.1939999999999955e-06,-0.16711196260454575,-0.13385634481349115
5.194800000000001,5.194800000000001e-06,-0.13835572105310345,-0.13434062873213942
5.195599999999999,5.195599999999999e-06,-0.12295229383211537,-0.134793348436611
5.196400000000004,5.196400000000004e-06,-0.06114717966801875,-0.13521773494786696
5.197199999999995,5.197199999999995e-06,-0.15403944796031233,-0.1356170110034735
5.198,5.198e-06,-0.12358665615927888,-0.13599436626904735
5.1987999999999985,5.198799999999998e-06,-0.13236653974227008,-0.1363529346382183
5.199600000000004,5.1996000000000035e-06,-0.13021927820879275,-0.13669577385070422
5.200399999999995,5.200399999999994e-06,-0.156559685300394,-0.13702584749843422
5.2012,5.2011999999999994e-06,-0.11110821767368051,-0.13734600939389308
5.201999999999998,5.201999999999998e-06,-0.15322351510701904,-0.13765899022477127
5.202800000000003,5.202800000000003e-06,-0.15248550624254253,-0.1379673863925372
5.2035999999999945,5.2035999999999945e-06,-0.13357965826500917,-0.13827365091922256
5.2044,5.2044e-06,-0.12628619499690807,-0.1385800863075602
5.205199999999998,5.205199999999997e-06,-0.1498922622908665,-0.13888883925751722
5.206000000000003,5.206000000000003e-06,-0.12494503156237946,-0.13920189716275747
5.206799999999994,5.206799999999994e-06,-0.10106017726785499,-0.139521086309532
5.207599999999999,5.207599999999999e-06,-0.14862145711939234,-0.13984807166562901
5.2083999999999975,5.2083999999999974e-06,-0.14948940290137103,-0.14018435807397497
5.209199999999996,5.209199999999996e-06,-0.17854126410209348,-0.14053129256121355
5.209999999999994,5.209999999999993e-06,-0.14146152397159573,-0.14089006737959336
5.210799999999999,5.2107999999999985e-06,-0.14139059787714847,-0.14126172338293516
5.211599999999997,5.211599999999997e-06,-0.13583756423016935,-0.14164715341022016
5.212399999999995,5.212399999999995e-06,-0.13331524637294034,-0.1420471054606856
5.2132000000000005,5.2132e-06,-0.18337444570743033,-0.1424621855242757
5.213999999999999,5.213999999999999e-06,-0.14553286616947214,-0.14289285996119008
5.214800000000004,5.214800000000004e-06,-0.09361370288222526,-0.1433394573395447
5.215599999999995,5.215599999999995e-06,-0.17697975665846133,-0.14380216967648998
5.2164,5.2164e-06,-0.10908597568045286,-0.14428105306798075
5.217199999999998,5.217199999999998e-06,-0.19461877198738065,-0.14477602769062659
5.2180000000000035,5.218000000000003e-06,-0.18255775651120953,-0.14528687711755212
5.2187999999999946,5.218799999999994e-06,-0.12958340319587458,-0.14581324687122107
5.2196,5.2196e-06,-0.11338276777601997,-0.1463546421968053
5.220399999999998,5.2203999999999975e-06,-0.19318928197839824,-0.14691042516593836
5.221200000000003,5.221200000000003e-06,-0.16690240050113736,-0.14747981133638208
5.221999999999994,5.221999999999994e-06,-0.13802303141512773,-0.14806186625213538
5.222799999999999,5.222799999999999e-06,-0.12259388164564311,-0.1486555021094414
5.223599999999998,5.223599999999998e-06,-0.16413534026052845,-0.14925947498065165
5.224400000000003,5.224400000000003e-06,-0.09267048146006995,-0.14987238304682016
5.225199999999994,5.225199999999994e-06,-0.1657838501042942,-0.15049266628078706
5.225999999999999,5.225999999999999e-06,-0.1477198460401854,-0.15111860793474463
5.226799999999997,5.226799999999997e-06,-0.1866213444719892,-0.15174833805629656
5.2276000000000025,5.227600000000002e-06,-0.11473074059335353,-0.1523798391385174
5.2283999999999935,5.228399999999993e-06,-0.15866155477658594,-0.1530109539483585
5.229199999999999,5.229199999999998e-06,-0.11489982801659882,-0.153639395571871
5.229999999999997,5.2299999999999965e-06,-0.16858854816499147,-0.15426275970796982
5.230799999999995,5.230799999999995e-06,-0.19103918358494598,-0.15487853918578337
5.2316,5.2316e-06,-0.18225305845051243,-0.15548414059110918
5.232399999999998,5.232399999999998e-06,-0.1361225927822476,-0.15607690283734252
5.233200000000004,5.2332000000000035e-06,-0.0913870046742764,-0.1566541175586672
5.233999999999995,5.233999999999994e-06,-0.11755208279122997,-0.157213051297376
5.2348,5.234799999999999e-06,-0.18934811854386957,-0.15775096948059192
5.235599999999998,5.235599999999998e-06,-0.1866088613691046,-0.158265162051506
5.236400000000003,5.236400000000003e-06,-0.17192528618975889,-0.1587529703980822
5.237199999999994,5.237199999999994e-06,-0.1529721541493274,-0.15921181506291285
5.2379999999999995,5.238e-06,-0.1291860290149639,-0.15963922370993144
5.238799999999998,5.238799999999997e-06,-0.14522665542302027,-0.16003285891082114
5.239600000000003,5.239600000000002e-06,-0.15185927747253403,-0.16039054537415076
5.240399999999994,5.240399999999994e-06,-0.16524273172880688,-0.16071029620400037
5.241199999999999,5.241199999999999e-06,-0.16791181915205222,-0.1609903376631668
5.241999999999997,5.241999999999997e-06,-0.14514740725998354,-0.161229131796715
5.242800000000003,5.2428000000000026e-06,-0.22233079392789445,-0.16142539619676424
5.243599999999994,5.243599999999993e-06,-0.18165746960632267,-0.1615781201740732
5.244399999999999,5.2443999999999984e-06,-0.1824302794309126,-0.16168657665232647
5.245199999999997,5.245199999999997e-06,-0.18331373368728554,-0.16175032923261154
5.246000000000002,5.246000000000002e-06,-0.18784562192329268,-0.16176923408422783
5.246799999999993,5.246799999999993e-06,-0.18844593963326994,-0.1617434365625113
5.2475999999999985,5.247599999999998e-06,-0.17982738923642694,-0.16167336269538818
5.248399999999997,5.248399999999996e-06,-0.16456165317013816,-0.16155970591119637
5.249200000000002,5.249200000000001e-06,-0.1460127046934221,-0.1614034096028567
5.25,5.25e-06,-0.1376549729857458,-0.16120564631631795
5.250799999999998,5.250799999999998e-06,-0.12785886136907454,-0.1609677944727798
5.251600000000003,5.251600000000003e-06,-0.16570176508128276,-0.16069141354983613
5.252399999999994,5.252399999999994e-06,-0.16981206927356762,-0.1603782185563872
5.2532,5.253199999999999e-06,-0.15901902210889607,-0.16003005448714544
5.253999999999998,5.2539999999999975e-06,-0.12089449453600709,-0.1596488713069412
5.254800000000003,5.254800000000003e-06,-0.1823343871306966,-0.15923669993423867
5.255599999999994,5.255599999999994e-06,-0.17789498650343816,-0.15879562964784916
5.256399999999999,5.256399999999999e-06,-0.15499080293962264,-0.1583277872975451
5.257199999999997,5.257199999999997e-06,-0.09765648567147045,-0.15783531866742648
5.258000000000003,5.258000000000003e-06,-0.14356906716783735,-0.15732037233673518
5.258799999999994,5.258799999999994e-06,-0.1795520069272285,-0.1567850863636202
5.259599999999999,5.259599999999999e-06,-0.15813216316115564,-0.15623157802278279
5.260399999999997,5.260399999999997e-06,-0.11243311629095754,-0.15566193667724004
5.261200000000002,5.261200000000002e-06,-0.1292792729665999,-0.15507821973594552
5.261999999999993,5.261999999999993e-06,-0.14529625734324725,-0.1544824515624625
5.262799999999999,5.262799999999998e-06,-0.12336328677876574,-0.15387662509383973
5.263599999999997,5.2635999999999965e-06,-0.1935363467248713,-0.15326270576064785
5.264400000000002,5.264400000000002e-06,-0.185613438506829,-0.15264263710635087
5.265199999999993,5.265199999999992e-06,-0.17321576086992208,-0.1520183473673339
5.265999999999998,5.265999999999998e-06,-0.12974606055624283,-0.1513917562585868
5.266799999999996,5.266799999999996e-06,-0.16830333110154838,-0.15076478131850352
5.267600000000002,5.267600000000001e-06,-0.1478142256546766,-0.1501393433298613
5.2684,5.268399999999999e-06,-0.1367070226979029,-0.14951737046494482
5.269199999999998,5.269199999999998e-06,-0.16569552352984052,-0.14890080086841023
5.270000000000003,5.270000000000003e-06,-0.18742063318810298,-0.14829158341502316
5.270800000000001,5.270800000000001e-06,-0.13000139403679456,-0.14769167639817926
5.271599999999999,5.271599999999999e-06,-0.12110594864506818,-0.14710304395130835
5.2723999999999975,5.272399999999997e-06,-0.15942339418404627,-0.1465276500821853
5.273200000000003,5.273200000000002e-06,-0.18797366683508232,-0.14596745026820376
5.273999999999994,5.273999999999994e-06,-0.1633347273701946,-0.14542438058458285
5.274799999999999,5.274799999999999e-06,-0.13033881254045776,-0.1449003443560602
5.275599999999997,5.2755999999999966e-06,-0.15296874945786,-0.14439719640162743
5.276400000000002,5.2764000000000025e-06,-0.12108230661357922,-0.1439167250756321
5.2771999999999935,5.277199999999993e-06,-0.17656649468322883,-0.14346063242497803
5.277999999999999,5.2779999999999984e-06,-0.1386991925966743,-0.1430305128348609
5.278799999999997,5.278799999999997e-06,-0.18358646764784403,-0.1426278305482806
5.279600000000002,5.279600000000002e-06,-0.10398649017736461,-0.14225389647197986
5.280399999999993,5.280399999999993e-06,-0.15673350158932675,-0.14190984475071572
5.281199999999998,5.281199999999998e-06,-0.1444213136668988,-0.14159660968025883
5.2819999999999965,5.281999999999996e-06,-0.13204444120146608,-0.1413149035931746
5.282800000000002,5.282800000000001e-06,-0.13151429324310848,-0.14106519637297943
5.283599999999993,5.283599999999993e-06,-0.10148100496877976,-0.140847697245414
5.284399999999998,5.284399999999998e-06,-0.09786869612337912,-0.14066233946227233
5.285199999999996,5.285199999999996e-06,-0.13543886587496878,-0.14050876840421633
5.286000000000001,5.286000000000001e-06,-0.1822231748676213,-0.140386333460002
5.2867999999999995,5.286799999999999e-06,-0.13298974314076895,-0.14029408382136557
5.287599999999998,5.2875999999999975e-06,-0.14157349257759844,-0.1402307681530393
5.288400000000003,5.288400000000003e-06,-0.12710288419302873,-0.14019483802768665
5.289200000000001,5.289200000000001e-06,-0.13077704072145946,-0.1401844550383865
5.289999999999999,5.289999999999999e-06,-0.15174598469221123,-0.1401975015362752
5.290799999999997,5.290799999999997e-06,-0.10013359998284888,-0.140231594933506
5.2916000000000025,5.291600000000002e-06,-0.12106225778500246,-0.14028410546317593
5.292400000000001,5.2924e-06,-0.11763643684285374,-0.14035217721061918
5.293199999999999,5.293199999999999e-06,-0.16717248611325575,-0.1404327521157097
5.293999999999997,5.293999999999997e-06,-0.1620743247844575,-0.140522596494143
5.294800000000002,5.294800000000002e-06,-0.14930726454384857,-0.14061832948601063
5.2956,5.2956e-06,-0.15399140755448693,-0.14071645278323955
5.296399999999998,5.296399999999998e-06,-0.1430440250980366,-0.1408133810385887
5.297199999999997,5.2971999999999965e-06,-0.15619446373098667,-0.14090547247707225
5.298000000000002,5.298000000000002e-06,-0.11799749737796605,-0.14098905935691391
5.298799999999993,5.298799999999992e-06,-0.12943171625263594,-0.1410604780272307
5.299599999999998,5.2995999999999975e-06,-0.14557674554100264,-0.14111609838830272
5.300399999999996,5.300399999999996e-06,-0.15152280382313288,-0.14115235256712927
5.3012000000000015,5.301200000000001e-06,-0.14515799835715537,-0.14116576258617736
5.3019999999999925,5.301999999999993e-06,-0.146964436695602,-0.14115296676682904
5.302799999999998,5.302799999999998e-06,-0.15760787743418248,-0.1411107446093294
5.303599999999996,5.303599999999995e-06,-0.11312478594682818,-0.14103603993229327
5.304400000000001,5.304400000000001e-06,-0.14226989109912658,-0.1409259821138542
5.305199999999999,5.305199999999999e-06,-0.1440846515061629,-0.14077790532315387
5.305999999999997,5.305999999999997e-06,-0.1314497972115385,-0.1405893656424601
5.306800000000003,5.306800000000002e-06,-0.150080830711266,-0.14035815595819265
5.307600000000001,5.307600000000001e-06,-0.161475519760235,-0.14008231846944647
5.308399999999999,5.308399999999999e-06,-0.15077987758143419,-0.13976015465332262
5.309199999999997,5.3091999999999965e-06,-0.1298436540536485,-0.1393902325548862
5.310000000000002,5.310000000000002e-06,-0.1492940250980367,-0.13897139133939715
5.3108,5.3108e-06,-0.13710572105310348,-0.13850274313562277
5.3115999999999985,5.311599999999998e-06,-0.12123758675968999,-0.13798367227714906
5.312399999999997,5.312399999999997e-06,-0.11508366757134081,-0.13741383209267882
5.313200000000002,5.313200000000002e-06,-0.1426073096027899,-0.13679313940090332
5.314,5.3139999999999994e-06,-0.1651337884943137,-0.1361217668276144
5.314799999999998,5.314799999999998e-06,-0.14029928271465686,-0.1354001329978152
5.315599999999996,5.315599999999996e-06,-0.13295229383211538,-0.13462889061291802
5.316400000000002,5.316400000000001e-06,-0.13480261154209272,-0.13380891244591672
5.3172,5.3172e-06,-0.13958491588162936,-0.13294127536335165
5.317999999999998,5.317999999999997e-06,-0.14651939913176548,-0.1320272425625502
5.318799999999996,5.3187999999999956e-06,-0.10054837464376631,-0.13106824426891345
5.319600000000001,5.319600000000001e-06,-0.13783824470906514,-0.13006585717798488
5.320399999999992,5.320399999999992e-06,-0.10799976640654818,-0.12902178295353475
5.3211999999999975,5.3211999999999974e-06,-0.14364585549376863,-0.12793782608977167
5.321999999999996,5.321999999999996e-06,-0.1353535646719245,-0.12681587140793465
5.322800000000001,5.322800000000001e-06,-0.14247718417395294,-0.1256578614117449
5.323599999999999,5.3235999999999985e-06,-0.09316809748696608,-0.12446577371103874
5.324399999999997,5.324399999999997e-06,-0.11420872389499226,-0.12324159875105803
5.325200000000002,5.325200000000002e-06,-0.1430886608124946,-0.12198731812560235
5.3260000000000005,5.326e-06,-0.12909391842901474,-0.12070488376149227
5.326799999999999,5.326799999999999e-06,-0.10139154273141071,-0.11939619823767395
5.327599999999997,5.327599999999996e-06,-0.12194382003556259,-0.11806309648629294
5.328400000000002,5.328400000000001e-06,-0.09130605301693162,-0.11670732913583196
5.3292,5.3292e-06,-0.10566318010974385,-0.11533054776756599
5.329999999999998,5.329999999999998e-06,-0.10726308171629162,-0.11393429232782909
5.330799999999996,5.3307999999999965e-06,-0.10331354287866246,-0.11251998086367393
5.331600000000002,5.331600000000002e-06,-0.12290519828065216,-0.11108890164922135
5.3324,5.3324e-06,-0.10820157427275956,-0.10964220767361772
5.333199999999998,5.3331999999999975e-06,-0.1251519453171478,-0.10818091339472646
5.333999999999996,5.333999999999996e-06,-0.09556180260101288,-0.10670589363934904
5.334800000000001,5.334800000000001e-06,-0.09292751613778116,-0.10521788454764097
5.3355999999999995,5.335599999999999e-06,-0.08560000825249392,-0.10371748649334457
5.336399999999998,5.336399999999998e-06,-0.1224976100253693,-0.10220516892674249
5.337199999999996,5.337199999999995e-06,-0.10692301486408828,-0.10068127706189466
5.338000000000001,5.338e-06,-0.13016594110578705,-0.09914604028322627
5.338799999999999,5.338799999999999e-06,-0.0689535789258755,-0.09759958212940492
5.339599999999997,5.339599999999997e-06,-0.08502824995118774,-0.09604193175498461
5.340399999999995,5.3403999999999955e-06,-0.07162058583197328,-0.09447303684377538
5.341200000000001,5.341200000000001e-06,-0.12074337312714267,-0.09289277798680246
5.341999999999992,5.341999999999991e-06,-0.0975762903570132,-0.09130098450700236
5.342799999999997,5.3427999999999965e-06,-0.08748928795677946,-0.08969745164768007
5.343600000000002,5.343600000000002e-06,-0.07802567746657929,-0.08808195900825987
5.3444,5.3444e-06,-0.0815969438005244,-0.08645429013145392
5.345199999999998,5.345199999999998e-06,-0.061682433515003354,-0.08481425318214984
5.3459999999999965,5.345999999999996e-06,-0.06741703768811247,-0.0831617026608493
5.346800000000002,5.346800000000002e-06,-0.039134581620612674,-0.08149656204329155
5.3476,5.347599999999999e-06,-0.07139797279428772,-0.07981884713271095
5.348399999999998,5.348399999999998e-06,-0.07932296152957741,-0.07812868975523174
5.349199999999996,5.349199999999996e-06,-0.09072256795566858,-0.07642636123994115
5.350000000000001,5.350000000000001e-06,-0.08311967776108276,-0.07471229494967575
5.3508,5.3508e-06,-0.08805991059530027,-0.07298710702246468
5.351599999999998,5.351599999999997e-06,-0.08033370435471243,-0.07125161447232697
5.352399999999996,5.3523999999999955e-06,-0.11726270239633385,-0.06950684986516703
5.353200000000001,5.353200000000001e-06,-0.05884104248847999,-0.06775407190225376
5.353999999999999,5.353999999999999e-06,-0.07542278727209362,-0.06599477139621773
5.354799999999997,5.354799999999997e-06,-0.04840073379033094,-0.0642306723003133
5.3555999999999955,5.355599999999995e-06,-0.07421174926650187,-0.06246372761612422
5.356400000000001,5.3564e-06,-0.1083298076958839,-0.0606961101186379
5.357199999999999,5.3571999999999984e-06,-0.09211177179592256,-0.05893019790540577
5.357999999999997,5.357999999999997e-06,-0.0495826445558587,-0.05716855485833178
5.358799999999995,5.358799999999995e-06,-0.057964586126476814,-0.055413906260542004
5.3596,5.3596e-06,-0.031044098664979813,-0.05366911002305188
5.3603999999999985,5.360399999999998e-06,-0.02325755742711677,-0.051937124164460925
5.361199999999997,5.361199999999996e-06,-0.07440863975549117,-0.05022097127673362
5.362000000000002,5.362000000000001e-06,-0.04974813877630191,-0.04852370069184492
5.3628,5.3628e-06,-0.03826720367002656,-0.046848348989732794
5.363600000000005,5.363600000000005e-06,-0.05771851956877694,-0.045197899427241256
5.364399999999996,5.3643999999999964e-06,-0.03864850154522037,-0.04357524085536071
5.3652000000000015,5.365200000000002e-06,-0.04263359768569064,-0.04198312671340581
5.366,5.365999999999999e-06,-0.016481759014488784,-0.04042413471531126
5.366799999999998,5.3667999999999975e-06,-0.02507307417698046,-0.03890062785779865
5.367599999999996,5.367599999999996e-06,-0.08987410317084388,-0.037414717368811384
5.368400000000001,5.368400000000001e-06,-0.0102400810830785,-0.0359682281748796
5.369199999999999,5.369199999999999e-06,-0.010215114877309417,-0.03456266742822781
5.369999999999997,5.369999999999997e-06,-0.038619374305156495,-0.03319919663153369
5.370799999999996,5.370799999999995e-06,-0.010368125994868027,-0.03187860791076638
5.371600000000001,5.3716e-06,-0.01646851956877693,-0.030601304962124844
5.372399999999999,5.372399999999999e-06,0.01858916707995828,-0.029367289120173525
5.373199999999997,5.373199999999997e-06,-0.03773516370595631,-0.028176150877135476
5.373999999999995,5.373999999999995e-06,-0.019187727914995012,-0.02702706703457359
5.3748000000000005,5.374800000000001e-06,-0.07587103871887435,-0.025918803497555074
5.375599999999999,5.375599999999998e-06,0.0010676055655566286,-0.024849723574985397
5.376399999999997,5.3763999999999965e-06,0.0091658427583865,-0.023817801586208262
5.377199999999995,5.377199999999995e-06,-0.05435322213533811,-0.022820641594204893
5.378,5.378e-06,0.024078084015325407,-0.021855501121727357
5.378799999999998,5.378799999999998e-06,-0.006896345164041473,-0.02091931969321744
5.379599999999996,5.379599999999996e-06,0.007558186914741638,-0.020008751974501162
5.3803999999999945,5.380399999999994e-06,-0.008518564627718161,-0.01912020517020144
5.3812,5.381199999999999e-06,-0.009325419069594276,-0.01824988018882358
5.382000000000005,5.3820000000000045e-06,0.0024469746515661805,-0.017393815909030136
5.382799999999996,5.382799999999996e-06,-0.014580752550146125,-0.01654793570882865
5.383600000000001,5.383600000000001e-06,-0.037091911478810524,-0.01570809527568515
5.384399999999999,5.384399999999999e-06,-0.03177397397230142,-0.014870130608222967
5.385200000000005,5.385200000000005e-06,-0.06684981744397078,-0.014029905066126273
5.385999999999996,5.3859999999999955e-06,-0.03818814401842452,-0.013183354357024502
5.386800000000001,5.386800000000001e-06,-0.02732492710213319,-0.012326528491373905
5.387599999999999,5.387599999999999e-06,-0.03517066767438615,-0.011455629976736655
5.388399999999997,5.3883999999999966e-06,-0.013171499881245108,-0.010567047811598913
5.389199999999995,5.389199999999995e-06,-0.02359724495936233,-0.009657387115537396
5.390000000000001,5.39e-06,0.004420987727503434,-0.008723494460047788
5.390799999999999,5.3907999999999984e-06,0.001968271790501519,-0.007762479134180874
5.391599999999997,5.391599999999997e-06,-0.018608403887926728,-0.006771730690896504
5.392399999999995,5.392399999999994e-06,0.001076495465639038,-0.005748933174081388
5.3932,5.3932e-06,0.02235713539135764,-0.004692076435796454
5.393999999999998,5.393999999999998e-06,0.03311462525308839,-0.003599464939723001
5.3947999999999965,5.394799999999996e-06,0.012086481947946703,-0.002469724408170479
5.395599999999995,5.3955999999999946e-06,0.02906541240100613,-0.0013018065763094632
5.3964,5.3964e-06,-0.031237772973936262,-9.499215372170237e-05
5.397199999999998,5.397199999999998e-06,0.009260222372847848,0.0011511081044537105
5.397999999999996,5.397999999999996e-06,0.0007161912733540943,0.002436554480028914
5.398799999999994,5.398799999999994e-06,-0.028648122225162442,0.0037610818754864085
5.3995999999999995,5.399599999999999e-06,-0.013988189077365876,0.005124106245136404
5.400400000000005,5.400400000000004e-06,-0.050516408246639166,0.006524734151503371
5.401199999999996,5.401199999999996e-06,0.01434438791310677,0.007961775591852481
5.402000000000001,5.402000000000001e-06,0.04379759581756992,0.009433760036351076
5.402799999999999,5.402799999999999e-06,0.03268604331499647,0.010938955380038133
5.403600000000004,5.4036000000000045e-06,0.012914897904124367,0.012475389324746521
5.404399999999995,5.404399999999995e-06,0.0437009471744263,0.014040872654073208
5.405200000000001,5.4052e-06,0.005422463629786656,0.015633023941050088
5.405999999999999,5.405999999999999e-06,0.049254548652898245,0.017249295362457163
5.406800000000004,5.406800000000004e-06,0.003926964903579355,0.018886999423090405
5.407599999999995,5.407599999999995e-06,-0.0347666726220055,0.020543336496972184
5.4084,5.4084e-06,0.03600954189405209,0.022215423157204088
5.4091999999999985,5.409199999999998e-06,0.017222660416791102,0.023900321260014804
5.409999999999997,5.4099999999999965e-06,0.034864512605685294,0.025595067655281925
5.410799999999995,5.410799999999995e-06,-0.0026791782544105525,0.027296704257975146
5.4116,5.4116e-06,0.07408621757248024,0.029002308100791994
5.412399999999998,5.4123999999999975e-06,-0.009407124772647935,0.030709020922858037
5.413199999999996,5.413199999999996e-06,0.03766429328926019,0.032414077814615784
5.413999999999994,5.413999999999994e-06,0.048599948985653285,0.03411483441498413
5.4148,5.414799999999999e-06,0.059901394082946036,0.035808792132794656
5.415599999999998,5.415599999999998e-06,0.06444708959615786,0.03749362084555323
5.416399999999996,5.416399999999995e-06,0.04484295109138359,0.03916717854766421
5.417199999999994,5.417199999999994e-06,0.04920159086985054,0.040827527508314365
5.417999999999999,5.417999999999999e-06,0.04819500907901042,0.04247294664192438
5.418799999999997,5.418799999999997e-06,0.05298147445284185,0.044101939942255745
5.4195999999999955,5.4195999999999955e-06,0.029972320177393208,0.045713240946785416
5.420400000000001,5.420400000000001e-06,0.0880384047586496,0.0473058132741663
5.421199999999999,5.421199999999999e-06,0.05437616350171082,0.0488788473274122
5.422000000000004,5.422000000000004e-06,0.043878735986319306,0.050431753300913124
5.422799999999995,5.422799999999995e-06,0.06549603807287385,0.05196415069279249
5.4236,5.4236e-06,0.04797731341854705,0.05347585460526777
5.424399999999999,5.424399999999998e-06,0.04473155031677345,0.05496685918742676
5.425200000000004,5.4252000000000036e-06,0.09152134451804078,0.05643731861479571
5.425999999999995,5.425999999999994e-06,0.059757272865469946,0.05788752601324432
5.4268,5.4267999999999994e-06,0.07733027947706439,0.05931789074692273
5.427599999999998,5.427599999999998e-06,0.08767393953206992,0.060728914531159285
5.4284000000000034,5.428400000000003e-06,0.024920118737272956,0.062121166914507475
5.4291999999999945,5.4291999999999945e-06,0.02016145642918532,0.06349526077893616
5.43,5.43e-06,0.06475027497110025,0.06485182858032881
5.430799999999998,5.430799999999997e-06,0.04678083903288732,0.06619150003007965
5.431599999999996,5.4315999999999956e-06,0.06978223907123887,0.06751488178207385
5.432399999999994,5.432399999999994e-06,0.05552932634723251,0.06882253949032875
5.433199999999999,5.433199999999999e-06,0.06466951412240868,0.07011498241769804
5.4339999999999975,5.4339999999999974e-06,0.10730720527700799,0.07139265063923281
5.434799999999996,5.434799999999996e-06,0.09216894629091604,0.07265590479215475
5.435599999999994,5.435599999999993e-06,0.08288936616405107,0.07390501828493454
5.436399999999999,5.4363999999999985e-06,0.01900186352088651,0.07514017190970937
5.437199999999997,5.437199999999997e-06,0.06620265066870423,0.07636145088563806
5.437999999999995,5.437999999999995e-06,0.10978715644836107,0.077568844416876
5.4388000000000005,5.4388e-06,0.07242333491720565,0.07876224780980204
5.439599999999999,5.439599999999999e-06,0.07006878030900193,0.07994146708608955
5.440400000000004,5.440400000000004e-06,0.08846471766815928,0.08110622593791225
5.441199999999995,5.441199999999995e-06,0.09636738854622007,0.08225617483822856
5.442,5.442e-06,0.08878965306893805,0.08339090211457115
5.442799999999998,5.442799999999998e-06,0.04592575567385099,0.08450994679497503
5.4436000000000035,5.443600000000003e-06,0.06639462378057126,0.08561281303931739
5.444399999999995,5.444399999999994e-06,0.07181677565588612,0.08669898595558995
5.4452,5.4452e-06,0.1741212093411169,0.08776794852633887
5.445999999999998,5.4459999999999975e-06,0.024747438111125397,0.08881919924419705
5.446800000000003,5.446800000000003e-06,0.10069065953328088,0.08985226995466906
5.447599999999994,5.447599999999994e-06,0.12110997454852085,0.0908667433860082
5.4483999999999995,5.448399999999999e-06,0.15504986714324037,0.09186226987999818
5.449199999999998,5.449199999999998e-06,0.056779326347232484,0.0928385828821159
5.450000000000003,5.450000000000003e-06,0.08497478001449849,0.09379551283047916
5.450799999999994,5.450799999999994e-06,0.1360424531455413,0.09473299922049915
5.451599999999999,5.451599999999999e-06,0.06517167050348771,0.09565110075682015
5.452399999999997,5.452399999999997e-06,0.0999900999773578,0.09655000357360458
5.4532000000000025,5.453200000000002e-06,0.07411156309820727,0.09743002751848073
5.4539999999999935,5.453999999999993e-06,0.1295900774479372,0.09829163048347375
5.454799999999999,5.454799999999998e-06,0.09482725410555476,0.09913541072900957
5.455599999999997,5.4555999999999965e-06,0.10846736601679935,0.09996210709599773
5.456399999999995,5.456399999999995e-06,0.08480777310840065,0.10077259697202892
5.4572,5.4572e-06,0.0834333213995132,0.10156789188349263
5.457999999999998,5.457999999999998e-06,0.10379929931184778,0.10234913059313941
5.458800000000004,5.4588000000000035e-06,0.15724100804824837,0.10311756955363999
5.459599999999995,5.459599999999994e-06,0.12387154958051483,0.10387457050968521
5.4604,5.460399999999999e-06,0.10693006843610892,0.10462158501683289
5.461199999999998,5.461199999999998e-06,0.14316191161317482,0.10536013571643876
5.462000000000003,5.462000000000003e-06,0.1593903500988732,0.10609179436929915
5.462799999999994,5.462799999999994e-06,0.09317590740181408,0.10681815685652592
5.4636,5.4636e-06,0.11697111094766471,0.1075408155765506
5.464399999999998,5.464399999999997e-06,0.11677497680150295,0.10826132989303186
5.465200000000003,5.465200000000002e-06,0.07240442175144413,0.10898119548349078
5.465999999999994,5.465999999999994e-06,0.1185097327025752,0.10970181355522884
5.466799999999999,5.466799999999999e-06,0.09426306153001107,0.11042446091975716
5.467599999999997,5.467599999999997e-06,0.122848891483888,0.11115026186833998
5.468400000000003,5.4684000000000026e-06,0.07590892302523683,0.11188016270151123
5.469199999999994,5.469199999999993e-06,0.052124122065123346,0.11261490966430335
5.469999999999999,5.4699999999999985e-06,0.11951007294197313,0.11335503092359846
5.470799999999997,5.470799999999997e-06,0.13404536586954763,0.11410082305706012
5.471600000000002,5.471600000000002e-06,0.104523312387785,0.11485234229569952
5.472399999999993,5.472399999999993e-06,0.10994546426299995,0.11560940053901105
5.4731999999999985,5.473199999999998e-06,0.07919497229553885,0.11637156601734461
5.473999999999997,5.473999999999996e-06,0.09598609067112618,0.11713816840221089
5.474800000000002,5.474800000000001e-06,0.17111962079143062,0.1179083080858988
5.4756,5.4756e-06,0.10934722707017003,0.11868086922499722
5.476399999999998,5.476399999999998e-06,0.1259575312624549,0.11945453601131287
5.477200000000003,5.477200000000003e-06,0.09854453366268862,0.12022781156995077
5.477999999999994,5.477999999999994e-06,0.17859730293420167,0.12099903889754646
5.4788,5.478799999999999e-06,0.14158016682956115,0.12176642329304009
5.479599999999998,5.4795999999999975e-06,0.1259338892310059,0.12252805577721573
5.480400000000003,5.480400000000003e-06,0.14057358503872103,0.12328193708066437
5.481199999999994,5.481199999999994e-06,0.12306734348727871,0.12402600192052753
5.481999999999999,5.481999999999999e-06,0.11181734348727873,0.12475814344166249
5.4827999999999975,5.482799999999997e-06,0.10678802773578006,0.1254762378119299
5.483600000000003,5.483600000000003e-06,0.09208440372788751,0.12617816900647444
5.484399999999994,5.484399999999994e-06,0.17441399213032222,0.12686185378309728
5.485199999999999,5.485199999999999e-06,0.10248366991448088,0.1275252667492995
5.485999999999997,5.485999999999997e-06,0.1468124261101565,0.12816646529720524
5.486800000000002,5.486800000000002e-06,0.11700856025631828,0.12878361409579514
5.487599999999993,5.487599999999993e-06,0.13904877056091514,0.1293750088005564
5.488399999999999,5.488399999999998e-06,0.12260679744904812,0.12993909863992567
5.489199999999997,5.4891999999999965e-06,0.14886379534341782,0.13047450753495748
5.490000000000002,5.490000000000002e-06,0.1367581441528889,0.13098005339984511
5.490799999999993,5.490799999999992e-06,0.14301514204715848,0.13145476526968572
5.491599999999998,5.491599999999998e-06,0.13880251549178052,0.1318978979222129
5.492399999999996,5.492399999999996e-06,0.13398332967508297,0.1323089437058052
5.493200000000002,5.493200000000001e-06,0.13603753576831906,0.13268764134603311
5.494,5.493999999999999e-06,0.10586012627648406,0.13303398155851118
5.494799999999998,5.494799999999998e-06,0.17144928505789686,0.13334820932899222
5.495600000000003,5.495600000000003e-06,0.17528628745803065,0.1336308227254924
5.496400000000001,5.496400000000001e-06,0.11358898086561192,0.13388256810401636
5.497199999999999,5.497199999999999e-06,0.14293513754129433,0.13410443160667335
5.4979999999999976,5.497999999999997e-06,0.14541490020121273,0.13429762694725464
5.498800000000003,5.498800000000002e-06,0.1367602246700363,0.1344635795911908
5.499599999999994,5.499599999999994e-06,0.15818422947040378,0.13460390751417675
5.500399999999999,5.500399999999999e-06,0.17492239006294347,0.13472039877169498
5.501199999999997,5.5011999999999966e-06,0.16166357602689285,0.1348149861734144
5.5020000000000024,5.5020000000000025e-06,0.1298299024541948,0.13488971946907372
5.5027999999999935,5.502799999999993e-06,0.09464076620230272,0.1349467356213645
5.503599999999999,5.5035999999999984e-06,0.14160021565820796,0.1349882279202753
5.504399999999997,5.504399999999997e-06,0.10530576845528478,0.13501641479927803
5.505200000000002,5.505200000000002e-06,0.16653212642373572,0.13503350919608817
5.505999999999993,5.505999999999993e-06,0.10393264092071747,0.1350416891900984
5.506799999999998,5.506799999999998e-06,0.13376487767169215,0.1350430705197071
5.5075999999999965,5.507599999999996e-06,0.11277304801231863,0.13503968148063505
5.508400000000002,5.508400000000001e-06,0.10456908376502833,0.13503344061899145
5.509199999999993,5.509199999999993e-06,0.17393056040356997,0.1350261375244675
5.509999999999998,5.509999999999998e-06,0.11928178618433782,0.13501941688806912
5.510799999999996,5.510799999999996e-06,0.17860978603708616,0.13501476584788769
5.511600000000001,5.511600000000001e-06,0.12675398311859398,0.13501350455929806
5.5123999999999995,5.512399999999999e-06,0.12843805026530075,0.13501677992110078
5.513199999999998,5.5131999999999975e-06,0.13204128069918447,0.13502556244402777
5.514000000000003,5.514000000000003e-06,0.10361262289706097,0.13504064630636814
5.514800000000001,5.514800000000001e-06,0.08224441273971589,0.13506265264879078
5.515599999999999,5.515599999999999e-06,0.1609102471994569,0.13509203608509776
5.516399999999997,5.516399999999997e-06,0.13976805477116483,0.13512909424430908
5.5172000000000025,5.517200000000002e-06,0.16196543722761514,0.13517397995120528
5.518000000000001,5.518e-06,0.10524448860364749,0.13522671547860457
5.518799999999999,5.518799999999999e-06,0.15161213092969988,0.13528720822834003
5.519599999999997,5.519599999999997e-06,0.16286137458677252,0.13535526720268032
5.520400000000002,5.520400000000002e-06,0.14608690034846444,0.13543061965421946
5.5212,5.5212e-06,0.16153420694088316,0.13551292733151732
5.5219999999999985,5.521999999999998e-06,0.11219429181674301,0.1356018017984328
5.522799999999997,5.5227999999999965e-06,0.17859938345134901,0.13569681840771552
5.523600000000002,5.523600000000002e-06,0.1701415984091617,0.13579752862401412
5.524399999999993,5.524399999999992e-06,0.12985638134561867,0.13590347049631216
5.525199999999998,5.5251999999999975e-06,0.1475184708745944,0.13601417719353143
5.525999999999996,5.525999999999996e-06,0.15932074817874625,0.13612918365809054
5.5268000000000015,5.526800000000001e-06,0.08054994300727197,0.13624803157616855
5.5275999999999925,5.527599999999993e-06,0.08906617104102188,0.13637027296388635
5.528399999999998,5.528399999999998e-06,0.17635528476339335,0.13649547268577575
5.529199999999996,5.529199999999995e-06,0.09778836797517804,0.13662321012908732
5.530000000000001,5.530000000000001e-06,0.1386689853714761,0.1367530800740757
5.530799999999999,5.530799999999999e-06,0.21709821100509213,0.13688469260472313
5.531599999999997,5.531599999999997e-06,0.17275905222367938,0.13701767177647098
5.532400000000003,5.532400000000002e-06,0.13528420694088317,0.13715165274596317
5.533200000000001,5.533200000000001e-06,0.15045802322991597,0.13728627719751652
5.533999999999999,5.533999999999999e-06,0.12366898537147608,0.1374211871373559
5.534799999999997,5.5347999999999965e-06,0.14555126718149203,0.13755601736251372
5.535600000000002,5.535600000000002e-06,0.14559930758731748,0.13769038705517483
5.5364,5.5364e-06,0.13245719102305709,0.137823891000374
5.537199999999999,5.537199999999998e-06,0.1397750526654345,0.13795609092402464
5.537999999999997,5.537999999999997e-06,0.18409605462391315,0.13808650743986403
5.538800000000002,5.538800000000002e-06,0.11639367892630914,0.13821461309577962
5.5396,5.5395999999999994e-06,0.06880535235185531,0.13833982703121406
5.540399999999998,5.540399999999998e-06,0.12752187556606176,0.13846151178400506
5.541199999999996,5.541199999999996e-06,0.10436462755027681,0.13857897275271316
5.542000000000002,5.542000000000001e-06,0.14571127619332025,0.13869146066070345
5.5428,5.5428e-06,0.12426098101286365,0.13879817709759956
5.543599999999998,5.543599999999997e-06,0.1925928016605089,0.138898282929236
5.544399999999996,5.5443999999999956e-06,0.14379211290604343,0.1389909091592944
5.545200000000001,5.545200000000001e-06,0.1426631599234633,0.1390751697349011
5.545999999999992,5.545999999999992e-06,0.10960180420789428,0.13915017581063233
5.5467999999999975,5.5467999999999974e-06,0.1379260591297773,0.13921505106792156
5.547599999999996,5.547599999999996e-06,0.15119054688587763,0.13926894774486226
5.548400000000001,5.548400000000001e-06,0.12002187556606181,0.13931106301260218
5.549199999999992,5.549199999999992e-06,0.16452804125347253,0.13934065525972747
5.549999999999997,5.549999999999997e-06,0.1673111777998681,0.1393570597711234
5.550800000000002,5.550800000000002e-06,0.17697659615617967,0.1393597032529723
5.5516000000000005,5.5516e-06,0.16081908376502824,0.13934811668577887
5.552399999999999,5.552399999999999e-06,0.1644264752332068,0.13932194610222598
5.553199999999997,5.553199999999996e-06,0.09234106138275938,0.13928096107716387
5.554000000000002,5.554000000000001e-06,0.13838036361656558,0.1392250609268282
5.5548,5.5548e-06,0.12291357602689279,0.13915427876173397
5.555599999999998,5.555599999999998e-06,0.17928178618433788,0.13906878356661065
5.5563999999999965,5.5563999999999965e-06,0.1496233657222959,0.1389688804095345
5.557200000000002,5.557200000000002e-06,0.12782316893529144,0.1388550087972072
5.558,5.558e-06,0.1431723141989119,0.1387277391714351
5.558799999999998,5.5587999999999975e-06,0.16712128520514857,0.13858776758397287
5.559599999999996,5.559599999999996e-06,0.09971925802251208,0.1384359086403341
5.560400000000001,5.560400000000001e-06,0.1352618890837542,0.1382730868325775
5.5611999999999995,5.561199999999999e-06,0.14535305251818276,0.13810032638151132
5.561999999999998,5.561999999999998e-06,0.11874066780885045,0.13791873967324586
5.562799999999996,5.562799999999995e-06,0.17456984010785564,0.1377295143016305
5.563600000000001,5.5636e-06,0.16596793384819208,0.13753389864646795
5.564399999999999,5.564399999999999e-06,0.14624898987744012,0.1373331858752807
5.565199999999997,5.565199999999997e-06,0.15675473946142143,0.13712869628874516
5.565999999999995,5.5659999999999955e-06,0.14067307054183936,0.136921758037923
5.566800000000001,5.566800000000001e-06,0.1260549362484259,0.13671368638687487
5.567599999999992,5.567599999999991e-06,0.16149524494657486,0.1365057618245631
5.568399999999997,5.5683999999999965e-06,0.14383391176042654,0.1362992074152155
5.569200000000002,5.569200000000002e-06,0.16479869469698355,0.13609516582347564
5.57,5.57e-06,0.15349649325686326,0.13589467649373183
5.570799999999998,5.570799999999998e-06,0.07908016682956115,0.1356986535344773
5.5715999999999966,5.571599999999996e-06,0.16165109292400826,0.1355078649528969
5.572400000000002,5.572400000000002e-06,0.13160588937825762,0.1353229139522574
5.5732,5.5731999999999994e-06,0.0836892227115576,0.13514422299815765
5.573999999999998,5.573999999999998e-06,0.11126922721742172,0.1349720212812013
5.574799999999996,5.574799999999996e-06,0.15013819371769416,0.134806336076513
5.575600000000001,5.575600000000001e-06,0.13103205055980416,0.13464698832730554
5.5764,5.5764e-06,0.08317798791896153,0.13449359257383456
5.577199999999998,5.577199999999997e-06,0.1448194998684577,0.13434556115652932
5.577999999999996,5.5779999999999956e-06,0.14233141513984965,0.13420211246317154
5.578800000000001,5.578800000000001e-06,0.13974025170542098,0.13406228284112046
5.579599999999999,5.579599999999999e-06,0.17668305702414694,0.13392494165749788
5.580399999999997,5.5803999999999974e-06,0.1174218222315509,0.13378880890931866
5.5811999999999955,5.581199999999995e-06,0.12037404620109171,0.1336524747912889
5.582000000000001,5.582e-06,0.14430069935009932,0.13351442069176633
5.582799999999999,5.5827999999999985e-06,0.16954203704211174,0.13337304114415588
5.583599999999997,5.583599999999997e-06,0.13963111995939298,0.13322666627766533
5.584399999999995,5.584399999999995e-06,0.13463528099368788,0.13307358431831567
5.5852,5.5852e-06,0.12381102607180489,0.13291206373751616
5.5859999999999985,5.585999999999998e-06,0.12197943301625441,0.13274037472568834
5.586799999999997,5.586799999999996e-06,0.1498766186857003,0.13255680972690576
5.587600000000002,5.587600000000001e-06,0.1504984979099791,0.1323597027716709
5.5884,5.5884e-06,0.13551873525006075,0.13214744731069905
5.589200000000005,5.589200000000005e-06,0.14281276634955437,0.13191851223449408
5.589999999999996,5.5899999999999965e-06,0.1362629856659795,0.1316714557907026
5.5908000000000015,5.590800000000002e-06,0.1644209900246919,0.13140493717094295
5.5916,5.591599999999999e-06,0.1365064038751394,0.1311177256069
5.592399999999998,5.5923999999999975e-06,0.17331303072502074,0.1308087068913643
5.593199999999996,5.593199999999996e-06,0.0898620550656683,0.13047688733973115
5.594000000000001,5.594000000000001e-06,0.16306601931295872,0.13012139533109426
5.594799999999999,5.594799999999999e-06,0.11576574666202277,0.12974148068466032
5.5955999999999975,5.595599999999997e-06,0.11518623412351964,0.12933651219934827
5.596399999999996,5.596399999999995e-06,0.11855928579415542,0.1289059737000416
5.597200000000001,5.5972e-06,0.139855813514226,0.12844945890229784
5.597999999999999,5.597999999999999e-06,0.13163180043828882,0.12796666533898005
5.598799999999997,5.598799999999997e-06,0.1508400774479372,0.12745738750745075
5.599599999999995,5.599599999999995e-06,0.1252586729037215,0.12692150933297563
5.6004000000000005,5.600400000000001e-06,0.12770647146360126,0.12635899603194298
5.601199999999999,5.601199999999998e-06,0.15372061898020367,0.12576988549128917
5.601999999999997,5.6019999999999965e-06,0.10279555438098242,0.1251542793294197
5.602799999999995,5.602799999999995e-06,0.13333251172217492,0.12451233384708167
5.6036,5.6036e-06,0.11313354071603826,0.12384425110559935
5.604399999999998,5.604399999999998e-06,0.11276699497231113,0.12315027037506932
5.605199999999996,5.605199999999996e-06,0.15193914684752602,0.12243066016646204
5.6059999999999945,5.605999999999994e-06,0.11814753650457754,0.12168571100657857
5.6068,5.606799999999999e-06,0.11551400638427323,0.12091572906168907
5.607600000000005,5.6076000000000046e-06,0.1194830262190566,0.12012103068982989
5.608399999999996,5.608399999999996e-06,0.09042359929267202,0.11930193799731983
5.609200000000001,5.609200000000001e-06,0.15228904845407376,0.11845877545802926
5.609999999999999,5.609999999999999e-06,0.13217083829662868,0.11759186760185779
5.610800000000005,5.610800000000005e-06,0.12929597048441188,0.11670153771314629
5.611599999999996,5.6115999999999955e-06,0.10142318318924254,0.11578810744968565
5.612400000000001,5.612400000000001e-06,0.11520930832357607,0.114851897321925
5.613199999999999,5.613199999999999e-06,0.10291660139840236,0.11389322802549548
5.613999999999997,5.6139999999999966e-06,0.12629797513752772,0.11291242264157372
5.614799999999995,5.614799999999995e-06,0.08892318318924247,0.11190980968799359
5.615600000000001,5.6156e-06,0.12561765292168642,0.11088572694083976
5.616399999999999,5.6163999999999984e-06,0.10363872246862688,0.109840525878059
5.617199999999997,5.617199999999997e-06,0.10155822599530173,0.10877457653285445
5.617999999999995,5.617999999999994e-06,0.13442325905327407,0.10768827248638294
5.6188,5.6188e-06,0.12431620782439345,0.10658203568144523
5.619599999999998,5.619599999999998e-06,0.12412139785255177,0.10545632071523126
5.6203999999999965,5.620399999999996e-06,0.11724819445395279,0.10431161829106532
5.621199999999995,5.6211999999999946e-06,0.07588206481375509,0.10314845758547436
5.622,5.622e-06,0.10827558141636723,0.1019674073905273
5.622799999999998,5.622799999999998e-06,0.14748537111167032,0.1007690759702625
5.623599999999996,5.623599999999996e-06,0.12875693262597193,0.09955410959829121
5.624399999999994,5.624399999999994e-06,0.1178199527552588,0.09832318976108376
5.6251999999999995,5.625199999999999e-06,0.08665355046402512,0.09707702908943101
5.626000000000005,5.626000000000004e-06,0.10000069107452964,0.09581636623643834
5.626799999999996,5.626799999999996e-06,0.055146136466326046,0.0945419600889504
5.627600000000001,5.627600000000001e-06,0.07949153679908111,0.09325458379591114
5.628399999999999,5.628399999999999e-06,0.10639329960635119,0.09195501908199409
5.629200000000004,5.6292000000000045e-06,0.10447829735336917,0.09064405120372977
5.6299999999999955,5.629999999999995e-06,0.08921823500702997,0.08932246475757552
5.630800000000001,5.6308e-06,0.12328749668775907,0.08799104043918995
5.631599999999999,5.631599999999999e-06,0.072346355782751,0.08665055282178853
5.632400000000004,5.632400000000004e-06,0.052639894914883745,0.08530176925489541
5.633199999999995,5.633199999999995e-06,0.06800095544999596,0.08394545003341788
5.634,5.634e-06,0.09726427075973959,0.0825823499901252
5.6347999999999985,5.634799999999998e-06,0.06256764464611664,0.08121322158410331
5.635599999999997,5.6355999999999965e-06,0.0925167673803165,0.07983881941558904
5.636399999999995,5.636399999999995e-06,0.09219750569958729,0.07845990595751953
5.6372,5.6372e-06,0.07014689280915343,0.07707725819969484
5.637999999999998,5.6379999999999975e-06,0.07238815463713422,0.07569167485547287
5.638799999999996,5.638799999999996e-06,0.06921483031566245,0.07430398376568816
5.639599999999994,5.639599999999994e-06,0.05454733144210355,0.07291504912225033
5.6404,5.640399999999999e-06,0.08688524191312785,0.07152577809666326
5.641199999999998,5.641199999999998e-06,0.12115895980860847,0.07013712639059289
5.641999999999996,5.641999999999995e-06,0.08732271375130207,0.06875010215753358
5.642799999999994,5.642799999999994e-06,0.09417586832125407,0.06736576773534358
5.643599999999999,5.643599999999999e-06,0.08424887493284866,0.0659852387235294
5.644399999999997,5.644399999999997e-06,0.09198813210771362,0.06460968012278231
5.6451999999999956,5.6451999999999955e-06,0.09141845432355494,0.06324029947050706
5.646000000000001,5.646000000000001e-06,0.06309911677879432,0.06187833711361036
5.646799999999999,5.646799999999999e-06,0.039560570887815394,0.06052505395081604
5.647600000000004,5.647600000000004e-06,0.07011700922626207,0.05918171714132642
5.648399999999995,5.648399999999995e-06,0.047812575541031244,0.0578495843825791
5.6492,5.6492e-06,0.07131764464611667,0.05652988738423269
5.649999999999999,5.649999999999998e-06,0.053257045273475134,0.055223815128945225
5.650800000000004,5.6508000000000036e-06,0.04282921967821057,0.05393249745933376
5.651599999999995,5.651599999999994e-06,0.03902493772094301,0.0526569894912203
5.6524,5.6523999999999994e-06,0.06374047700022734,0.05139825731591713
5.653199999999998,5.653199999999998e-06,0.04638308553204884,0.05015716539652875
5.6540000000000035,5.654000000000003e-06,0.02351653978832169,0.04893446598297982
5.6547999999999945,5.6547999999999945e-06,0.046444365383586206,0.04773079078510532
5.6556,5.6556e-06,0.040230490517919604,0.04654664505715564
5.656399999999998,5.656399999999997e-06,0.03841213690808115,0.04538240414530555
5.657199999999996,5.6571999999999956e-06,0.0595431704078086,0.04423831242924462
5.657999999999994,5.657999999999994e-06,0.06241955090578022,0.04311448447268221
5.658799999999999,5.658799999999999e-06,0.05396044168937286,0.04201090811557028
5.6595999999999975,5.6595999999999974e-06,0.0355164639242902,0.04092744921354456
5.660399999999996,5.660399999999996e-06,0.04987718422000442,0.03986385775774257
5.661199999999994,5.661199999999993e-06,0.013690544588689235,0.038819775161813355
5.661999999999999,5.6619999999999985e-06,0.036425640729259356,0.03779474253869429
5.662799999999997,5.662799999999997e-06,0.03941739452470128,0.036788209777714555
5.663599999999995,5.663599999999995e-06,0.07675738551287303,0.03579954517231673
5.6644000000000005,5.6644e-06,0.03716156907668844,0.034828045272389745
5.665199999999999,5.665199999999999e-06,0.05300322447857819,0.03387294459640318
5.666000000000004,5.666000000000004e-06,0.020562423812968134,0.03293342487187583
5.666799999999995,5.666799999999995e-06,0.04258598998048568,0.032008623558656885
5.6676,5.6676e-06,0.022119202390812776,0.031097641492993572
5.668399999999998,5.668399999999998e-06,0.08312767618746553,0.030199549533236666
5.669200000000004,5.669200000000003e-06,0.03522992268652714,0.029313394098767744
5.669999999999995,5.669999999999994e-06,0.027078159879357022,0.02843820151570792
5.6708,5.6708e-06,0.02647500530940483,0.02757298115120339
5.671599999999998,5.6715999999999975e-06,0.06065982879893905,0.02671672741829331
5.672400000000003,5.672400000000003e-06,0.022457945068795948,0.025868420819168018
5.673199999999994,5.673199999999994e-06,0.018392844422361776,0.025027028248098743
5.6739999999999995,5.673999999999999e-06,0.05336504135651776,0.02419150281705024
5.674799999999998,5.674799999999998e-06,0.025556182261525784,0.023360783509448795
5.675600000000003,5.675600000000003e-06,0.00796161413562968,0.022533795003623264
5.676399999999994,5.676399999999994e-06,-0.02120145932816797,0.021709448033506242
5.677199999999999,5.677199999999999e-06,0.04465475969375354,0.02088664065793451
5.677999999999997,5.677999999999997e-06,0.02710123407941334,0.020064260758255625
5.6788000000000025,5.678800000000002e-06,-0.010405763814956392,0.019241189970065388
5.6795999999999935,5.679599999999993e-06,0.0028413234610372706,0.01841630912530108
5.680399999999999,5.680399999999998e-06,0.048936799657823826,0.017588505174886644
5.681199999999997,5.6811999999999965e-06,0.01980360977701734,0.016756679467208626
5.681999999999995,5.681999999999995e-06,0.018774142297455554,0.015919757162575578
5.6828,5.6828e-06,0.019160925381264238,0.01507669749915475
5.683599999999998,5.683599999999998e-06,0.037629869352016176,0.014226504615015588
5.684400000000004,5.6844000000000035e-06,0.022871207044028452,0.013368238654070682
5.685199999999995,5.685199999999994e-06,0.017061515742177624,0.012501026917793855
5.686,5.6859999999999994e-06,0.017399690588668193,0.011624074871159054
5.686799999999998,5.686799999999998e-06,-0.006627960749112538,0.010736676869466909
5.687600000000003,5.687600000000003e-06,0.021866137938843178,0.009838226520184443
5.688399999999994,5.688399999999994e-06,0.039447466619027205,0.008928226607297342
5.6892,5.6892e-06,-0.01896095384301455,0.008006298488455466
5.689999999999998,5.689999999999997e-06,-0.011696049983584755,0.007072190855313493
5.690800000000003,5.690800000000002e-06,-0.0017739739723013903,0.006125787736854103
5.691599999999994,5.691599999999994e-06,0.025200795446463253,0.005167115593018998
5.692399999999999,5.692399999999999e-06,-0.0134816831505572,0.0041963492605482
5.693199999999997,5.6931999999999974e-06,0.011914746176061253,0.003213816397327325
5.694000000000003,5.6940000000000026e-06,0.008242670164878008,0.0022199999752386228
5.694799999999994,5.694799999999993e-06,0.04444822296185469,0.0012155383131430865
5.695599999999999,5.6955999999999985e-06,0.039576835705036895,0.00020122211889921082
5.696399999999997,5.696399999999997e-06,0.026642768558330032,-0.0008220119577399196
5.697200000000002,5.697200000000002e-06,-0.003770304905467703,-0.0018530916384564972
5.697999999999993,5.697999999999993e-06,0.052819761946735655,-0.0028908233687493165
5.6987999999999985,5.698799999999999e-06,0.017217363719610912,-0.003933910645714526
5.699599999999997,5.699599999999996e-06,0.014231851475711266,-0.004980976033077612
5.700400000000002,5.700400000000001e-06,-0.03312270313259236,-0.006030586363974161
5.7012,5.7012e-06,-0.004897933713727709,-0.007081280431295894
5.701999999999998,5.701999999999998e-06,0.02048544467851343,-0.008131598313007284
5.702800000000003,5.702800000000003e-06,-0.025376448063457624,-0.009180111415672057
5.7035999999999945,5.703599999999994e-06,-0.02099832728773654,-0.010225452326462329
5.7044,5.704399999999999e-06,-0.012513307011198016,-0.011266343592147222
5.705199999999998,5.7051999999999975e-06,-0.03146227801733459,-0.012301624578478873
5.706000000000003,5.706000000000003e-06,-0.03908881024336941,-0.013330275628929564
5.706799999999994,5.706799999999994e-06,-0.02749666287401864,-0.014351438853782032
5.707599999999999,5.707599999999999e-06,-0.006235503945354104,-0.015364435035187342
5.7083999999999975,5.708399999999997e-06,-0.015105794619946766,-0.01636877631717208
5.709200000000003,5.709200000000003e-06,0.007896361761232318,-0.017364174529826974
5.709999999999994,5.709999999999994e-06,-0.06010503827711933,-0.018350545130206928
5.710799999999999,5.710799999999999e-06,-0.010375123889137638,-0.019328006811773026
5.711599999999997,5.711599999999997e-06,-0.03694570974418676,-0.020296876872249046
5.712400000000002,5.712400000000002e-06,0.009121963386855891,-0.02125766248800806
5.713199999999993,5.713199999999993e-06,-0.046656899477741653,-0.022211048136605183
5.713999999999999,5.713999999999998e-06,-0.012187803779026618,-0.023157879505946263
5.714799999999997,5.7147999999999965e-06,-0.015866121341652217,-0.024099144297469705
5.715600000000002,5.715600000000002e-06,-0.012735920048783766,-0.025035950374014085
5.716399999999993,5.716399999999992e-06,-0.024240497186507892,-0.025969501732952448
5.717199999999998,5.717199999999998e-06,-0.012169646956092461,-0.02690107279734271
5.717999999999996,5.717999999999996e-06,-0.028658904130957508,-0.027831981505947744
5.718800000000002,5.718800000000001e-06,-0.01789101168348961,-0.02876356165598545
5.7196,5.719599999999999e-06,-0.06724397774200708,-0.029697134926053803
5.720399999999998,5.720399999999998e-06,0.02051665243572487,-0.03063398299501865
5.721200000000003,5.721200000000003e-06,-0.02915141426922685,-0.031575320185988257
5.722000000000001,5.722000000000001e-06,-0.02114642102807296,-0.03252226709186577
5.722799999999999,5.722799999999999e-06,-0.035678877095572714,-0.033475825643933546
5.723599999999998,5.723599999999997e-06,-0.022534868525499574,-0.034436856046411064
5.724400000000003,5.724400000000002e-06,-0.015038273216967157,-0.035406055941442374
5.725199999999994,5.725199999999994e-06,-0.025411816854963964,-0.036383942121678364
5.725999999999999,5.725999999999999e-06,-0.015485579809385697,-0.037370835067338876
5.726799999999997,5.7267999999999966e-06,-0.045195445368720444,-0.03836684652733259
5.7276000000000025,5.7276000000000026e-06,-0.01712709175888194,-0.03937187028374948
5.7283999999999935,5.728399999999993e-06,-0.03773440736312883,-0.040385576153756604
5.729199999999999,5.7291999999999984e-06,-0.03516764230297664,-0.04140740721180201
5.729999999999997,5.729999999999997e-06,-0.037123687067414424,-0.042436580161895714
5.730800000000002,5.730800000000002e-06,-0.054403154546876276,-0.043472088750152654
5.731599999999993,5.731599999999993e-06,-0.0423024207335696,-0.044512710083933996
5.732399999999998,5.732399999999998e-06,-0.02220993312472086,-0.04555701372415668
5.7331999999999965,5.733199999999996e-06,-0.03578668466718071,-0.04660337344023481
5.734000000000002,5.734000000000001e-06,-0.03029909190613367,-0.04764998153949999
5.734799999999993,5.734799999999993e-06,-0.0653032529404286,-0.04869486567350813
5.735599999999998,5.735599999999998e-06,-0.04670002250644478,-0.04973590797702764
5.736399999999996,5.736399999999996e-06,-0.03443303812986753,-0.05077086634419252
5.737200000000001,5.737200000000001e-06,-0.02200396422431472,-0.05179739762533256
5.7379999999999995,5.737999999999999e-06,-0.0641304205863179,-0.05281308253152391
5.738799999999998,5.7387999999999975e-06,-0.061537932977469234,-0.05381545202353532
5.739600000000003,5.739600000000003e-06,-0.032842214934736824,-0.05480201492216712
5.740400000000001,5.740400000000001e-06,-0.013480738296195005,-0.055770286436526414
5.741199999999999,5.741199999999999e-06,-0.06556690848956992,-0.0567178172849908
5.741999999999997,5.741999999999997e-06,-0.03717229530463262,-0.05764222305065016
5.742800000000003,5.742800000000002e-06,-0.08184527938680641,-0.05854121333702139
5.743600000000001,5.7436e-06,-0.06201852784434658,-0.05941262019539857
5.744399999999999,5.744399999999999e-06,-0.04254092156550715,-0.06025442523989087
5.745199999999997,5.745199999999997e-06,-0.05560851883251827,-0.06106478487664063
5.746000000000002,5.746000000000002e-06,-0.08760352559136453,-0.0618420531249316
5.7468,5.7468e-06,-0.09032954332041754,-0.06258480156064194
5.7475999999999985,5.747599999999998e-06,-0.0759298610303949,-0.06329183596652817
5.748399999999997,5.7483999999999965e-06,-0.05817812075264528,-0.06396220937088515
5.749200000000002,5.749200000000002e-06,-0.0755285143266542,-0.06459523131931641
5.749999999999993,5.749999999999992e-06,-0.04473830402195744,-0.06519047341755019
5.750799999999998,5.7507999999999975e-06,-0.045390823172054895,-0.06574777134585205
5.751599999999996,5.751599999999996e-06,-0.07504924363409693,-0.0662672236426004
5.7524000000000015,5.752400000000001e-06,-0.0730007112608102,-0.06674918758475554
5.7531999999999925,5.753199999999993e-06,-0.042414957170964884,-0.06719427248032436
5.753999999999998,5.753999999999998e-06,-0.03941280078978604,-0.0676033306699661
5.754799999999996,5.754799999999995e-06,-0.07583453656157135,-0.06797744652735692
5.755600000000001,5.755600000000001e-06,-0.04551962442657187,-0.06831792372690391
5.756399999999999,5.756399999999999e-06,-0.07010352559136457,-0.06862627099097976
5.757199999999997,5.757199999999997e-06,-0.08368859920241412,-0.06890418645544645
5.758000000000003,5.758000000000002e-06,-0.06191904234122825,-0.06915354073847535
5.758800000000001,5.758800000000001e-06,-0.03140005331143503,-0.0693763587837328
5.759599999999999,5.759599999999999e-06,-0.08109686793649273,-0.06957480056785947
5.760399999999997,5.7603999999999966e-06,-0.07985027262796018,-0.06975114078173361
5.761200000000002,5.761200000000002e-06,-0.06725229981059666,-0.06990774758861978
5.7620000000000005,5.762e-06,-0.048719995471060096,-0.07004706054692698
5.762799999999999,5.7627999999999984e-06,-0.08908786538900715,-0.07017156779686931
5.763599999999997,5.763599999999997e-06,-0.050442268269247914,-0.07028378264819694
5.764400000000002,5.764400000000002e-06,-0.08720350306184377,-0.07038621974224255
5.7652,5.7651999999999995e-06,-0.06008328825128306,-0.07048137098765363
5.765999999999998,5.765999999999998e-06,-0.07390629486287736,-0.07057168149918214
5.766799999999996,5.766799999999996e-06,-0.05065788341266375,-0.07065952580984161
5.767600000000002,5.767600000000001e-06,-0.058544666496372466,-0.07074718466913472
5.7684,5.7684e-06,-0.08272305992302964,-0.07083682276592035
5.769199999999998,5.769199999999997e-06,-0.06677851432665416,-0.07093046771298966
5.769999999999996,5.769999999999996e-06,-0.06878316732831014,-0.07102999061407334
5.770800000000001,5.770800000000001e-06,-0.0787519595710987,-0.07113708853139139
5.771599999999992,5.771599999999992e-06,-0.04947956584993818,-0.07125326919772171
5.7723999999999975,5.7723999999999975e-06,-0.026871758278230184,-0.07137983835764761
5.773199999999996,5.773199999999996e-06,-0.046967082747053635,-0.07151789014478399
5.774000000000001,5.774000000000001e-06,-0.046877999829672445,-0.07166830086407355
5.774799999999992,5.774799999999992e-06,-0.04970633992191864,-0.07183172642440898
5.775599999999997,5.775599999999997e-06,-0.0453817447605378,-0.07200860347345511
5.776400000000002,5.776400000000002e-06,-0.07955389663585266,-0.07219915407203381
5.777200000000001,5.7772e-06,-0.09280722546328857,-0.07240339355184333
5.777999999999999,5.777999999999999e-06,-0.06464165537891386,-0.07262114105611597
5.778799999999997,5.778799999999996e-06,-0.05589581641320873,-0.0728520321947099
5.779600000000002,5.779600000000002e-06,-0.0912839236712375,-0.0730955332577544
5.7804,5.7804e-06,-0.10592702417041999,-0.07335095648925659
5.781199999999998,5.781199999999998e-06,-0.021530935083199476,-0.07361747598642263
5.7819999999999965,5.7819999999999965e-06,-0.0862748452597204,-0.07389414386176404
5.782800000000002,5.782800000000002e-06,-0.06698788791852783,-0.07417990638553676
5.7836,5.7836e-06,-0.07143277375440116,-0.07447361988493771
5.784399999999998,5.7843999999999975e-06,-0.07268069323725379,-0.07477406619243758
5.785199999999996,5.785199999999996e-06,-0.03721258147336093,-0.07507996743057097
5.786000000000001,5.786000000000001e-06,-0.10267577586013166,-0.0753899999178754
5.7867999999999995,5.786799999999999e-06,-0.0791587914834544,-0.07570280697395179
5.787599999999998,5.787599999999998e-06,-0.047626411279986125,-0.0760170103868322
5.788399999999996,5.788399999999995e-06,-0.10557012466960258,-0.07633122030484056
5.789200000000001,5.7892e-06,-0.059697261510401556,-0.07664404334415702
5.789999999999999,5.789999999999999e-06,-0.12596390564758098,-0.07695408875214187
5.790799999999997,5.790799999999997e-06,-0.08666578937782399,-0.07725997253056768
5.791599999999995,5.7915999999999955e-06,-0.05522665312593189,-0.07756031952427381
5.792400000000001,5.792400000000001e-06,-0.07551659905516239,-0.0778537636324555
5.793199999999992,5.793199999999991e-06,-0.06246299757679041,-0.07813894646680186
5.793999999999997,5.7939999999999965e-06,-0.05338881851883914,-0.0784145148992001
5.794800000000002,5.794800000000002e-06,-0.07930423687525068,-0.07867911797637998
5.7956,5.7956e-06,-0.08967569999609992,-0.07893140364514001
5.796399999999998,5.796399999999998e-06,-0.04909978066049914,-0.07917001567057139
5.797199999999997,5.797199999999996e-06,-0.08003884104835979,-0.0793935910791766
5.798000000000002,5.798000000000002e-06,-0.05655174025467369,-0.079600758433526
5.7988,5.7987999999999994e-06,-0.06711650066171004,-0.07979013722692166
5.799599999999998,5.799599999999998e-06,-0.05669434878639523,-0.0799603386480947
5.800399999999996,5.800399999999996e-06,-0.07742744027384951,-0.08010996789874494
5.8012000000000015,5.801200000000001e-06,-0.07172215185223918,-0.08023762815931935
5.802,5.802e-06,-0.08573580740138054,-0.08034192620698016
5.802799999999998,5.802799999999997e-06,-0.06833321238735135,-0.08042147961590673
5.803599999999996,5.8035999999999956e-06,-0.011455091611630164,-0.08047492542839986
5.804400000000001,5.804400000000001e-06,-0.08096466199050834,-0.08050093015928395
5.805199999999999,5.805199999999999e-06,-0.10947956584993823,-0.08049820093852804
5.805999999999997,5.8059999999999974e-06,-0.04327268887864144,-0.08046549748156488
5.8067999999999955,5.806799999999995e-06,-0.11817528389267051,-0.08040164444782547
5.807600000000001,5.8076e-06,-0.06990663510237538,-0.08030554367955749
5.808399999999999,5.8083999999999985e-06,-0.10567812075264538,-0.08017618582872743
5.809199999999997,5.809199999999997e-06,-0.05747623702250226,-0.0800126609537657
5.809999999999995,5.809999999999995e-06,-0.10669850982069007,-0.07981416777302221
5.8108,5.8108e-06,-0.08078592832435327,-0.07958002137880776
5.8115999999999985,5.811599999999999e-06,-0.04495883654249555,-0.07930965932807434
5.812399999999997,5.812399999999996e-06,-0.08530590128896853,-0.07900264612436994
5.813199999999995,5.813199999999995e-06,-0.10913874265490742,-0.07865867618087907
5.814,5.814e-06,-0.04239698885946552,-0.0782775753969112
5.814800000000005,5.814800000000005e-06,-0.05744351657953628,-0.07785930150555448
5.815599999999996,5.8155999999999965e-06,-0.06234403107651787,-0.0774039433795929
5.816400000000002,5.816400000000002e-06,-0.09346674250765563,-0.07691171949727767
5.8172,5.817199999999999e-06,-0.03485386583076244,-0.07638297573653952
5.817999999999998,5.8179999999999975e-06,-0.08145641578585028,-0.07581818259911868
5.818799999999996,5.818799999999996e-06,-0.05888416551718312,-0.07521793190337518
5.819600000000001,5.819600000000001e-06,-0.11622131964538007,-0.07458293293661358
5.820399999999999,5.820399999999999e-06,-0.06158862173193469,-0.07391400802307832
5.8211999999999975,5.821199999999997e-06,-0.06099114088193225,-0.07321208746530705
5.821999999999996,5.821999999999995e-06,-0.03457564666158908,-0.07247820387290431
5.822800000000001,5.8228e-06,-0.08547498871221393,-0.07171348596976591
5.823599999999999,5.823599999999999e-06,-0.07941412496410594,-0.0709191520048994
5.824399999999997,5.824399999999997e-06,-0.06190031768690152,-0.07009650286662547
5.825199999999995,5.825199999999995e-06,-0.07875328374541879,-0.06924691496583035
5.8260000000000005,5.826000000000001e-06,-0.026615856966285878,-0.06837183296283296
5.826799999999999,5.826799999999998e-06,-0.06462501124173448,-0.06747276245700015
5.827599999999997,5.8275999999999965e-06,-0.04352594184204572,-0.06655126278859987
5.828399999999995,5.828399999999995e-06,-0.04580124828721266,-0.06560894007989058
5.8292,5.8292e-06,-0.08412134217480072,-0.06464744056784473
5.829999999999998,5.829999999999998e-06,-0.043930125405861165,-0.06366844418532443
5.830799999999996,5.830799999999996e-06,-0.07181823266388998,-0.06267365826913983
5.831599999999995,5.831599999999994e-06,-0.02285129334625391,-0.06166481123598587
5.8324,5.832399999999999e-06,-0.0771535706503057,-0.0606436460644454
5.833200000000005,5.8332000000000046e-06,-0.06329500673577038,-0.05961191342344961
5.833999999999996,5.833999999999996e-06,-0.07813291720689464,-0.05857136427893852
5.834800000000001,5.834800000000001e-06,-0.07395376743731019,-0.057523741815005525
5.8355999999999995,5.835599999999999e-06,-0.06656081866609076,-0.05647077256416402
5.836400000000005,5.836400000000005e-06,-0.015281691426026978,-0.05541415676612842
5.837199999999996,5.8371999999999955e-06,-0.04958188821303133,-0.05435555813217778
5.838000000000001,5.838000000000001e-06,-0.039560326698729775,-0.053296593320181385
5.838799999999999,5.838799999999999e-06,-0.07622491284818234,-0.05223882147453506
5.839599999999997,5.8395999999999966e-06,-0.05210553024448028,-0.05118373416470759
5.840399999999995,5.840399999999995e-06,-0.007776774048904755,-0.050132746027875374
5.841200000000001,5.8412e-06,-0.030326327140484888,-0.0490871864319726
5.841999999999999,5.8419999999999984e-06,-0.041873270963984965,-0.04804829250199642
5.842799999999997,5.842799999999997e-06,-0.0325465952855567,-0.04701720383363769
5.843599999999995,5.843599999999995e-06,-0.062477749708257035,-0.04599495913640626
5.8444,5.8444e-06,-0.020692872884112035,-0.04498249494953342
5.845199999999998,5.845199999999998e-06,0.0007366171248703868,-0.0439806465090455
5.8459999999999965,5.845999999999996e-06,-0.04099189722485952,-0.042990150813084646
5.846799999999995,5.8467999999999946e-06,-0.019934626679553924,-0.04201165188864389
5.8476,5.8476e-06,-0.004905499439489924,-0.04104570816789674
5.848399999999998,5.848399999999998e-06,-0.04982681910784603,-0.040092801744426074
5.849199999999996,5.849199999999996e-06,-0.06049314553514795,-0.03915334913463633
5.849999999999994,5.849999999999994e-06,-0.01276012991172537,-0.038227713050066
5.8508,5.850799999999999e-06,-0.033730586568232024,-0.03731621462113858
5.851600000000005,5.851600000000004e-06,-0.014890179476630738,-0.03641914551179848
5.852399999999996,5.852399999999996e-06,-0.022465266605372514,-0.03553677939139282
5.853200000000001,5.853200000000001e-06,-0.046285436356892196,-0.03466938223261542
5.853999999999999,5.853999999999999e-06,-0.0980084654980074,-0.03381722087209659
5.8548000000000044,5.8548000000000045e-06,-0.03905192876610841,-0.03298056925081132
5.8555999999999955,5.855599999999995e-06,-0.038527454527800375,-0.032159711816906994
5.856400000000001,5.8564e-06,-0.047941700437855284,-0.0313549437589762
5.857199999999999,5.857199999999999e-06,-0.01600872987347357,-0.03056656799859273
5.858000000000004,5.858000000000004e-06,-0.020905083336060448,-0.02979488911958914
5.858799999999995,5.858799999999995e-06,-0.0757853604929607,-0.029040204593719143
5.8596,5.8596e-06,0.01650791426370568,-0.028302793780626577
5.8603999999999985,5.860399999999998e-06,-0.014663405404650165,-0.02758290526631228
5.861199999999997,5.8611999999999965e-06,-0.02995562036246291,-0.026880743179056123
5.861999999999995,5.861999999999995e-06,-0.01647343694589909,-0.0261964531696848
5.8628,5.8628e-06,0.0031286210417276195,-0.02553010874278959
5.863599999999998,5.8635999999999975e-06,-0.010359047583350933,-0.02488169858980219
5.864399999999996,5.864399999999996e-06,-0.028724345016789554,-0.024251115526495087
5.865199999999994,5.865199999999994e-06,0.007014988022006841,-0.023638147576161908
5.866,5.865999999999999e-06,0.01120813358023065,-0.023042471663223055
5.866799999999998,5.866799999999998e-06,-0.01272551746304651,-0.022463650297869998
5.867599999999996,5.867599999999995e-06,0.04166849110692661,-0.021901131532065524
5.868399999999994,5.868399999999994e-06,-0.02041749057491349,-0.021354252327145797
5.869199999999999,5.869199999999999e-06,-0.023805105865581155,-0.020822245286881955
5.869999999999997,5.869999999999997e-06,-0.022511226494050574,-0.02030424850339128
5.870799999999996,5.8707999999999955e-06,0.024546952122145638,-0.019799318087611303
5.871600000000001,5.871600000000001e-06,0.006823014910139924,-0.019306442850277983
5.872399999999999,5.872399999999999e-06,-0.07246394243105259,-0.018824560545013302
5.873200000000004,5.873200000000004e-06,-0.002145437093150737,-0.018352575030734525
5.873999999999995,5.873999999999995e-06,-0.013578331793600684,-0.01788937365533767
5.8748000000000005,5.8748e-06,-0.02219480167329624,-0.017433844159310555
5.875599999999999,5.8755999999999984e-06,-0.05115909264239216,-0.016984890464231368
5.876400000000004,5.8764000000000036e-06,0.0024817756116797263,-0.01654144680891513
5.877199999999995,5.877199999999994e-06,-0.040989248876219575,-0.01610248980199839
5.878,5.8779999999999995e-06,-0.027535624868326947,-0.015667048085038552
5.878799999999998,5.878799999999998e-06,-0.02421836784081377,-0.015234209447171663
5.8796000000000035,5.879600000000003e-06,-0.020398765920586648,-0.014803125389780954
5.8803999999999945,5.8803999999999946e-06,0.025766312196326968,-0.014373013301652388
5.8812,5.8812e-06,-0.027795119383273503,-0.013943156556996177
5.881999999999998,5.881999999999997e-06,0.025846316702191063,-0.013512902955416862
5.882799999999996,5.882799999999996e-06,-0.0007375085985700247,-0.013081661956926187
5.883599999999994,5.883599999999994e-06,0.008437480136719744,-0.012648901131004439
5.884399999999999,5.884399999999999e-06,-0.0035686855506910087,-0.012214142159175679
5.8851999999999975,5.8851999999999975e-06,0.025207036997905496,-0.011776956625358354
5.885999999999996,5.885999999999996e-06,-0.0472810477306026,-0.011336961713797784
5.886799999999994,5.886799999999993e-06,-0.024654515504667907,-0.010893815829809778
5.887599999999999,5.8875999999999985e-06,0.013696218308738906,-0.010447214092115494
5.888399999999997,5.888399999999997e-06,0.017126200285182303,-0.00999688364688469
5.889199999999995,5.889199999999995e-06,0.005647345696054407,-0.009542578812134656
5.890000000000001,5.89e-06,-0.0022867214506522293,-0.009084076109363973
5.890799999999999,5.890799999999999e-06,-0.05261638571711846,-0.008621169220077548
5.891600000000004,5.891600000000004e-06,0.0015502809495815395,-0.008153663842473026
5.892399999999995,5.892399999999995e-06,0.001674732658368927,-0.007681372397812763
5.8932,5.8932e-06,0.018555690294164817,-0.00720410859266926
5.893999999999998,5.893999999999998e-06,0.02443630769046279,-0.006721681944016779
5.894800000000004,5.894800000000003e-06,-0.029101481857688682,-0.006233892436449515
5.895599999999995,5.895599999999994e-06,0.014257574024307829,-0.005740525461210723
5.8964,5.8964e-06,-0.010187311811565514,-0.005241347116907664
5.897199999999998,5.8971999999999975e-06,0.03564242831893227,-0.004736099893866257
5.898000000000003,5.898000000000003e-06,0.00012419563196652827,-0.004224498741818924
5.898799999999994,5.898799999999994e-06,0.01706019156785754,-0.0037062275038207437
5.8995999999999995,5.899599999999999e-06,0.0019329029989952895,-0.003180935650539712
5.900399999999998,5.900399999999998e-06,0.002748835852288689,-0.0026482351676461267
5.901200000000003,5.901200000000003e-06,-0.07644147284586045,-0.002107697367408842
5.901999999999994,5.901999999999994e-06,0.011399918180662993,-0.0015588493587301688
5.902799999999999,5.902799999999999e-06,-0.042807034654665455,-0.0010011699648858118
5.903599999999997,5.903599999999997e-06,0.009030043609499883,-0.0004340850488722017
5.9044000000000025,5.904400000000002e-06,0.02543797210418075,0.00014303754247100382
5.905199999999994,5.905199999999993e-06,0.03715192283377877,0.0007308929551685705
5.905999999999999,5.905999999999998e-06,0.017434303037247134,0.0013302435993056863
5.906799999999997,5.9067999999999965e-06,0.04716648645381072,0.0019419220513112968
5.907599999999995,5.907599999999995e-06,0.023171555558996082,0.002566832013274783
5.9084,5.9084e-06,-0.024792963002094548,0.0032059469275859623
5.9091999999999985,5.909199999999998e-06,0.05758863832902572,0.003860306041780997
5.910000000000004,5.9100000000000036e-06,-0.01588446667602106,0.0045310078860261015
5.910799999999995,5.910799999999994e-06,0.06180334540155108,0.0052192012361651965
5.9116,5.9115999999999994e-06,0.014403587247496796,0.005926073705938674
5.912399999999998,5.912399999999998e-06,0.01017147969496468,0.006652838187647473
5.913200000000003,5.913200000000003e-06,-0.005205468634499666,0.007400717464998086
5.913999999999994,5.913999999999994e-06,-0.012201231736173268,0.008170927431421606
5.9148,5.9148e-06,-0.021331016925612345,0.008964659406049725
5.915599999999998,5.915599999999997e-06,0.03882747940046105,0.009783062001922317
5.916400000000003,5.916400000000002e-06,0.019741573582552685,0.010627222869480552
5.917199999999994,5.917199999999994e-06,0.043763551200283635,0.01149815047158434
5.917999999999999,5.917999999999999e-06,0.016680974209811184,0.01239675592673491
5.918799999999997,5.9187999999999974e-06,0.036086898051376104,0.013323834934947296
5.919600000000003,5.919600000000003e-06,0.01343388693381753,0.014280049862027112
5.920399999999994,5.920399999999993e-06,-0.0009345875989938968,0.015265912150423742
5.921199999999999,5.9211999999999985e-06,0.029913309354338002,0.01628176529908065
5.921999999999997,5.921999999999997e-06,0.06465873221661378,0.01732776868307955
5.922800000000002,5.922800000000002e-06,-0.009793719344922014,0.018403882471597154
5.923599999999993,5.923599999999993e-06,0.030747399030565448,0.01950985388897524
5.924399999999999,5.924399999999999e-06,0.04070768069332964,0.020645205079397808
5.925199999999997,5.925199999999996e-06,0.036171631422927675,0.021809222865043602
5.926000000000002,5.926000000000001e-06,0.03680466957587114,0.02300095070523916
5.9268,5.9268e-06,-0.010263343794569613,0.024219183180706517
5.927599999999998,5.927599999999998e-06,-0.0012044846995775682,0.025462463354500253
5.9284000000000034,5.928400000000003e-06,0.04807339423019785,0.026729083364002683
5.9291999999999945,5.929199999999994e-06,0.03658205653818547,0.028017088525621174
5.93,5.929999999999999e-06,0.014336065844517076,0.029324285092496235
5.930799999999998,5.9307999999999975e-06,0.0421169333622306,0.03064825166247755
5.931600000000003,5.931600000000003e-06,0.019698262042414705,0.031986354137786666
5.932399999999994,5.932399999999994e-06,0.007182374248162704,0.033335764073903026
5.933199999999999,5.933199999999999e-06,0.038149994044594515,0.034693480181138894
5.9339999999999975,5.933999999999997e-06,0.07629551530042245,0.03605635263518626
5.934800000000003,5.934800000000003e-06,0.0522845080998211,0.037421109724228116
5.935599999999994,5.935599999999994e-06,0.035847452365076415,0.03878438625854433
5.936399999999999,5.936399999999999e-06,0.046489568929436786,0.040142753144315244
5.937199999999997,5.937199999999997e-06,0.06479358651123812,0.041492747569646986
5.938000000000002,5.938000000000002e-06,0.04258296460907601,0.04283090331090041
5.938799999999993,5.938799999999993e-06,0.06087109439652544,0.04415378070541713
5.939599999999999,5.939599999999998e-06,0.04642753273497208,0.04545799586278933
5.940399999999997,5.9403999999999965e-06,0.07455432933637318,0.04674024871689956
5.941200000000002,5.941200000000002e-06,0.05080565351069316,0.04799734955476621
5.941999999999993,5.941999999999992e-06,0.0767467944157012,0.049226243695835364
5.942799999999998,5.942799999999998e-06,0.09053367589296213,0.05042403404627713
5.943599999999996,5.943599999999996e-06,0.020716002761919372,0.05158800132746265
5.944400000000002,5.944400000000001e-06,0.07553859327008439,0.0527156218769723
5.9452,5.945199999999999e-06,0.0642558728271182,0.05380458302371404
5.945999999999998,5.945999999999998e-06,0.07119035607725449,0.0548527961115793
5.946800000000003,5.946800000000003e-06,0.06355739378844272,0.055858407279184744
5.947600000000001,5.947600000000001e-06,0.04580432933637313,0.05681980612459232
5.9483999999999995,5.948399999999999e-06,0.04250920165455413,0.05773563241311924
5.949199999999998,5.949199999999997e-06,0.0854975507585285,0.05860478100280886
5.950000000000003,5.950000000000002e-06,0.06921199345558765,0.05942640513640272
5.950799999999994,5.950799999999994e-06,0.02037234270681393,0.06019991818801666
5.951599999999999,5.951599999999999e-06,0.05681147895870603,0.060924993890757194
5.952399999999997,5.9523999999999966e-06,0.0968782440188582,0.06160156501336608
5.9532000000000025,5.9532000000000026e-06,0.08194425273618305,0.06222982037331282
5.9539999999999935,5.953999999999993e-06,0.07660967109249456,0.0628101999805625
5.954799999999999,5.9547999999999985e-06,0.10039938942973031,0.06334338806317688
5.955599999999997,5.955599999999997e-06,0.09344050780531765,0.06383030377438592
5.956400000000002,5.956400000000002e-06,0.09221074514529931,0.06427208950358296
5.957199999999993,5.957199999999993e-06,0.03539314787828801,0.06467009687727124
5.957999999999998,5.957999999999998e-06,0.0335831163370392,0.06502587071034013
5.9587999999999965,5.958799999999996e-06,0.10037366688113386,0.06534113129987912
5.959600000000002,5.959600000000001e-06,0.09618260184015748,0.06561775548362424
5.960399999999993,5.960399999999993e-06,0.05249388169169478,0.06585775682124273
5.961199999999998,5.961199999999998e-06,0.04868959973442716,0.06606326518497421
5.961999999999996,5.961999999999996e-06,0.045932942079555394,0.06623650602693433
5.962800000000001,5.962800000000001e-06,0.07651585930942584,0.06637977958318161
5.9636,5.963599999999999e-06,0.07543135352986896,0.06649544020650522
5.964399999999998,5.9643999999999975e-06,0.11706813661357779,0.0665858758903618
5.965200000000003,5.965200000000003e-06,0.07646649472938039,0.06665348792938494
5.966000000000001,5.966000000000001e-06,0.08329449458212873,0.06670067063102708
5.966799999999999,5.966799999999999e-06,0.05362491519142232,0.06672979106329835
5.967599999999997,5.967599999999997e-06,0.09025186352088654,0.06674316894605656
5.968400000000003,5.968400000000002e-06,0.06771914307792049,0.06674305689692231
5.969200000000001,5.9692e-06,0.07229358651123818,0.06673162129205923
5.969999999999999,5.969999999999999e-06,0.059026261895163024,0.06671092401068655
5.970799999999997,5.970799999999997e-06,0.09778325978953267,0.06668290532559729
5.971600000000002,5.971600000000002e-06,0.05362283467427492,0.0666493681877885
5.9724,5.9724e-06,0.06441928653041396,0.06661196413341397
5.9731999999999985,5.973199999999998e-06,0.09562124612458855,0.06657218102173905
5.973999999999997,5.9739999999999965e-06,0.05613399360283938,0.06653133279304152
5.974800000000002,5.974800000000002e-06,0.029563975579282864,0.06649055141036572
5.975599999999993,5.975599999999992e-06,0.07739155932860164,0.06645078111443972
5.976399999999998,5.9763999999999975e-06,0.07327085255057963,0.06641277505912455
5.977199999999996,5.977199999999996e-06,0.09801968010432277,0.06637709428819745
5.9780000000000015,5.978000000000001e-06,0.08378000682602837,0.06634410889259008
5.978799999999993,5.978799999999993e-06,0.0663968928091534,0.06631400111690434
5.979599999999998,5.979599999999998e-06,0.05801627541285542,0.06628677019753079
5.980399999999996,5.980399999999995e-06,0.06442136704756135,0.06626223877574099
5.981200000000001,5.981200000000001e-06,0.10339038688234486,0.06624006077207296
5.981999999999999,5.981999999999999e-06,0.07376336268884898,0.06621973060184441
5.9827999999999975,5.982799999999997e-06,0.07875636479457931,0.066200593584728
5.983600000000003,5.983600000000002e-06,0.06366387718583072,0.06618185740426824
5.984400000000001,5.984400000000001e-06,0.05766429328926009,0.0661626045162744
5.985199999999999,5.985199999999999e-06,0.10330905820216063,0.06614180545048999
5.985999999999997,5.9859999999999966e-06,0.05995283918013905,0.06611833296275707
5.986800000000002,5.986800000000002e-06,0.08812408298456342,0.06609097698269925
5.9876000000000005,5.9876e-06,0.065073886197559,0.06605846029829535
5.988399999999999,5.9883999999999984e-06,0.04778325978953263,0.06601945493819275
5.989199999999997,5.989199999999997e-06,0.04717462001096567,0.06597259923345311
5.990000000000002,5.990000000000002e-06,0.08901926400089327,0.06591651552442977
5.9908,5.9907999999999995e-06,0.107598852403328,0.06584982840513026
5.991599999999998,5.991599999999998e-06,0.08381140309467439,0.06577118329604467
5.992399999999996,5.992399999999996e-06,0.05640805173781788,0.06567926507996497
5.993200000000002,5.993200000000001e-06,0.07087866012228766,0.06557281657133407
5.994,5.994e-06,0.011563143372423923,0.06545065668030353
5.994799999999998,5.994799999999997e-06,0.11072281214475427,0.06531169818703818
5.995599999999996,5.995599999999996e-06,0.07527342503518825,0.06515496500286733
5.996400000000001,5.996400000000001e-06,0.06757937140617387,0.06497960868760208
5.997199999999992,5.997199999999992e-06,0.057508445311726775,0.06478492389424538
5.9979999999999976,5.9979999999999975e-06,0.07282146544101353,0.06457036237315952
5.998799999999996,5.998799999999996e-06,0.09972039138820898,0.06433554516576695
5.999600000000001,5.999600000000001e-06,0.08515937591203798,0.06408027261243548
6.000399999999992,6.000399999999992e-06,0.05857895530274432,0.06380453179867347
6.001199999999997,6.001199999999997e-06,0.0691987540098758,0.06350850110358636
6.0020000000000024,6.002000000000002e-06,0.10418135352986901,0.06319255159174611
6.002800000000001,6.0028e-06,0.08745624387160639,0.06285724506564201
6.003599999999999,6.003599999999999e-06,0.07935460198740912,0.06250332866033877
6.004399999999997,6.004399999999996e-06,0.06475254399968239,0.0621317259478331
6.005200000000002,6.005200000000002e-06,0.058393223742319644,0.061743524642426204
6.006,6.006e-06,0.10315680342752942,0.06133996112497446
6.006799999999998,6.006799999999998e-06,0.01015181018637562,0.06092240208831884
6.0075999999999965,6.0075999999999965e-06,0.12981779637417978,0.06049232364165009
6.008400000000002,6.008400000000002e-06,0.09984843629989854,0.06005128822172879
6.0092,6.0092e-06,0.05417095094413188,0.05960091967804443
6.009999999999998,6.0099999999999975e-06,0.0186903560772545,0.05914287696555257
6.010799999999996,6.010799999999996e-06,0.09970790828532433,0.058678826994206915
6.011600000000001,6.011600000000001e-06,0.03128076316895567,0.058210417280347065
6.0123999999999995,6.012399999999999e-06,0.07253624837747058,0.05773924905191605
6.013199999999998,6.013199999999998e-06,0.05946449007616461,0.05726685139155921
6.013999999999996,6.013999999999995e-06,0.04043210987269641,0.05679465691818757
6.014800000000001,6.0148e-06,0.07124388169169482,0.05632397943503829
6.015599999999999,6.015599999999999e-06,0.06312691984453811,0.05585599390266632
6.016399999999997,6.016399999999997e-06,0.04806280313302602,0.05539171902268607
6.017199999999995,6.0171999999999955e-06,0.09223155031677344,0.05493200265149516
6.018000000000001,6.018000000000001e-06,0.027479318071662817,0.05447751021603818
6.018799999999992,6.018799999999991e-06,0.06048639182996407,0.05402871627858195
6.019599999999997,6.0195999999999965e-06,0.023289009373513914,0.05358589937956179
6.020400000000002,6.020400000000002e-06,0.07310460198740915,0.05314914024738432
6.0212,6.0212e-06,0.048075474747345304,0.052718323377638654
6.0219999999999985,6.021999999999998e-06,0.040959420971079186,0.05229314186026034
6.022799999999997,6.022799999999996e-06,0.0795917786450267,0.05187310520756776
6.023600000000002,6.023600000000002e-06,0.08052535382437237,0.051457549836166294
6.0244,6.0243999999999994e-06,0.04394701373212623,0.0510456517923422
6.025199999999998,6.025199999999998e-06,0.07097322824818375,0.050636441295287896
6.025999999999996,6.025999999999996e-06,0.02973930455397039,0.05022881870583845
6.0268000000000015,6.026800000000001e-06,0.08267053484070247,0.04982157157777807
6.0276,6.0276e-06,0.05572300065618896,0.049413392473860014
6.028399999999998,6.028399999999997e-06,0.022105774433666014,0.0490028972236886
6.029199999999996,6.0291999999999956e-06,0.05510244560623018,0.0485886432854897
6.030000000000001,6.030000000000001e-06,0.0833453718479289,0.04816914785159729
6.030799999999999,6.030799999999999e-06,0.06695900486764972,0.047742905295016055
6.031599999999997,6.0315999999999974e-06,0.08426287072148797,0.04730840351021487
6.0323999999999955,6.032399999999995e-06,0.0803993894297303,0.046864138711097056
6.033200000000001,6.0332e-06,0.06881348361182188,0.04640862834824398
6.033999999999999,6.0339999999999985e-06,0.046817152678755525,0.04594042197949843
6.034799999999997,6.034799999999997e-06,0.06998972065739989,0.04545811012773517
6.035599999999995,6.035599999999995e-06,0.06390672756349791,0.04496033134146427
6.0364,6.0364e-06,0.0027868529923348317,0.04444577780923541
6.037199999999999,6.037199999999999e-06,0.052028606787776766,0.04391319996204607
6.037999999999997,6.037999999999996e-06,0.029349873121621628,0.043361410523819685
6.038799999999995,6.038799999999995e-06,0.02580716619644796,0.042789288421946056
6.0396,6.0396e-06,0.06726445927117419,0.04219578284985949
6.040399999999998,6.040399999999998e-06,0.05587317491367283,0.04157991761943549
6.041199999999996,6.0411999999999965e-06,0.07377452161751347,0.04094079580417797
6.042000000000002,6.042000000000002e-06,0.051680785698376364,0.04027760459923512
6.0428,6.042799999999999e-06,0.013639667322889015,0.039589620332705126
6.043599999999998,6.0435999999999975e-06,0.041318400989044046,0.038876213630079905
6.044399999999996,6.044399999999996e-06,0.013486656205430325,0.038136854792669955
6.045200000000001,6.045200000000001e-06,0.04407373446959573,0.03737111943734718
6.045999999999999,6.045999999999999e-06,0.04847625361969332,0.036578694346071444
6.0467999999999975,6.046799999999997e-06,0.050032275854610564,0.035759383330781463
6.047599999999996,6.047599999999995e-06,0.0779879045157188,0.034913112793235855
6.048400000000001,6.0484e-06,0.04253435637175795,0.034039936598153686
6.049199999999999,6.049199999999999e-06,0.07420650824707276,0.033140039902031945
6.049999999999997,6.049999999999997e-06,0.012550432677544632,0.03221374167964937
6.050799999999995,6.050799999999995e-06,0.052098965050831114,0.0312614958297349
6.0516000000000005,6.051600000000001e-06,-0.0012642518654601975,0.03028389087044535
6.052399999999999,6.052399999999998e-06,0.06169686200416313,0.029281648309590215
6.053199999999997,6.0531999999999965e-06,0.054140499529747976,0.02825561977844509
6.053999999999995,6.053999999999995e-06,0.06254608313181514,0.027206782980618315
6.0548,6.0548e-06,0.014418150867528734,0.026136236490938984
6.055599999999998,6.055599999999998e-06,0.03786761384112636,0.02504519348981621
6.0563999999999965,6.056399999999996e-06,0.028867954080524227,0.02393497461890012
6.057199999999995,6.057199999999994e-06,-0.005602654303945576,0.022807000231326167
6.058,6.0579999999999994e-06,0.018612620599972485,0.02166278233733422
6.058800000000005,6.0588000000000046e-06,0.03049849561289064,0.020503916505109472
6.059599999999996,6.059599999999996e-06,0.048769792751726104,0.019332073880220103
6.060400000000001,6.060400000000001e-06,0.03200723378490977,0.018148993370289867
6.0611999999999995,6.061199999999999e-06,0.012397421560086053,0.01695647396136163
6.062000000000005,6.062000000000005e-06,-0.005119222577093296,0.01575636712222555
6.062799999999996,6.0627999999999956e-06,0.04198283541053349,0.014550569282777304
6.063600000000001,6.063600000000001e-06,0.04026680416378803,0.013341014380668991
6.064399999999999,6.064399999999999e-06,0.01010187777483762,0.012129666437715065
6.065199999999997,6.065199999999997e-06,0.013928477589234212,0.010918512095570638
6.065999999999995,6.065999999999995e-06,0.020968687893931026,0.009709553048244125
6.066800000000001,6.0668e-06,-0.004649030296052903,0.008504798340181604
6.067599999999999,6.0675999999999985e-06,0.04958723829077394,0.0073062565117005445
6.068399999999997,6.068399999999997e-06,0.013947958586488451,0.006115927559090099
6.069199999999995,6.069199999999995e-06,0.020753829093442477,0.004935794662603325
6.07,6.07e-06,-0.020268072660357017,0.0037678156527140502
6.070799999999998,6.070799999999998e-06,0.020035869057512756,0.0026139142313763315
6.0715999999999966,6.071599999999996e-06,0.04035513073824182,0.001475971002416129
6.072399999999995,6.072399999999995e-06,-0.0073381665479451685,0.0003558143664801818
6.0732,6.0732e-06,0.01731817339704933,-0.0007447886746670622
6.073999999999998,6.073999999999998e-06,-0.011317021136972971,-0.001824141742054135
6.074799999999996,6.074799999999996e-06,0.010161833452054903,-0.002880628226936045
6.075599999999994,6.075599999999994e-06,0.018374119768034936,-0.003912720228147044
6.0764,6.076399999999999e-06,0.001720692547046876,-0.0049189871460234656
6.077199999999998,6.0771999999999975e-06,-0.030841911478810546,-0.005898103808044113
6.077999999999996,6.077999999999996e-06,-0.007085669927368254,-0.006848858000298748
6.078800000000001,6.078800000000001e-06,0.0038596320119345107,-0.007770157287633714
6.079599999999999,6.079599999999999e-06,0.021699131032745234,-0.00866103505602481
6.0804000000000045,6.0804000000000045e-06,-0.017223361081967536,-0.009520655793634581
6.0811999999999955,6.081199999999995e-06,-0.001169495228129258,-0.01034831969025779
6.082000000000001,6.082e-06,-0.01712179506170186,-0.01114346664824394
6.082799999999999,6.082799999999999e-06,-0.01146303436016205,-0.011905679787676747
6.083600000000004,6.083600000000004e-06,0.0031709877275034604,-0.012634688538314441
6.084399999999995,6.084399999999995e-06,0.02756442846618401,-0.01333037145179707
6.0852,6.0852e-06,0.03468956065386697,-0.013992758909390567
6.0859999999999985,6.085999999999998e-06,-0.00953554900439535,-0.014622035890391117
6.086799999999997,6.0867999999999965e-06,-0.042811952031887646,-0.015218544867165897
6.087599999999995,6.087599999999995e-06,0.0014237487235466695,-0.01578278872966142
6.0884,6.0884e-06,-0.010083665274152387,-0.016315433501629922
6.089199999999998,6.0891999999999975e-06,-0.03681709700100466,-0.01681731056412447
6.089999999999996,6.089999999999996e-06,-0.0007723095585834283,-0.017289418141203265
6.090799999999994,6.090799999999994e-06,-0.02277771890316671,-0.017732921876719897
6.0916,6.091599999999999e-06,0.012519981263160784,-0.018149154408946093
6.092399999999998,6.092399999999998e-06,-0.01785356237483604,-0.01853961392037576
6.093199999999996,6.093199999999995e-06,0.013027811364389463,-0.018905961684635965
6.093999999999994,6.093999999999994e-06,-0.030747911184307086,-0.019250018634457078
6.094799999999999,6.094799999999999e-06,-0.004511150630019056,-0.01957376094003439
6.0955999999999975,6.095599999999997e-06,-0.015972604739040164,-0.01987931454126362
6.096399999999996,6.0963999999999955e-06,-0.0033021931415747607,-0.02016894854644375
6.097200000000001,6.097200000000001e-06,0.026917583036136117,-0.02044506740034849
6.097999999999999,6.097999999999999e-06,-0.05577571425005101,-0.020710201715106645
6.098800000000004,6.098800000000004e-06,0.0006774177903804413,-0.02096699762199891
6.099599999999995,6.099599999999995e-06,-0.015962202153303018,-0.021218204446413896
6.1004000000000005,6.1004e-06,-0.020169154988631477,-0.021466660469444405
6.101199999999999,6.1011999999999984e-06,-0.0408961934360782,-0.02171527654263209
6.102000000000004,6.102000000000004e-06,-0.030877280270316665,-0.02196701735903328
6.102799999999995,6.102799999999994e-06,-0.04120145932816799,-0.022224880248884017
6.1036,6.1035999999999995e-06,-0.03201531166431382,-0.022491871477561196
6.104399999999998,6.104399999999998e-06,0.0004589657870897046,-0.022770980183803018
6.1052000000000035,6.105200000000003e-06,-0.014448546604161727,-0.02306515028153206
6.1059999999999945,6.1059999999999946e-06,-0.02716340540465023,-0.023377250812373428
6.1068,6.1068e-06,0.00029479574096658023,-0.023710045339897318
6.107599999999998,6.107599999999997e-06,-0.008058018589587546,-0.02406616101765654
6.108399999999996,6.108399999999996e-06,-0.015902246476085735,-0.024448057965155555
6.109199999999994,6.109199999999994e-06,0.004505909610589831,-0.02485799956518658
6.109999999999999,6.109999999999999e-06,-0.02609497593078003,-0.025298024252399368
6.110799999999998,6.1107999999999975e-06,-0.022802685108935794,-0.025769919300359583
6.111599999999996,6.111599999999996e-06,-0.00850872987347362,-0.0262751970491091
6.112399999999994,6.112399999999993e-06,-0.01984781279075476,-0.026815073966763983
6.113199999999999,6.1131999999999985e-06,0.022967287855679364,-0.02739045291298424
6.113999999999997,6.113999999999997e-06,-0.012657239717239532,-0.028001908948930773
6.114799999999995,6.114799999999995e-06,-0.022477181876764396,-0.028649678981493985
6.115600000000001,6.1156e-06,0.006336178491920363,-0.029333655420967004
6.116399999999999,6.116399999999999e-06,-0.027196125847616215,-0.03005338389112483
6.117200000000004,6.117200000000004e-06,-0.006449038571622712,-0.03080806489540678
6.117999999999995,6.117999999999995e-06,-0.05798690398370565,-0.03159655923067511
6.1188,6.1188e-06,-0.04349965146195667,-0.03241739685524013
6.119599999999998,6.119599999999998e-06,-0.028057262246660275,-0.03326878887940878
6.120400000000004,6.120400000000003e-06,-0.02848924887621951,-0.03414864238052481
6.121199999999995,6.121199999999994e-06,-0.035688711849817145,-0.035054577843944994
6.122,6.122e-06,0.00331378477075972,-0.03598394914950942
6.122799999999998,6.1227999999999975e-06,-0.01986237641078681,-0.036933866108660965
6.123600000000003,6.123600000000003e-06,-0.050033355839744775,-0.03790121958446689
6.124399999999994,6.124399999999994e-06,0.006067037734163949,-0.038882709195253315
6.1251999999999995,6.125199999999999e-06,-0.026924716061277776,-0.03987487353460498
6.125999999999998,6.125999999999998e-06,-0.022529951148377414,-0.04087412276368286
6.126800000000003,6.126800000000003e-06,-0.04226081039062113,-0.04187677335122873
6.127599999999994,6.127599999999994e-06,0.00661855869538841,-0.04287908464452529
6.128399999999999,6.128399999999999e-06,-0.03495751236817546,-0.04387729685759029
6.129199999999997,6.129199999999997e-06,-0.04027204518321714,-0.04486766996827881
6.130000000000003,6.130000000000002e-06,-0.056638742654907426,-0.04584652291690797
6.130799999999994,6.130799999999993e-06,-0.05229542283919986,-0.04681027240489228
6.131599999999999,6.131599999999998e-06,-0.03610254165654225,-0.04775547054279473
6.132399999999997,6.1323999999999965e-06,-0.07068436230408759,-0.04867884062191808
6.133199999999995,6.133199999999995e-06,-0.04810019676392863,-0.04957731036735572
6.134,6.134e-06,-0.04312667565545247,-0.05044804214033276
6.1347999999999985,6.134799999999998e-06,-0.04690939609831846,-0.051288459675352074
6.135600000000004,6.1356000000000036e-06,-0.04755416101121901,-0.052096271052693585
6.136399999999995,6.136399999999994e-06,-0.06397948998590663,-0.05286948770334893
6.1372,6.1371999999999994e-06,-0.07571916326420114,-0.05360643931645969
6.137999999999998,6.137999999999998e-06,-0.07776353460319274,-0.054305784592159
6.138800000000003,6.138800000000003e-06,-0.044862944242279434,-0.05496651789339582
6.139599999999994,6.139599999999994e-06,-0.032132009136004114,-0.05558797201667985
6.1404,6.1404e-06,-0.048676872442356856,-0.05616981749458856
6.141199999999998,6.141199999999997e-06,-0.0038953244457475833,-0.056712058996865815
6.142000000000003,6.142000000000002e-06,0.0033103800792921856,-0.05721502945543822
6.142799999999994,6.142799999999994e-06,-0.08432031318103728,-0.05767938248231347
6.143599999999999,6.143599999999999e-06,-0.0436921924053163,-0.058106083492398986
6.144399999999997,6.1443999999999974e-06,-0.02320176278419428,-0.0584963997383766
6.145200000000003,6.145200000000003e-06,-0.0765231808460024,-0.05885188929180134
6.145999999999994,6.145999999999993e-06,-0.01148989257164379,-0.059174388906979694
6.146799999999999,6.1467999999999985e-06,-0.041421046994344124,-0.05946600065458292
6.147599999999997,6.147599999999997e-06,-0.02668678306073291,-0.05972907715989777
6.148400000000002,6.148400000000002e-06,-0.08518769113152358,-0.059966205197964965
6.149199999999993,6.149199999999993e-06,-0.09893561061437617,-0.06018018728839113
6.149999999999999,6.149999999999999e-06,-0.06260768662565941,-0.06037402084443795
6.150799999999997,6.150799999999996e-06,-0.05511336034570902,-0.06055087443880308
6.151600000000002,6.151600000000001e-06,-0.042931865683510595,-0.060714060880143424
6.1524,6.1524e-06,-0.08581997294153954,-0.060867006988641705
6.153199999999998,6.153199999999998e-06,-0.06552151643228454,-0.06101322012639164
6.1540000000000035,6.154000000000003e-06,-0.06834720817589068,-0.06115625165258032
6.1547999999999945,6.154799999999994e-06,-0.09604807118783998,-0.06129965757697499
6.1556,6.155599999999999e-06,-0.06726194605340641,-0.0614469568237392
6.156399999999998,6.1563999999999975e-06,-0.051774353292359354,-0.061601587701020616
6.157200000000003,6.157200000000003e-06,-0.04235727052222982,-0.06176686338244039
6.157999999999994,6.157999999999994e-06,-0.005168966477196668,-0.061945927403999006
6.158799999999999,6.158799999999999e-06,-0.06259860821424235,-0.06214171030410826
6.1595999999999975,6.159599999999997e-06,-0.013562823319306583,-0.06235688853982029
6.160400000000003,6.160400000000003e-06,-0.0765886217319347,-0.06259384670498032
6.161199999999994,6.161199999999994e-06,-0.073712241233863,-0.06285464391231256
6.161999999999999,6.161999999999999e-06,-0.022611091317126908,-0.06314098505280719
6.162799999999997,6.162799999999997e-06,0.005565637695882364,-0.06345419755747767
6.163600000000002,6.163600000000002e-06,-0.04094101995895938,-0.06379521424077592
6.164399999999993,6.164399999999993e-06,-0.018483386644835065,-0.06416456272125218
6.165199999999999,6.165199999999998e-06,-0.05429515846383348,-0.06456236172495927
6.165999999999997,6.1659999999999965e-06,-0.061553820771821144,-0.06498832430087098
6.166800000000002,6.166800000000002e-06,-0.03501727953405798,-0.06544176770047883
6.167599999999993,6.167599999999992e-06,-0.042348192110812866,-0.06592162946277406
6.168399999999998,6.168399999999998e-06,-0.07718402206468966,-0.06642648910834742
6.1691999999999965,6.169199999999996e-06,-0.0679178698949714,-0.06695459475135251
6.170000000000002,6.170000000000001e-06,-0.05874987905395146,-0.06750389386661225
6.1708,6.1707999999999994e-06,-0.06068436230408758,-0.06807206741588968
6.171599999999998,6.171599999999998e-06,-0.06905098391184639,-0.06865656655471675
6.172400000000003,6.172400000000003e-06,-0.06611559259081956,-0.06925465118846168
6.173200000000001,6.173200000000001e-06,-0.09192868858413794,-0.06986342969619601
6.1739999999999995,6.173999999999999e-06,-0.03487599517655671,-0.07047989919289376
6.174799999999998,6.174799999999997e-06,-0.07302359694943195,-0.07110098576774818
6.175600000000003,6.175600000000002e-06,-0.06611899728228698,-0.07172358421279515
6.176399999999994,6.176399999999994e-06,-0.056875919312525,-0.07234459681533131
6.177199999999999,6.177199999999999e-06,-0.0757844156385985,-0.07296097081586085
6.177999999999997,6.177999999999997e-06,-0.0828851494520052,-0.07356973414441446
6.1788000000000025,6.1788000000000026e-06,-0.045072129322718535,-0.07416802906451861
6.1795999999999935,6.179599999999993e-06,-0.0888221293227186,-0.07475314338769866
6.180399999999999,6.1803999999999985e-06,-0.08995524333959337,-0.0753225389702272
6.181199999999997,6.181199999999997e-06,-0.05589506007028133,-0.075873877260783
6.182000000000002,6.182000000000002e-06,-0.0549009613823257,-0.07640504173452851
6.182799999999993,6.182799999999993e-06,-0.053288008841500645,-0.0769141571251015
6.183599999999998,6.183599999999998e-06,-0.06576077360714949,-0.0773996054218869
6.184399999999997,6.184399999999996e-06,-0.07647722095732434,-0.07786003859826185
6.185200000000002,6.185200000000001e-06,-0.09145357892587547,-0.07829438798157541
6.185999999999993,6.185999999999993e-06,-0.07566620548125347,-0.07870187011714978
6.186799999999998,6.186799999999998e-06,-0.08865663510237531,-0.0790819889681997
6.187599999999996,6.187599999999996e-06,-0.10522589678310446,-0.07943453435001344
6.1884000000000015,6.188400000000001e-06,-0.050735807401380506,-0.07975957660747159
6.1892,6.189199999999999e-06,-0.0554227872720936,-0.08005745768557523
6.189999999999998,6.1899999999999975e-06,-0.05404058132610923,-0.08032877887878674
6.190800000000003,6.190800000000003e-06,-0.06315863975549119,-0.08057438562655625
6.191600000000001,6.191600000000001e-06,-0.10277242450317503,-0.08079534971360812
6.192399999999999,6.192399999999999e-06,-0.07723679133620265,-0.08099294915720644
6.193199999999997,6.193199999999997e-06,-0.05610651417940249,-0.08116864599126652
6.194000000000003,6.194000000000002e-06,-0.07859327473359057,-0.08132406214400868
6.194800000000001,6.1948e-06,-0.09601535074487388,-0.08146095364355507
6.195599999999999,6.195599999999999e-06,-0.08886033497419943,-0.08158118343129538
6.196399999999997,6.196399999999997e-06,-0.05826001726432217,-0.0816866931037676
6.197200000000002,6.197200000000002e-06,-0.07127768211979524,-0.08177947396364176
6.198,6.198e-06,-0.0557602057757568,-0.08186153783959751
6.1987999999999985,6.198799999999998e-06,-0.05832129711585954,-0.08193488819136371
6.199599999999997,6.1995999999999965e-06,-0.09705805767014763,-0.08200149201287799
6.200400000000002,6.200400000000002e-06,-0.03697672898996329,-0.0820632529893895
6.201199999999993,6.201199999999992e-06,-0.07436192352398574,-0.08212198628830941
6.201999999999998,6.2019999999999975e-06,-0.07864755669085832,-0.08217939529468865
6.202799999999996,6.202799999999996e-06,-0.09009917604563489,-0.08223705054082359
6.203600000000002,6.203600000000001e-06,-0.058468823024803274,-0.08229637102483416
6.204399999999993,6.204399999999993e-06,-0.03696557006129886,-0.08235860808149373
6.205199999999998,6.205199999999998e-06,-0.09038514945200526,-0.08242483196138917
6.205999999999996,6.205999999999995e-06,-0.04577817408715634,-0.0824959212536183
6.206800000000001,6.206800000000001e-06,-0.0949580801995682,-0.08257255521915982
6.207599999999999,6.207599999999999e-06,-0.07948429471562568,-0.08265520900445476
6.2083999999999975,6.208399999999997e-06,-0.06687932400399255,-0.08274415162504493
6.209200000000003,6.209200000000002e-06,-0.08122131964538015,-0.08283944657654797
6.210000000000001,6.210000000000001e-06,-0.023991216745963717,-0.08294095493778514
6.210799999999999,6.210799999999999e-06,-0.09347922561054034,-0.0830483408428846
6.211599999999997,6.2115999999999966e-06,-0.09331089453012242,-0.08316107917569499
6.212400000000002,6.212400000000002e-06,-0.094046066534624,-0.08327846527599862
6.2132000000000005,6.2132e-06,-0.0841546304491595,-0.08339962639194888
6.213999999999999,6.2139999999999984e-06,-0.08709493914730837,-0.08352353462846498
6.214799999999997,6.214799999999997e-06,-0.06655098391184644,-0.08364902123704035
6.215600000000002,6.215600000000002e-06,-0.052220903541950636,-0.08377479222102369
6.2164,6.2163999999999995e-06,-0.0560174312620213,-0.0838994453322479
6.217199999999998,6.217199999999998e-06,-0.05651693929456014,-0.08402148856810453
6.217999999999996,6.217999999999996e-06,-0.06121432175101049,-0.08413936022564134
6.218800000000002,6.218800000000001e-06,-0.10426867957230967,-0.08425145044579294
6.2196,6.2196e-06,-0.051286004188385026,-0.08435612403178414
6.220399999999998,6.220399999999997e-06,-0.07478899277632278,-0.08445174420423744
6.221199999999996,6.221199999999996e-06,-0.06985727052222979,-0.08453669688764903
6.222000000000001,6.222000000000001e-06,-0.06485235314510762,-0.08460941509042602
6.222799999999992,6.222799999999992e-06,-0.12268409792872126,-0.08466840290902092
6.223599999999998,6.2235999999999975e-06,-0.0854887959894185,-0.08471225865193932
6.224399999999996,6.224399999999996e-06,-0.08252484525972037,-0.0847396965774042
6.225200000000001,6.225200000000001e-06,-0.08092361947895255,-0.08474956680521982
6.225999999999992,6.225999999999992e-06,-0.07121564592533047,-0.08474087308965336
6.226799999999997,6.226799999999997e-06,-0.08072880950711081,-0.08471278827387835
6.2276000000000025,6.227600000000002e-06,-0.06478558808495549,-0.08466466734166926
6.228400000000001,6.2284e-06,-0.08348622350480994,-0.08459605802996933
6.229199999999999,6.229199999999999e-06,-0.08205465297868009,-0.08450670898159357
6.229999999999997,6.229999999999996e-06,-0.08289082317205487,-0.08439657541956028
6.230800000000002,6.230800000000002e-06,-0.11374628585114921,-0.08426582233388626
6.2316,6.2316e-06,-0.08140497068865737,-0.0841148252105552
6.232399999999998,6.232399999999998e-06,-0.0829742323693865,-0.083944168418339
6.2331999999999965,6.2331999999999965e-06,-0.04413250110346523,-0.08375464150080995
6.234000000000002,6.234000000000002e-06,-0.04853218339348797,-0.08354723376223797
6.2348,6.2348e-06,-0.05190372237836893,-0.08332312762310475
6.235599999999998,6.2355999999999975e-06,-0.08249288115968167,-0.08308369120232464
6.236399999999996,6.236399999999996e-06,-0.06052643380950673,-0.08283047046296173
6.237200000000001,6.237200000000001e-06,-0.05374571801965644,-0.08256518109472637
6.2379999999999995,6.237999999999999e-06,-0.0718536014553961,-0.08228970016163363
6.238799999999998,6.238799999999998e-06,-0.06646417002304728,-0.08200605743332688
6.239599999999996,6.239599999999995e-06,-0.12736975362511443,-0.0817164262268109
6.240400000000001,6.2404000000000004e-06,-0.07419850982068998,-0.08142311351450404
6.241199999999999,6.241199999999999e-06,-0.08637225024569117,-0.08112854904378844
6.241999999999997,6.241999999999997e-06,-0.023957172128777682,-0.08083527329099031
6.2427999999999955,6.2427999999999955e-06,-0.06478558808495549,-0.08054592420255806
6.243600000000001,6.243600000000001e-06,-0.06376595535973806,-0.08026322276865877
6.244399999999992,6.244399999999991e-06,-0.08763132865710832,-0.07998995746442471
6.245199999999997,6.2451999999999966e-06,-0.0909695793676305,-0.07972896750205752
6.246000000000002,6.246000000000002e-06,-0.1062839236712374,-0.07948312474755968
6.2468,6.2468e-06,-0.0636441519994908,-0.07925531414582439
6.2475999999999985,6.2475999999999984e-06,-0.06012508710566611,-0.0790484125867522
6.248399999999997,6.248399999999996e-06,-0.09975154346766923,-0.0788652662926671
6.249200000000002,6.249200000000002e-06,-0.04702968677291097,-0.0787086669473274
6.25,6.2499999999999995e-06,-0.04214373589606135,-0.0785813268774993
6.250799999999998,6.250799999999998e-06,-0.0937651990169106,-0.07848585363754265
6.251599999999996,6.251599999999996e-06,-0.0409077316846006,-0.07842472434226101
6.2524000000000015,6.252400000000001e-06,-0.09263832655147808,-0.07840026004788353
6.2532,6.2532e-06,-0.08150937356889787,-0.07841460041994497
6.253999999999998,6.253999999999997e-06,-0.04851345873916113,-0.07846967888706625
6.254799999999996,6.254799999999996e-06,-0.0921304964502494,-0.07856719847958635
6.255600000000001,6.255600000000001e-06,-0.05693927968130974,-0.07870860858162915
6.256399999999999,6.256399999999999e-06,-0.08600438032774416,-0.07889508286085739
6.257199999999997,6.2571999999999975e-06,-0.08604126180490501,-0.07912749866884006
6.257999999999996,6.257999999999995e-06,-0.04387376293144596,-0.07940641823461456
6.258800000000001,6.2588e-06,-0.10812043410401018,-0.07973207201622937
6.259599999999999,6.2595999999999985e-06,-0.029653570650305716,-0.08010434462530472
6.260399999999997,6.260399999999997e-06,-0.06793186568351062,-0.08052276378012274
6.261199999999995,6.261199999999995e-06,-0.07921742298645151,-0.08098649275539872
6.2620000000000005,6.262e-06,-0.0486275078623114,-0.08149432677089583
6.262799999999999,6.262799999999999e-06,-0.07831032669872973,-0.08204469370080192
6.263599999999997,6.263599999999996e-06,-0.07053759273807125,-0.0826356594118495
6.264399999999995,6.264399999999995e-06,-0.049374595138305,-0.08326493796873949
6.2652,6.2652e-06,-0.07499382601394389,-0.0839299068823072
6.265999999999998,6.265999999999998e-06,-0.01027828673465947,-0.08462762750812727
6.266799999999996,6.2667999999999965e-06,-0.06181690848956989,-0.08535487060917726
6.267600000000002,6.267600000000002e-06,-0.054424716061277856,-0.08610814694717532
6.2684,6.268399999999999e-06,-0.036520532497462344,-0.08688374254907663
6.269199999999998,6.2691999999999975e-06,-0.10330900252440978,-0.08767775802836547
6.269999999999996,6.269999999999996e-06,-0.10739358416799816,-0.08848615107302239
6.270800000000001,6.270800000000001e-06,-0.08601213456484114,-0.08930478099907148
6.271599999999999,6.271599999999999e-06,-0.1353380539004419,-0.09012945416327144
6.2723999999999975,6.272399999999997e-06,-0.09340432699323314,-0.09095596906021816
6.273199999999996,6.273199999999995e-06,-0.08774272943171857,-0.09178016008120068
6.274000000000001,6.274e-06,-0.11222941412197507,-0.09259793913361408
6.274799999999999,6.274799999999999e-06,-0.06132931572842282,-0.09340533455377727
6.275599999999997,6.275599999999997e-06,-0.08711460865599752,-0.09419852694663519
6.276399999999995,6.276399999999995e-06,-0.14694419705843198,-0.09497388172893928
6.277200000000001,6.277200000000001e-06,-0.08181634065817722,-0.0957279782455937
6.277999999999999,6.277999999999998e-06,-0.05038685064919479,-0.09645763541166624
6.278799999999997,6.2787999999999965e-06,-0.09623966497964898,-0.0971599339408926
6.279599999999995,6.279599999999995e-06,-0.08542373212635584,-0.09783223533089369
6.2804,6.2804e-06,-0.06899840315166816,-0.09847219782251451
6.281199999999998,6.281199999999998e-06,-0.09700131587567462,-0.09907778952048285
6.2819999999999965,6.281999999999996e-06,-0.08010030941133184,-0.099647298797927
6.282799999999995,6.282799999999994e-06,-0.08547801408362349,-0.1001793420438003
6.2836,6.2835999999999994e-06,-0.1279904971865079,-0.10067286875743292
6.284400000000005,6.284400000000005e-06,-0.09297517722364862,-0.10112716395582735
6.285199999999996,6.285199999999996e-06,-0.06953403631864064,-0.10154184785587311
6.286000000000001,6.286000000000001e-06,-0.09080068045582007,-0.10191687283457698
6.2867999999999995,6.286799999999999e-06,-0.09864642102807292,-0.10225251772825078
6.287600000000005,6.287600000000005e-06,-0.09841208123033007,-0.10254937955923817
6.288399999999996,6.2883999999999956e-06,-0.08212652392738928,-0.10280836276477688
6.289200000000001,6.289200000000001e-06,-0.10824166963286486,-0.10303066598002186
6.289999999999999,6.289999999999999e-06,-0.10597808994765506,-0.10321776642352988
6.290799999999997,6.290799999999997e-06,-0.11939766933836143,-0.10337140195000975
6.291599999999995,6.291599999999995e-06,-0.07184906110104328,-0.10349355087456623
6.292400000000001,6.2924e-06,-0.12761979040858584,-0.10358640974463294
6.293199999999999,6.2931999999999985e-06,-0.08736937430515651,-0.10365236933157584
6.293999999999997,6.293999999999997e-06,-0.07454462741581247,-0.1036939892072016
6.294799999999995,6.294799999999995e-06,-0.09282783982613962,-0.10371397134192595
6.2956,6.2956e-06,-0.09544604998358475,-0.10371513319988382
6.296399999999998,6.296399999999998e-06,-0.0678278398261396,-0.10370038080088598
6.297199999999997,6.297199999999996e-06,-0.08743405884816124,-0.10367268217281447
6.297999999999995,6.297999999999995e-06,-0.10088144130461163,-0.10363504154763935
6.2988,6.2988e-06,-0.06566866302127039,-0.10359047457055323
6.299599999999998,6.299599999999998e-06,-0.0879572089121492,-0.10354198470031639
6.300399999999996,6.300399999999996e-06,-0.08699866752713459,-0.10349254088677884
6.301199999999994,6.301199999999994e-06,-0.10569022453557197,-0.10344505651853712
6.302,6.301999999999999e-06,-0.11568114612415481,-0.1034023695411237
6.302799999999998,6.3027999999999975e-06,-0.10048085094369824,-0.10336722357792509
6.303599999999996,6.303599999999996e-06,-0.11886770989143852,-0.1033422498769673
6.304400000000001,6.304400000000001e-06,-0.13051281504373696,-0.103329949970315
6.305199999999999,6.305199999999999e-06,-0.06962387557884925,-0.10333267905595399
6.3060000000000045,6.3060000000000045e-06,-0.07879678379699151,-0.1033526302699981
6.3067999999999955,6.306799999999995e-06,-0.07589827395322568,-0.10339182017069434
6.307600000000001,6.3076e-06,-0.08586971454455439,-0.10345207584682221
6.308399999999999,6.308399999999999e-06,-0.059660757056110125,-0.10353502405087808
6.309200000000004,6.309200000000004e-06,-0.09634066316852202,-0.10364208265518698
6.309999999999995,6.309999999999995e-06,-0.10464619343607817,-0.10377445458247334
6.3108,6.3108e-06,-0.08996469877387991,-0.10393312421241724
6.3115999999999985,6.311599999999998e-06,-0.08552473031522889,-0.10411885614597713
6.312399999999997,6.3123999999999965e-06,-0.10987637219942614,-0.10433219614190263
6.313199999999995,6.313199999999995e-06,-0.0508154325872866,-0.10457347401560876
6.314,6.314e-06,-0.11923576832082045,-0.1048428082761232
6.314799999999998,6.3147999999999975e-06,-0.13531668089757515,-0.10514011224715998
6.315599999999996,6.315599999999996e-06,-0.08382609954849018,-0.10546510138059019
6.3163999999999945,6.316399999999994e-06,-0.08767482870868104,-0.10581730146365634
6.3172,6.317199999999999e-06,-0.09604712403638938,-0.10619605747303379
6.317999999999998,6.317999999999998e-06,-0.10406403254903518,-0.10660054290798437
6.318799999999996,6.318799999999995e-06,-0.07421345046359151,-0.10702976948255803
6.319599999999994,6.319599999999994e-06,-0.06905987151474025,-0.10748259705482557
6.320399999999999,6.320399999999999e-06,-0.08914744174636668,-0.10795774363341305
6.3211999999999975,6.321199999999997e-06,-0.13482568344506057,-0.1084537952273129
6.321999999999996,6.3219999999999955e-06,-0.12622661404537172,-0.10896921519659321
6.322800000000001,6.322800000000001e-06,-0.1210053251820063,-0.10950235267165505
6.323599999999999,6.323599999999999e-06,-0.08716775495037976,-0.11005144961277603
6.324400000000004,6.324400000000004e-06,-0.13817149988124516,-0.11061464619870431
6.325199999999995,6.325199999999995e-06,-0.1706068153382404,-0.11118998440779038
6.3260000000000005,6.326e-06,-0.08788779550345699,-0.11177540983613043
6.326799999999999,6.3267999999999984e-06,-0.0868734594754198,-0.11236877199504232
6.327600000000004,6.327600000000004e-06,-0.07947162080421805,-0.11296782355995304
6.328399999999995,6.328399999999994e-06,-0.08435473482109296,-0.11357021924445418
6.3292,6.3291999999999995e-06,-0.11913495864348222,-0.11417351505478754
6.329999999999998,6.329999999999998e-06,-0.08794680632641211,-0.11477516862457728
6.3308000000000035,6.330800000000003e-06,-0.0892352004894279,-0.11537254120800708
6.331599999999995,6.3315999999999946e-06,-0.0697004753933459,-0.11596290179445662
6.3324,6.3324e-06,-0.10282519147759966,-0.11654343370809032
6.333199999999998,6.333199999999997e-06,-0.10605903930788119,-0.11711124393647566
6.333999999999996,6.333999999999996e-06,-0.07172536573508342,-0.11766337527571345
6.334799999999994,6.334799999999994e-06,-0.1022297911448446,-0.11819682121027629
6.3355999999999995,6.335599999999999e-06,-0.08756153592845817,-0.11870854328971986
6.336399999999998,6.3363999999999975e-06,-0.12877124975972976,-0.11919549061711651
6.337199999999996,6.337199999999996e-06,-0.13364736588233517,-0.11965462091867615
6.337999999999994,6.337999999999993e-06,-0.10907859616906707,-0.12008292254785868
6.338799999999999,6.3387999999999985e-06,-0.16319514191269413,-0.12047743673552373
6.339599999999997,6.339599999999997e-06,-0.12379205493120404,-0.1208352794511613
6.340399999999995,6.340399999999995e-06,-0.07593723594753399,-0.12115366237407442
6.341200000000001,6.3412e-06,-0.07649934800603031,-0.12142991264764098
6.341999999999999,6.341999999999999e-06,-0.12476099890205583,-0.1216614912367
6.342800000000004,6.342800000000004e-06,-0.1279914420408701,-0.1218460097529584
6.343599999999995,6.343599999999995e-06,-0.14792600115493798,-0.1219812455491014
6.3444,6.3444e-06,-0.13172196104361594,-0.12206515480051759
6.345199999999998,6.345199999999998e-06,-0.12401958534601193,-0.1220958833010628
6.346000000000004,6.346000000000003e-06,-0.09189180480978865,-0.12207177482231152
6.346799999999995,6.346799999999994e-06,-0.11705446217015697,-0.12199137706552302
6.3476,6.3476e-06,-0.10524802383171022,-0.12185344538872755
6.348399999999998,6.3483999999999975e-06,-0.08997396569683175,-0.12165694456770973
6.349200000000003,6.349200000000003e-06,-0.12793375539213492,-0.12140104885127988
6.349999999999994,6.349999999999994e-06,-0.10653698582611854,-0.12108514052918432
6.3508,6.350799999999999e-06,-0.13327041755287083,-0.120708807177619
6.351599999999998,6.351599999999998e-06,-0.08357511561356806,-0.12027183771089994
6.352400000000003,6.352400000000003e-06,-0.14850759421058846,-0.11977421736633848
6.353199999999994,6.353199999999994e-06,-0.10054780451528528,-0.11921612177767256
6.353999999999999,6.353999999999999e-06,-0.10818001046126968,-0.11859791033416069
6.354799999999997,6.354799999999997e-06,-0.09009784957422645,-0.11792011906998226
6.355600000000003,6.355600000000002e-06,-0.04388681156863483,-0.11718345336999347
6.356399999999994,6.356399999999993e-06,-0.11858003299079029,-0.11638878077553166
6.357199999999999,6.357199999999998e-06,-0.13137697681429028,-0.11553712408653972
6.357999999999997,6.3579999999999966e-06,-0.1079963594179924,-0.11462965479472113
6.358799999999995,6.358799999999995e-06,-0.12023970176312065,-0.11366768672854449
6.3596,6.3596e-06,-0.10621980466253689,-0.1126526697316712
6.3603999999999985,6.3603999999999984e-06,-0.10568908887268658,-0.11158618324278724
6.361200000000004,6.3612000000000036e-06,-0.06285450722909819,-0.11046992973913478
6.361999999999995,6.361999999999994e-06,-0.08407178678613214,-0.10930572808459527
6.3628,6.3627999999999995e-06,-0.09388605522570742,-0.10809550684255946
6.363599999999998,6.363599999999998e-06,-0.1167011558721418,-0.10684129755429125
6.364400000000003,6.364400000000003e-06,-0.10427359465234348,-0.10554522786996093
6.365199999999994,6.365199999999994e-06,-0.12076909337865077,-0.10420951432030762
6.366,6.366e-06,-0.10298103945513298,-0.10283645449400228
6.366799999999998,6.366799999999997e-06,-0.06735651188221409,-0.10142841845041878
6.367600000000003,6.367600000000002e-06,-0.07597430593622961,-0.09998783931116695
6.368399999999994,6.368399999999994e-06,-0.08900993910320215,-0.09851720307335587
6.369199999999999,6.369199999999999e-06,-0.10130397020269594,-0.09701903772043331
6.369999999999997,6.3699999999999975e-06,-0.08866419853094931,-0.0954959016707338
6.370800000000003,6.370800000000003e-06,-0.10650993910320217,-0.09395037155260391
6.371599999999994,6.371599999999993e-06,-0.03632572022843222,-0.09238502928368617
6.372399999999999,6.3723999999999985e-06,-0.1060202658249077,-0.09080244846659812
6.373199999999997,6.373199999999997e-06,-0.09427567516949098,-0.08920518015441498
6.374000000000002,6.374000000000002e-06,-0.0643361986782009,-0.08759573805368767
6.374799999999993,6.374799999999993e-06,-0.06298538900086259,-0.08597658323103542
6.375599999999999,6.375599999999999e-06,-0.07925827468948421,-0.08435010839798784
6.376399999999997,6.376399999999996e-06,-0.071892561152616,-0.08271862185973164
6.377200000000002,6.377200000000001e-06,-0.094893393359475,-0.08108433120203001
6.378,6.378e-06,-0.07677718785524579,-0.0794493267667729
6.378799999999998,6.378799999999998e-06,-0.11094858338763319,-0.07781556497072187
6.3796000000000035,6.379600000000003e-06,-0.08887224794860288,-0.07618485158501224
6.3803999999999945,6.380399999999994e-06,-0.03285185888055814,-0.07455882522178905
6.3812,6.381199999999999e-06,-0.0527620196203496,-0.07293894144948387
6.381999999999998,6.3819999999999975e-06,-0.04425619417233684,-0.0713264581233323
6.382800000000003,6.382800000000003e-06,-0.0237122389367746,-0.06972242259859782
6.383599999999994,6.383599999999994e-06,-0.04575661027576622,-0.06812766145425009
6.384399999999999,6.384399999999999e-06,-0.02460269108741714,-0.0665427732166842
6.3851999999999975,6.385199999999997e-06,-0.06884993009137386,-0.06496812438015037
6.386000000000003,6.386000000000003e-06,-0.05225362168772835,-0.06340384881089947
6.386799999999994,6.386799999999994e-06,-0.07448372458714458,-0.0618498504354306
6.387599999999999,6.387599999999999e-06,-0.027715491900178912,-0.0603058089903283
6.388399999999997,6.388399999999997e-06,-0.018866762739987997,-0.05877118856686319
6.389200000000002,6.389200000000002e-06,-0.020906973044684807,-0.05724524868287424
6.3899999999999935,6.389999999999993e-06,-0.08477310268488253,-0.05572705758867776
6.390799999999999,6.390799999999998e-06,-0.0445567311987391,-0.05421550742264466
6.391599999999997,6.3915999999999965e-06,-0.07938631960117382,-0.052709330714988956
6.392400000000002,6.392400000000002e-06,-0.06582829271304069,-0.05120711768242245
6.393199999999993,6.393199999999992e-06,-0.023385411530283173,-0.049707333812458426
6.393999999999998,6.393999999999998e-06,-0.07036925936056493,-0.048208337382293125
6.3947999999999965,6.394799999999996e-06,-0.014809984162143353,-0.046708396731683664
6.395600000000002,6.395600000000001e-06,-0.013164122666917633,-0.045205707256120435
6.3964,6.3963999999999994e-06,-0.02158653891759882,-0.0436984081745625
6.397199999999998,6.397199999999998e-06,-0.02242951849380853,-0.04218459914074984
6.398000000000003,6.398000000000003e-06,-0.08204557227007458,-0.040662356708935914
6.398800000000001,6.398800000000001e-06,-0.03649613182599759,-0.03912975057069147
6.3995999999999995,6.399599999999999e-06,-0.03768201511438546,-0.03758485942375144
6.400399999999998,6.400399999999997e-06,0.019302400547288878,-0.036025786372626566
6.401200000000003,6.401200000000002e-06,-0.008685192213858106,-0.034450673868920215
6.401999999999994,6.401999999999994e-06,0.0014303695949468564,-0.03285771828167745
6.402799999999999,6.402799999999999e-06,-0.020102766951348716,-0.03124518416239523
6.403599999999997,6.403599999999997e-06,-0.030008198825452637,-0.02961141813556177
6.4044000000000025,6.404400000000003e-06,-0.05557920078393125,-0.02795486217563331
6.405199999999994,6.405199999999993e-06,-0.022124252601718686,-0.02627406591046183
6.405999999999999,6.4059999999999985e-06,-0.011426529905870564,-0.02456769757189138
6.406799999999997,6.406799999999997e-06,0.018203331147600033,-0.022834553293007362
6.407600000000002,6.407600000000002e-06,-0.047901223460603604,-0.02107356456748287
6.408399999999993,6.408399999999993e-06,-0.006407805251543719,-0.019283803765469842
6.4091999999999985,6.409199999999998e-06,-0.010952176590435403,-0.017464487622668168
6.409999999999997,6.409999999999996e-06,-0.011948355795638521,-0.015614978627335463
6.410800000000002,6.410800000000001e-06,-0.015440185455011968,-0.013734784264441594
6.411599999999993,6.411599999999993e-06,-0.0027760154088888878,-0.011823554133573111
6.412399999999998,6.412399999999998e-06,0.02762457495202436,-0.009881075017850086
6.413199999999996,6.413199999999996e-06,-0.002478315242561313,-0.007907264032781663
6.4140000000000015,6.414000000000002e-06,-0.008110597052577329,-0.005902160010187507
6.4148,6.414799999999999e-06,0.015321465441013593,-0.003865913259936307
6.415599999999998,6.4155999999999975e-06,-0.029659621393224922,-0.001798773819788671
6.416400000000003,6.416400000000003e-06,-0.01816487900984498,0.0002989217064695848
6.417200000000001,6.417200000000001e-06,0.026368333400582256,0.0024267645774830315
6.417999999999999,6.417999999999999e-06,0.02533262436957806,0.004584289357869191
6.418799999999997,6.418799999999997e-06,-0.0007142435898904176,0.00677098998591541
6.419600000000003,6.419600000000002e-06,0.018065639993000815,0.008986335958243656
6.420400000000001,6.4204e-06,0.06342802470243308,0.0112297880669334
6.421199999999999,6.421199999999999e-06,0.04108803371416142,0.013500813115472299
6.421999999999997,6.421999999999997e-06,0.05327917461916931,0.01579889706937246
6.422800000000002,6.422800000000002e-06,0.013551908579827854,0.01812355618773679
6.4236,6.4236e-06,0.06565472291038194,0.020474345840379285
6.424399999999999,6.424399999999998e-06,0.05896157735215818,0.0228508668998222
6.425199999999997,6.4251999999999965e-06,0.007396476705723909,0.025252769764757606
6.426000000000002,6.426000000000002e-06,0.013754284277431916,0.027679756215541876
6.426799999999993,6.426799999999992e-06,-0.009955997385332316,0.030131579417202
6.427599999999998,6.4275999999999975e-06,0.01935460198740918,0.032608042421836146
6.428399999999996,6.428399999999996e-06,0.0841709509441319,0.035108995427607884
6.429200000000002,6.429200000000001e-06,0.081001787656855,0.03763433184812389
6.429999999999993,6.429999999999993e-06,0.07502168475743864,0.04018398304432559
6.430799999999998,6.430799999999998e-06,0.06526718348374594,0.04275791149558972
6.431599999999996,6.431599999999995e-06,0.02907014126669355,0.04535610227855206
6.432400000000001,6.432400000000001e-06,0.06417511197842668,0.04797855291006844
6.433199999999999,6.433199999999999e-06,0.04299887493284865,0.050625261778743075
6.4339999999999975,6.433999999999997e-06,0.08668835142413867,0.053296215466884005
6.434800000000003,6.434800000000002e-06,0.04421407397273508,0.05599137525888026
6.435600000000001,6.435600000000001e-06,0.09412158636398643,0.05871066309490815
6.436399999999999,6.436399999999999e-06,0.06790979201546749,0.06145394720437274
6.437199999999997,6.4371999999999966e-06,0.0405274343415199,0.06422102765352475
6.438000000000002,6.438000000000002e-06,0.11969750569958737,0.06701162205499007
6.4388000000000005,6.4388e-06,0.08427043644715015,0.06982535169514001
6.439599999999999,6.4395999999999985e-06,0.10075628893054772,0.0726617283361133
6.440399999999997,6.440399999999997e-06,0.06011001133199251,0.07552014197043214
6.441200000000002,6.441200000000002e-06,0.07438940294742269,0.07839984986805566
6.442,6.4419999999999995e-06,0.1057916577220539,0.08129996732630931
6.442799999999998,6.442799999999998e-06,0.0695013715534255,0.0842194605561986
6.443599999999996,6.443599999999996e-06,0.11992427977156772,0.08715714210071683
6.444400000000002,6.444400000000001e-06,0.08876619954892379,0.09011166911821583
6.4452,6.4452e-06,0.07797523290139957,0.09308154481369078
6.445999999999998,6.445999999999998e-06,0.06479491068555815,0.09606512326602164
6.446799999999996,6.446799999999996e-06,0.08260168926340278,0.09906061784765863
6.447600000000001,6.447600000000001e-06,0.1201058502976976,0.10206611331875282
6.448399999999992,6.448399999999992e-06,0.09525886141515627,0.10507958148472843
6.449199999999998,6.4491999999999975e-06,0.12768301794358694,0.10809890007871825
6.449999999999996,6.449999999999996e-06,0.11857422643702675,0.11112187433685489
6.450800000000001,6.450800000000001e-06,0.14214114322517218,0.11414626061080291
6.451599999999992,6.451599999999992e-06,0.16782846333531326,0.11716979130494304
6.452399999999997,6.452399999999997e-06,0.10730115223700049,0.12019020042899017
6.4532000000000025,6.453200000000002e-06,0.15004324627181032,0.12320524912222397
6.454000000000001,6.454e-06,0.13933512099018502,0.1262127506163366
6.454799999999999,6.454799999999999e-06,0.10862075415712746,0.12921059421567904
6.455599999999997,6.455599999999996e-06,0.15893169376926697,0.13219676794589097
6.456400000000002,6.456400000000002e-06,0.13101427075973954,0.1351693795430415
6.4572,6.4572e-06,0.2133474523650764,0.1381266754372791
6.457999999999998,6.457999999999998e-06,0.1736498813971914,0.14106705736241854
6.4587999999999965,6.4587999999999965e-06,0.14156654806389146,0.1439890962540191
6.459600000000002,6.459600000000002e-06,0.10145609214364326,0.1468915432207962
6.4604,6.4604e-06,0.19945957269904224,0.14977333754399919
6.461199999999998,6.4611999999999975e-06,0.18304275430437922,0.15263361177305657
6.461999999999996,6.461999999999996e-06,0.1651162528834047,0.15547169399581198
6.462800000000001,6.462800000000001e-06,0.1598450316085011,0.15828710733570825
6.4636,6.463599999999999e-06,0.1666070227439545,0.16107956675092466
6.464399999999998,6.464399999999998e-06,0.1390763828181658,0.16384897327325001
6.465199999999996,6.465199999999995e-06,0.24361867363998002,0.16659540585943375
6.466000000000001,6.4660000000000004e-06,0.18173771600425415,0.1693191110085282
6.466799999999999,6.466799999999999e-06,0.17392545221782457,0.17202049027218194
6.467599999999997,6.467599999999997e-06,0.16063032453600562,0.17470008581422092
6.4683999999999955,6.4683999999999955e-06,0.21248972065739996,0.17735856426048313
6.469200000000001,6.469200000000001e-06,0.2059475056995873,0.17999669915299338
6.469999999999992,6.469999999999991e-06,0.17571108538476715,0.1826153523437239
6.470799999999997,6.4707999999999966e-06,0.17079108989066127,0.18521545466496545
6.471600000000002,6.471600000000002e-06,0.20624388169169483,0.18779798622915225
6.4724,6.4724e-06,0.17845525993675437,0.19036395671508302
6.4731999999999985,6.4731999999999984e-06,0.22275753724086922,0.19291438595294746
6.473999999999997,6.473999999999996e-06,0.17721074514532925,0.19545028503907133
6.474800000000002,6.474800000000002e-06,0.2160838726798966,0.19797263813172514
6.4756,6.4755999999999995e-06,0.23573548375910358,0.20048238501979995
6.476399999999998,6.476399999999998e-06,0.20921691083278,0.20298040451481034
6.477199999999996,6.477199999999996e-06,0.2211145126056852,0.20546749870066278
6.4780000000000015,6.478000000000001e-06,0.21965513901377853,0.207944378098533
6.4788,6.4788e-06,0.2067106692813377,0.21041164785672625
6.479599999999998,6.479599999999997e-06,0.2202811792723523,0.21286979512433582
6.480399999999996,6.480399999999996e-06,0.24989931356576872,0.21531917778679713
6.481200000000001,6.481200000000001e-06,0.253046915338674,0.2177600147332354
6.481999999999999,6.481999999999999e-06,0.17814923770176716,0.22019237781943524
6.4827999999999975,6.4827999999999975e-06,0.23801911227290012,0.22261618571547834
6.483599999999996,6.483599999999995e-06,0.24953409199636162,0.2250311998677862
6.484400000000001,6.4844e-06,0.22985959522853006,0.22743702281108719
6.485199999999999,6.4851999999999985e-06,0.24520817266076078,0.2298330990247816
6.485999999999997,6.485999999999997e-06,0.23136152401767723,0.2322187184838297
6.486799999999995,6.486799999999995e-06,0.21617919714868994,0.2345930230362961
6.4876000000000005,6.4876e-06,0.2012565533060141,0.23695501572411093
6.488399999999999,6.488399999999999e-06,0.2813259667147363,0.23930357310422712
6.489199999999997,6.489199999999996e-06,0.25810535833023657,0.24163746050089613
6.489999999999995,6.489999999999995e-06,0.27382747940046115,0.2439553499583089
6.4908,6.4908e-06,0.2316056985696644,0.24625584054443161
6.491599999999998,6.491599999999998e-06,0.25571732693620935,0.2485374806323422
6.492399999999996,6.4923999999999965e-06,0.21758504512619042,0.2507987918202108
6.493200000000002,6.493200000000002e-06,0.28765464704635046,0.2530382941630622
6.494,6.493999999999999e-06,0.2687189154859258,0.2552545323311151
6.494799999999998,6.4947999999999975e-06,0.25928027120149466,0.2574461022037248
6.495599999999996,6.495599999999996e-06,0.29048639182996405,0.2596116773166314
6.496400000000001,6.496400000000001e-06,0.24947716169051382,0.26175003454359214
6.497199999999999,6.497199999999999e-06,0.26190547925320945,0.2638600784006155
6.4979999999999976,6.497999999999997e-06,0.28246267393448343,0.2659408633730937
6.498799999999996,6.498799999999995e-06,0.2871927768338698,0.2679916136527168
6.499600000000001,6.4996e-06,0.299580808227897,0.2700117396318178
6.500399999999999,6.500399999999999e-06,0.3281757165932909,0.2720008504725474
6.501199999999997,6.501199999999997e-06,0.32023956892943684,0.27395876209634074
6.501999999999995,6.501999999999995e-06,0.31273332737799453,0.2758855000597633
6.502800000000001,6.502800000000001e-06,0.2871106918108184,0.2777812970000852
6.503599999999999,6.503599999999998e-06,0.3306227588102433,0.2796465846149914
6.504399999999997,6.5043999999999965e-06,0.31672466506990693,0.2814819804274357
6.505199999999995,6.505199999999995e-06,0.27121475445163096,0.28328826983772865
6.506,6.506e-06,0.2639144818006649,0.2850663841775923
6.506799999999998,6.506799999999998e-06,0.28482573912274156,0.2868173756474537
6.5075999999999965,6.507599999999996e-06,0.2770857256050492,0.28854239009376836
6.508399999999995,6.508399999999994e-06,0.27870510820875116,0.2902426385328034
6.5092,6.5091999999999994e-06,0.28277436988948024,0.2919193681773775
6.510000000000005,6.510000000000005e-06,0.3268999940445946,0.2935738335328598
6.510799999999996,6.510799999999996e-06,0.3284484505538495,0.29520726794426444
6.511600000000001,6.511600000000001e-06,0.31073207906770617,0.2968208558363015
6.5123999999999995,6.512399999999999e-06,0.3054406204527208,0.2984157058334712
6.513200000000005,6.513200000000005e-06,0.32105701446838486,0.29999282498550317
6.513999999999996,6.5139999999999956e-06,0.3052995246066541,0.30155309440873534
6.514800000000001,6.514800000000001e-06,0.3063248310519211,0.3030972467283944
6.515599999999999,6.515599999999999e-06,0.3058983296308766,0.30462584574559287
6.516399999999997,6.516399999999997e-06,0.27731117550270956,0.30613926875604636
6.517199999999995,6.517199999999995e-06,0.30655217295529413,0.307637691909813
6.518000000000001,6.518e-06,0.2988588756691072,0.30912107890929974
6.518799999999999,6.5187999999999985e-06,0.32224989565114237,0.310589173193459
6.519599999999997,6.519599999999997e-06,0.32197375699911635,0.31204149357312155
6.520399999999995,6.520399999999995e-06,0.383772441100366,0.31347733311179987
6.5212,6.5212e-06,0.3144049114218167,0.3148957609380372
6.5219999999999985,6.521999999999998e-06,0.3178384866010624,0.31629562666515565
6.522799999999997,6.522799999999996e-06,0.32356741705412195,0.31767556717740547
6.523599999999995,6.523599999999995e-06,0.30817855345326584,0.3190340156554067
6.5244,6.5244e-06,0.29395211962078327,0.3203692127758466
6.525199999999998,6.525199999999998e-06,0.4062508795859644,0.3216792199930692
6.525999999999996,6.525999999999996e-06,0.3490884866010624,0.3229619347213302
6.526799999999994,6.526799999999994e-06,0.35480625812555744,0.3242151071627136
6.5276,6.527599999999999e-06,0.308409488559541,0.3254363585507847
6.528399999999998,6.5283999999999975e-06,0.3117630592329227,0.3266232007165421
6.529199999999996,6.529199999999996e-06,0.3240765713295706,0.32777305703883775
6.530000000000001,6.530000000000001e-06,0.33509015101478035,0.32888328490229285
6.530799999999999,6.530799999999999e-06,0.31775148420082866,0.3299511997195596
6.5316000000000045,6.5316000000000045e-06,0.32737094266856226,0.3309741004334593
6.5323999999999955,6.532399999999995e-06,0.360445537829843,0.33194929626138925
6.533200000000001,6.5332e-06,0.35705168098783313,0.3328741343090122
6.533999999999999,6.533999999999999e-06,0.31982857598278647,0.3337460275775273
6.534800000000004,6.534800000000004e-06,0.36167681317551625,0.33456248283766277
6.535599999999995,6.535599999999995e-06,0.39369886665727893,0.3353211278440268
6.5364,6.5364e-06,0.3243604642187935,0.33601973739440705
6.537199999999999,6.537199999999998e-06,0.337821842463883,0.3366562577951471
6.537999999999997,6.5379999999999965e-06,0.3436897882458618,0.33722882938015547
6.538799999999995,6.538799999999995e-06,0.35895836117222546,0.3377358068144107
6.5396,6.5396e-06,0.34822791803341135,0.3381757769456545
6.540399999999998,6.5403999999999976e-06,0.29735713539135766,0.33854757395212737
6.541199999999996,6.541199999999996e-06,0.37441398983323393,0.33885029150338736
6.5419999999999945,6.541999999999994e-06,0.39393471914067657,0.3390832916105175
6.5428,6.5427999999999994e-06,0.34782316663820323,0.33924620978688513
6.543599999999998,6.543599999999998e-06,0.38022784216937955,0.33933895611437415
6.544399999999996,6.544399999999995e-06,0.36521252220652034,0.33936171187271613
6.545199999999994,6.545199999999994e-06,0.37700647744198246,0.3393149215412207
6.545999999999999,6.545999999999999e-06,0.36113569480002883,0.3391992801732366
6.5467999999999975,6.546799999999997e-06,0.34050889819862795,0.33901571633907807
6.547599999999996,6.5475999999999956e-06,0.3292916186414938,0.33876537101851667
6.548400000000001,6.548400000000001e-06,0.33757275053477365,0.3384495729713698
6.549199999999999,6.549199999999999e-06,0.39037612442115077,0.33806981118680474
6.550000000000004,6.550000000000004e-06,0.34032732767249796,0.33762770500530254
6.550799999999995,6.550799999999995e-06,0.35724724730260216,0.33712497247419676
6.5516000000000005,6.5516e-06,0.32180410174437835,0.3365633975018655
6.552399999999999,6.5523999999999985e-06,0.3388269115690685,0.3359447964234824
6.553200000000004,6.553200000000004e-06,0.32314942621320175,0.3352709846296008
6.553999999999995,6.553999999999994e-06,0.3585549339512374,0.3345437438878045
6.5548,6.5547999999999995e-06,0.3129901735443009,0.33376479090519634
6.555599999999998,6.555599999999998e-06,0.37050473716433296,0.3329357475699674
6.556400000000004,6.556400000000003e-06,0.3392484956128906,0.3320581132100974
6.557199999999995,6.557199999999995e-06,0.36142431655493945,0.3311332391380662
6.558,6.558e-06,0.32479245084835284,0.33016230572421007
6.558799999999998,6.558799999999998e-06,0.3394947506820254,0.32914630225886543
6.559599999999996,6.559599999999996e-06,0.31966308176234326,0.3280860099020191
6.560399999999994,6.560399999999994e-06,0.3209520437567517,0.3269819880394363
6.5611999999999995,6.561199999999999e-06,0.32423109513278403,0.3258345643367703
6.561999999999998,6.5619999999999975e-06,0.3773856948000288,0.3246438287051248
6.562799999999996,6.562799999999996e-06,0.31056809753301773,0.32340963128867617
6.563599999999994,6.563599999999993e-06,0.3068264196016075,0.3221315845023019
6.564399999999999,6.5643999999999985e-06,0.3162198603401879,0.3208090691101126
6.565199999999997,6.565199999999997e-06,0.3214159944863497,0.3194412443114106
6.565999999999995,6.565999999999995e-06,0.2965767598410054,0.3180270617295814
6.566800000000001,6.5668e-06,0.344040446195237,0.31656528306637993
6.567599999999999,6.567599999999999e-06,0.328088902704492,0.3150545010248217
6.568400000000004,6.568400000000004e-06,0.3217214488899742,0.3134931629622749
6.569199999999995,6.569199999999995e-06,0.3258985181423113,0.3118795966412759
6.57,6.57e-06,0.340611220561721,0.3102120374087584
6.570799999999998,6.570799999999998e-06,0.32127414229745554,0.30848865614132026
6.571600000000004,6.571600000000003e-06,0.3108678782165927,0.30670758732722675
6.572399999999995,6.572399999999994e-06,0.3246485181423112,0.3048669567072097
6.5732,6.5732e-06,0.31673601251000627,0.3029649079540089
6.573999999999998,6.5739999999999975e-06,0.31436746211316313,0.30099962791749185
6.574800000000003,6.574800000000003e-06,0.3518131801558956,0.2989693699962929
6.575599999999994,6.575599999999994e-06,0.31432433908446,0.2968724752383964
6.5764,6.576399999999999e-06,0.29456643311929975,0.2947073908478021
6.577199999999998,6.577199999999998e-06,0.33603412877976324,0.2924726858913177
6.578000000000003,6.578000000000003e-06,0.3023404912541784,0.2901670641367168
6.578799999999994,6.578799999999994e-06,0.3000519453632994,0.2877893740784977
6.579599999999999,6.579599999999999e-06,0.33018755600075134,0.2853386163128748
6.580399999999997,6.580399999999997e-06,0.2633476408765112,0.2828139485228053
6.581200000000003,6.581200000000002e-06,0.29171861202989935,0.2802146884308018
6.581999999999994,6.581999999999993e-06,0.26000050026600663,0.2775403151564615
6.582799999999999,6.582799999999998e-06,0.26222360527108324,0.27479046944814967
6.583599999999997,6.5835999999999966e-06,0.2970155558534996,0.2719649532190858
6.584399999999995,6.584399999999995e-06,0.2482016276533221,0.2690637287109689
6.5852,6.5852e-06,0.29356268818843445,0.2660869174696226
6.5859999999999985,6.5859999999999984e-06,0.23828863005352596,0.2630347991882356
6.586800000000004,6.586800000000004e-06,0.3251688313464245,0.2599078103726832
6.587599999999995,6.587599999999994e-06,0.27131310429186395,0.2567065427105225
6.5884,6.5883999999999995e-06,0.22074966805914753,0.25343174099103705
6.589199999999998,6.589199999999998e-06,0.2522103658253414,0.25008430044070223
6.590000000000003,6.590000000000003e-06,0.2868848625931699,0.24666526337656056
6.590799999999994,6.5907999999999946e-06,0.2503135203952934,0.24317581507922262
6.5916,6.5916e-06,0.24750050026600667,0.23961727873940336
6.592399999999998,6.592399999999997e-06,0.2673189297398768,0.23599110929456749
6.593200000000003,6.593200000000002e-06,0.24555069705298094,0.23229888598480078
6.593999999999994,6.593999999999994e-06,0.20355152925983988,0.2285423035029355
6.594799999999999,6.594799999999999e-06,0.2521825627595675,0.2247231616618656
6.5955999999999975,6.5955999999999975e-06,0.27556185598157545,0.22084335352949308
6.596400000000003,6.596400000000003e-06,0.24390767241779,0.21690485198501586
6.597199999999994,6.597199999999993e-06,0.2489897574408415,0.2129096946697502
6.597999999999999,6.5979999999999985e-06,0.19825799012773726,0.20885996740043694
6.598799999999997,6.598799999999997e-06,0.210086746323343,0.20475778628329247
6.599600000000002,6.599600000000002e-06,0.23790052279549723,0.2006052789406317
6.600399999999993,6.600399999999993e-06,0.19455678687642008,0.19640456536986106
6.601199999999999,6.601199999999999e-06,0.22323094340482075,0.19215773899562286
6.601999999999997,6.601999999999996e-06,0.14953163215921617,0.18786684849551544
6.602800000000002,6.602800000000001e-06,0.15638403038631088,0.18353388100098683
6.6036,6.6036e-06,0.195881874005162,0.17916074726406542
6.604399999999998,6.604399999999998e-06,0.19003114019179523,0.17474926928831253
6.6052000000000035,6.605200000000003e-06,0.1571103124908304,0.1703011707530388
6.6059999999999945,6.605999999999994e-06,0.15323302392196814,0.16581807037982663
6.6068,6.606799999999999e-06,0.15848684471683216,0.1613014782524623
6.607599999999998,6.6075999999999975e-06,0.15984956966566233,0.15675279498814693
6.608400000000003,6.608400000000003e-06,0.14446354292478114,0.15217331352646313
6.609199999999994,6.609199999999994e-06,0.19808625435592186,0.14756422315068823
6.609999999999999,6.609999999999999e-06,0.20827122957347932,0.14292661522193753
6.610799999999998,6.610799999999997e-06,0.1414744374779423,0.13826149004220106
6.611600000000003,6.611600000000003e-06,0.1566212070439985,0.13356976431280532
6.612399999999994,6.612399999999994e-06,0.14994281361730444,0.1288522788178505
6.613199999999999,6.613199999999999e-06,0.09607384711702893,0.12410980616575135
6.613999999999997,6.613999999999997e-06,0.12902871943521,0.11934305857768387
6.6148000000000025,6.614800000000002e-06,0.14622893875167509,0.1145526957772228
6.6155999999999935,6.615599999999993e-06,0.1383637171822678,0.10973933302094752
6.616399999999999,6.616399999999998e-06,0.08097020057965576,0.10490354926403282
6.617199999999997,6.6171999999999965e-06,0.09990593214008048,0.10004589543481271
6.618000000000002,6.618000000000002e-06,0.10785948028397152,0.09516690280411022
6.618799999999993,6.6187999999999924e-06,0.08836447352512522,0.09026709142761526
6.619599999999998,6.619599999999998e-06,0.09681261232443283,0.08534697857933482
6.6203999999999965,6.620399999999996e-06,0.08288520283259782,0.0804070870058511
6.621200000000002,6.621200000000001e-06,0.09231060767128696,0.07544795275264175
6.622,6.6219999999999994e-06,0.11220071958246158,0.07047013225723683
6.622799999999998,6.622799999999998e-06,0.09005686274042157,0.0654742083741052
6.623600000000003,6.623600000000003e-06,0.12312862104172762,0.06046079501346749
6.624400000000001,6.624400000000001e-06,0.04873518030314716,0.05543054016651643
6.6251999999999995,6.625199999999999e-06,0.07386530573198413,0.05038412725447765
6.625999999999998,6.625999999999997e-06,0.047213959028243435,0.045322274939768856
6.626800000000003,6.626800000000002e-06,0.024232607818538754,0.04024573571087526
6.627599999999994,6.627599999999994e-06,0.053822182703280985,0.035155293649458075
6.628399999999999,6.628399999999999e-06,0.02806393649872274,0.030051761798775493
6.629199999999997,6.629199999999997e-06,0.04804521184439603,0.02493597950032094
6.630000000000003,6.630000000000003e-06,0.008703216203008513,0.01980880999023029
6.630799999999994,6.630799999999993e-06,0.004979695094532333,0.01467113848147623
6.631599999999999,6.6315999999999985e-06,0.022976366267096426,0.009523870904782029
6.632399999999997,6.632399999999997e-06,-0.004107723409130903,0.004367933416323381
6.633200000000002,6.633200000000002e-06,-0.009008237906012684,-0.00079572731331644
6.633999999999993,6.633999999999993e-06,0.019486428613435636,-0.005966143128061091
6.6347999999999985,6.634799999999998e-06,0.030757990127737278,-0.01114232294628858
6.635599999999997,6.635599999999996e-06,0.011320102186133552,-0.016323251155139523
6.636400000000002,6.636400000000001e-06,-0.03445270763845654,-0.021507886171637444
6.637199999999993,6.637199999999993e-06,0.007710630200807644,-0.026695159449108895
6.637999999999998,6.637999999999998e-06,-0.06234497593078003,-0.031883975105122975
6.638799999999996,6.638799999999996e-06,-0.002485503945354184,-0.03707321026579456
6.6396000000000015,6.639600000000002e-06,-0.01538968750916958,-0.04226171619897106
6.6404,6.640399999999999e-06,-0.04258158475700513,-0.0474483203276176
6.641199999999998,6.6411999999999975e-06,-0.031071333899331033,-0.05263182922799977
6.642000000000003,6.642000000000003e-06,-0.07430726224666018,-0.05781103269433282
6.642800000000001,6.642800000000001e-06,-0.028930313917296058,-0.06298470890566021
6.643599999999999,6.643599999999999e-06,-0.029506989595724176,-0.06815163069784658
6.644399999999997,6.644399999999997e-06,-0.04480544610497894,-0.07331057293014602
6.645200000000003,6.645200000000002e-06,-0.10896851956877684,-0.07846032090434349
6.646000000000001,6.646e-06,-0.05618197833101379,-0.08359967971574031
6.646799999999999,6.646799999999999e-06,-0.05012262726856087,-0.08872748431951552
6.647599999999997,6.647599999999997e-06,-0.09403187993746165,-0.0938426100366825
6.648400000000002,6.648400000000002e-06,-0.09948051070420028,-0.09894398320103338
6.649199999999993,6.649199999999993e-06,-0.1091014818576887,-0.10403059162262884
6.649999999999999,6.649999999999998e-06,-0.07689294047257395,-0.10910149451341188
6.650799999999997,6.6507999999999965e-06,-0.08446102970704611,-0.1141558315211392
6.651600000000002,6.651600000000002e-06,-0.12854844821070938,-0.11919283054707269
6.652399999999993,6.652399999999992e-06,-0.1453577234091309,-0.12421181403660377
6.653199999999998,6.6531999999999976e-06,-0.13490833629946486,-0.12921220341821063
6.653999999999996,6.653999999999996e-06,-0.11877314176544251,-0.1341935213764716
6.654800000000002,6.654800000000001e-06,-0.13271511487730936,-0.13915539172869484
6.655599999999993,6.655599999999993e-06,-0.1373088507964465,-0.14409753681191
6.656399999999998,6.656399999999998e-06,-0.11777979942031425,-0.14901977241276862
6.657199999999996,6.657199999999995e-06,-0.18995070298534067,-0.15392200034821776
6.658000000000001,6.658000000000001e-06,-0.1592370924951405,-0.15880419884013988
6.658799999999992,6.658799999999992e-06,-0.1945194726986087,-0.1636664108637217
6.6595999999999975,6.659599999999997e-06,-0.12217456433321477,-0.1685087307339355
6.660400000000003,6.660400000000002e-06,-0.14657292244901743,-0.17333128934106232
6.661200000000001,6.661200000000001e-06,-0.1438469047199643,-0.17813423860333635
6.661999999999999,6.661999999999999e-06,-0.18910904758335095,-0.18291773578691478
6.662799999999997,6.662799999999997e-06,-0.15221428267045045,-0.18768192831087263
6.663600000000002,6.663600000000002e-06,-0.15036812599486798,-0.19242693954827955
6.6644000000000005,6.6644e-06,-0.22102272566201303,-0.19715285601713653
6.665199999999999,6.6651999999999985e-06,-0.19252030490546773,-0.20185971625061597
6.665999999999997,6.665999999999997e-06,-0.20971976787906527,-0.20654750154827156
6.666800000000002,6.666800000000002e-06,-0.18055726224666024,-0.21121612876462664
6.6676,6.6675999999999995e-06,-0.18383158475700512,-0.21586544530729612
6.668399999999998,6.668399999999998e-06,-0.18534524030624644,-0.22049522655624504
6.6691999999999965,6.669199999999996e-06,-0.21060813951256047,-0.22510517591081677
6.670000000000002,6.670000000000001e-06,-0.2051678308144113,-0.22969492758709104
6.6708,6.6708e-06,-0.22819646608701422,-0.23426405214727494
6.671599999999998,6.671599999999998e-06,-0.2171314413046116,-0.2388120645956535
6.672399999999996,6.672399999999996e-06,-0.22867422409381677,-0.2433384347593346
6.673200000000001,6.673200000000001e-06,-0.203985352217391,-0.24784259959178395
6.673999999999992,6.673999999999992e-06,-0.2584489627075911,-0.25232397697315173
6.674799999999998,6.6747999999999975e-06,-0.2437661438711728,-0.25678198050937145
6.675599999999996,6.675599999999996e-06,-0.2740103184231601,-0.26121603474948263
6.676400000000001,6.676400000000001e-06,-0.2794303897812276,-0.26562559017829174
6.677199999999992,6.677199999999992e-06,-0.27633915048276736,-0.2700101373404476
6.677999999999997,6.677999999999997e-06,-0.29397003225453167,-0.27436921953136034
6.6788000000000025,6.678800000000002e-06,-0.25193530715844975,-0.27870244363891117
6.679600000000001,6.6796e-06,-0.2578696386805228,-0.2830094889041513
6.680399999999999,6.680399999999999e-06,-0.30255926689987606,-0.28729011354043504
6.681199999999997,6.681199999999996e-06,-0.23869446143389839,-0.29154415926231697
6.682000000000002,6.682000000000002e-06,-0.26084947720447277,-0.2957715538123693
6.6828,6.6828e-06,-0.31719272115614894,-0.29997231154956594
6.683599999999998,6.683599999999998e-06,-0.29138302985429787,-0.3041465320927119
6.684399999999997,6.6843999999999965e-06,-0.34595936529332816,-0.30829439692169897
6.685200000000002,6.685200000000002e-06,-0.33219612584761626,-0.3124161637867865
6.686,6.686e-06,-0.3078312445176071,-0.3165121588233265
6.686799999999998,6.6867999999999975e-06,-0.306356550962774,-0.3205827664267793
6.687599999999996,6.687599999999996e-06,-0.3140339604546091,-0.32462841715882623
6.6884000000000015,6.688400000000001e-06,-0.26696178604987353,-0.32864957414830503
6.6892,6.689199999999999e-06,-0.33035980392627845,-0.33264671855514044
6.689999999999998,6.689999999999998e-06,-0.31710855561598994,-0.3366203346604939
6.690799999999996,6.690799999999995e-06,-0.2949883408054289,-0.340570895053614
6.691600000000001,6.6916000000000004e-06,-0.3298005287278568,-0.34449884625084676
6.692399999999999,6.692399999999999e-06,-0.352226765773335,-0.34840459494308246
6.693199999999997,6.693199999999997e-06,-0.3107743900757309,-0.35228849493697606
6.6939999999999955,6.6939999999999955e-06,-0.39236237641078675,-0.35615083474064335
6.694800000000001,6.694800000000001e-06,-0.3494290656070075,-0.3599918256673106
6.695599999999992,6.6955999999999914e-06,-0.3425091459769032,-0.36381159030894394
6.696399999999997,6.6963999999999966e-06,-0.353785624868327,-0.3676101512661077
6.697199999999995,6.697199999999995e-06,-0.364889611645138,-0.3713874200844932
6.698,6.698e-06,-0.37055461389812006,-0.37514318639981137
6.6987999999999985,6.6987999999999984e-06,-0.3492196920150338,-0.3788771073090035
6.699599999999997,6.699599999999996e-06,-0.42522343694589904,-0.382588696983987
6.700400000000002,6.700400000000002e-06,-0.3779655309807388,-0.38627731655252623
6.7012,6.7011999999999995e-06,-0.3489178308144113,-0.3899421643094957
6.701999999999998,6.701999999999998e-06,-0.38733324917072287,-0.39358226639836
6.702799999999996,6.702799999999996e-06,-0.3766098039262784,-0.39719646818941284
6.703600000000002,6.703600000000001e-06,-0.42611445692793426,-0.40078342662532107
6.7044,6.7044e-06,-0.40385730730570146,-0.4043416037942014
6.705199999999998,6.705199999999997e-06,-0.3869319024669823,-0.40786926197937334
6.705999999999996,6.705999999999996e-06,-0.40898667639171093,-0.41136446047651654
6.706800000000001,6.706800000000001e-06,-0.3427291106659487,-0.4148250545532108
6.707599999999999,6.707599999999999e-06,-0.3941279607491125,-0.41824869698984307
6.7083999999999975,6.7083999999999975e-06,-0.41777771890316673,-0.4216328426220125
6.709199999999996,6.709199999999995e-06,-0.39937970102686204,-0.424974756185571
6.710000000000001,6.71e-06,-0.40303929393526083,-0.4282715235896877
6.710799999999999,6.7107999999999985e-06,-0.44534940134054135,-0.4315200665808171
6.711599999999997,6.711599999999997e-06,-0.3976114683399963,-0.4347171606485461
6.712399999999995,6.712399999999995e-06,-0.46079878845010735,-0.4378594559573301
6.7132000000000005,6.7132e-06,-0.37841983546752733,-0.4409435010533659
6.713999999999999,6.713999999999999e-06,-0.3787863812112544,-0.4439657690801699
6.714799999999997,6.714799999999996e-06,-0.43685189796111823,-0.4469226862013679
6.715599999999995,6.715599999999995e-06,-0.49288060909775255,-0.4498106618209357
6.7164,6.7164e-06,-0.4719979111843071,-0.45262612000986147
6.717199999999998,6.717199999999998e-06,-0.4483349135844409,-0.4553655313938822
6.717999999999996,6.7179999999999965e-06,-0.4420849135844409,-0.4580254447485055
6.718800000000002,6.718800000000002e-06,-0.4708328330672934,-0.46060251769098615
6.7196,6.719599999999999e-06,-0.4367594103522696,-0.4630935460482375
6.720399999999998,6.7203999999999975e-06,-0.45745770087961024,-0.46549549162051357
6.721199999999996,6.721199999999996e-06,-0.44572218863561053,-0.46780550813699096
6.722000000000001,6.722000000000001e-06,-0.4355782559295692,-0.4700209652303326
6.722799999999999,6.722799999999999e-06,-0.4802930388661262,-0.47213947025042863
6.723599999999998,6.723599999999997e-06,-0.4768776205097145,-0.47415888769561443
6.724399999999996,6.724399999999995e-06,-0.43306709700100476,-0.47607735598393713
6.725200000000001,6.7252000000000004e-06,-0.49526239894030755,-0.47789330125130025
6.725999999999999,6.725999999999999e-06,-0.5211583362994648,-0.47960544786299986
6.726799999999997,6.726799999999997e-06,-0.47814010361259907,-0.4812128253570386
6.727599999999995,6.727599999999995e-06,-0.4521545155046679,-0.48271477161697357
6.728400000000001,6.728400000000001e-06,-0.48647835432312125,-0.48411093221821555
6.729199999999999,6.729199999999998e-06,-0.4710811686535755,-0.4854012560670997
6.729999999999997,6.7299999999999966e-06,-0.4816098039262784,-0.48658598758226307
6.730799999999995,6.730799999999995e-06,-0.4796524349875204,-0.48766565572747517
6.7316,6.7316e-06,-0.4685567702792991,-0.48864106022889486
6.732399999999998,6.7323999999999984e-06,-0.45412096285484294,-0.48951325532950235
6.7331999999999965,6.733199999999996e-06,-0.48600116414771133,-0.49028353144455267
6.733999999999995,6.733999999999994e-06,-0.4986284527165735,-0.4909533950637795
6.7348,6.7347999999999995e-06,-0.4775766673798827,-0.49152454719870464
6.735600000000005,6.735600000000005e-06,-0.49235764754509936,-0.4919988606312579
6.736399999999996,6.736399999999996e-06,-0.4802714773517245,-0.4923783562204878
6.737200000000001,6.737200000000001e-06,-0.4822922066592671,-0.4926651785677896
6.7379999999999995,6.737999999999999e-06,-0.4602784752460941,-0.49286157139723435
6.738800000000005,6.738800000000005e-06,-0.46018939232871303,-0.4929698530457443
6.739599999999996,6.739599999999996e-06,-0.47391158926296917,-0.4929923924554863
6.740400000000001,6.740400000000001e-06,-0.47582659151585105,-0.4929315860023739
6.741199999999999,6.741199999999999e-06,-0.5099994997339934,-0.4927898353869454
6.741999999999997,6.741999999999997e-06,-0.4808245109987037,-0.4925695266975467
6.7427999999999955,6.742799999999995e-06,-0.4636806541566938,-0.4922730106828839
6.743600000000001,6.7436e-06,-0.48139078409149494,-0.49190258426317485
6.744399999999999,6.7443999999999985e-06,-0.48030968300330557,-0.49146047333625215
6.745199999999997,6.745199999999997e-06,-0.4650621037598507,-0.4909488169470072
6.745999999999995,6.745999999999995e-06,-0.4616126407862532,-0.49036965286512324
6.7468,6.7468e-06,-0.5055636923095372,-0.48972490456840095
6.7475999999999985,6.747599999999998e-06,-0.47538004126625977,-0.4890163695707776
6.748399999999997,6.748399999999996e-06,-0.4865214773517246,-0.4882457089812758
6.749199999999995,6.749199999999995e-06,-0.5013349894484724,-0.48741443816017926
6.75,6.75e-06,-0.4880268108323762,-0.486523918370282
6.750799999999998,6.750799999999998e-06,-0.48578271214432067,-0.48557534939964225
6.751599999999996,6.751599999999996e-06,-0.4361889762252834,-0.48456976324357903
6.752399999999994,6.752399999999994e-06,-0.4908621488187921,-0.48350801905347346
6.7532,6.753199999999999e-06,-0.4556005737867982,-0.48239079964658754
6.753999999999998,6.7539999999999975e-06,-0.4789978353202755,-0.4812186098935367
6.754799999999996,6.754799999999996e-06,-0.42291484222637343,-0.4799917772700816
6.755600000000001,6.755600000000001e-06,-0.48455503000154954,-0.4787104548093006
6.756399999999999,6.756399999999999e-06,-0.4393303364467166,-0.47737462662606533
6.7572000000000045,6.7572000000000045e-06,-0.4446607570561102,-0.47598411609588387
6.757999999999996,6.757999999999995e-06,-0.4772275221162624,-0.4745385966560257
6.758800000000001,6.7588e-06,-0.46581826944726157,-0.473037605074998
6.759599999999999,6.759599999999999e-06,-0.47374325818255114,-0.4714805569274803
6.760400000000004,6.760400000000004e-06,-0.44538911967777695,-0.4698667639423269
6.761199999999995,6.761199999999995e-06,-0.4414845958745637,-0.4681954528777207
6.7620000000000005,6.762e-06,-0.4711980546367006,-0.46646578559865826
6.762799999999999,6.762799999999998e-06,-0.4050969047199643,-0.4646768800418993
6.763599999999997,6.7635999999999965e-06,-0.46850267683346614,-0.4628278317246067
6.764399999999995,6.764399999999995e-06,-0.4844332266413023,-0.4609177353889525
6.7652,6.7652e-06,-0.45018731181156546,-0.4589457063010963
6.765999999999998,6.7659999999999976e-06,-0.42222336108196745,-0.45691090068209644
6.766799999999996,6.766799999999996e-06,-0.4358725514045292,-0.4548125347724659
6.7675999999999945,6.767599999999994e-06,-0.4680143277294917,-0.4526499020937008
6.7684,6.7683999999999994e-06,-0.4378452403062465,-0.45042238850631483
6.769199999999998,6.769199999999998e-06,-0.4539289897429758,-0.44812948466154834
6.769999999999996,6.769999999999995e-06,-0.4530504528638253,-0.44577079545104314
6.770799999999994,6.770799999999994e-06,-0.45767898974297583,-0.4433460461148872
6.771599999999999,6.771599999999999e-06,-0.4518407390324536,-0.4408550847736641
6.7723999999999975,6.772399999999997e-06,-0.4436076475450994,-0.4382978812945722
6.773199999999996,6.7731999999999956e-06,-0.3901163857171185,-0.43567452257819417
6.774000000000001,6.774000000000001e-06,-0.4617051283950018,-0.4329852045374011
6.774799999999999,6.774799999999999e-06,-0.36970671694478807,-0.4302302211898996
6.775600000000004,6.775600000000004e-06,-0.41493349101666865,-0.4274099513677999
6.776399999999995,6.776399999999995e-06,-0.42595804111900815,-0.4245248435588351
6.777200000000001,6.7772e-06,-0.4089193435000661,-0.4215753993523618
6.777999999999999,6.7779999999999985e-06,-0.4326351103714453,-0.41856215589997076
6.778800000000004,6.778800000000004e-06,-0.4057320233899552,-0.4154856677599033
6.779599999999995,6.779599999999994e-06,-0.4261736562624241,-0.4123464885103905
6.7804,6.7803999999999995e-06,-0.39016234560579655,-0.40914515258882594
6.781199999999998,6.781199999999998e-06,-0.3646093119588173,-0.40588215791570514
6.782000000000004,6.782000000000003e-06,-0.34536888233769536,-0.4025579499563381
6.782799999999995,6.782799999999995e-06,-0.3786536074337774,-0.39917290790685983
6.7836,6.7836e-06,-0.40346012163615563,-0.3957273336174565
6.784399999999998,6.784399999999998e-06,-0.3521441129189308,-0.39222144369368117
6.785199999999996,6.785199999999996e-06,-0.36389986250291195,-0.3886553650201754
6.785999999999994,6.785999999999994e-06,-0.37386714205994587,-0.38502913379949194
6.7867999999999995,6.786799999999999e-06,-0.36166276170922607,-0.38134269809345755
6.787599999999998,6.7875999999999975e-06,-0.36419756266933956,-0.37759592376022894
6.788399999999996,6.788399999999996e-06,-0.34371545511680734,-0.37378860358676563
6.789199999999994,6.789199999999993e-06,-0.3574160905366619,-0.3699204693351753
6.789999999999999,6.7899999999999985e-06,-0.34670229153502696,-0.3659912063501342
6.790799999999997,6.790799999999997e-06,-0.383568685550691,-0.3620004703022216
6.791599999999995,6.791599999999995e-06,-0.30256910165412043,-0.35794790557431
6.792400000000001,6.7924e-06,-0.3575002560768208,-0.35383316475451154
6.793199999999999,6.793199999999999e-06,-0.35842607701896956,-0.34965592868228534
6.794000000000004,6.794000000000004e-06,-0.3696843990875591,-0.34541592648715697
6.794799999999995,6.794799999999995e-06,-0.32280835882898545,-0.3411129550666834
6.7956,6.7956e-06,-0.3424522156709954,-0.33674689750845166
6.796399999999998,6.796399999999998e-06,-0.33282575930899216,-0.33231774008351855
6.797200000000004,6.797200000000003e-06,-0.28458775044451556,-0.3278255875863046
6.797999999999995,6.797999999999994e-06,-0.31538420230055475,-0.3232706769176546
6.7988,6.7988e-06,-0.3217768108323762,-0.31865338887688843
6.799599999999998,6.7995999999999975e-06,-0.2937029720139228,-0.3139742581418822
6.800400000000003,6.800400000000003e-06,-0.2832668243500686,-0.3092339813949805
6.801199999999994,6.801199999999994e-06,-0.3056457773326487,-0.3044334235302848
6.802,6.801999999999999e-06,-0.30336422933593954,-0.2995736218654409
6.802799999999998,6.802799999999998e-06,-0.2867448467322376,-0.2946557882711533
6.803600000000003,6.803600000000003e-06,-0.31518523129441817,-0.2896813091359365
6.804399999999994,6.804399999999994e-06,-0.24078630534722278,-0.2846517431283522
6.805199999999999,6.805199999999999e-06,-0.27250441711111556,-0.2795688168065077
6.805999999999997,6.805999999999997e-06,-0.24981944189361843,-0.2744344182205252
6.806800000000003,6.806800000000002e-06,-0.25544548215219215,-0.2692505887110661
6.807599999999994,6.807599999999993e-06,-0.2673966095395076,-0.26401951310396904
6.808399999999999,6.808399999999998e-06,-0.2327875536575113,-0.2587435084586756
6.809199999999997,6.8091999999999966e-06,-0.2694090167783606,-0.25342501148710633
6.809999999999995,6.809999999999995e-06,-0.23434357589252847,-0.24806656474616912
6.8108,6.8108e-06,-0.19645962966879454,-0.24267080172394068
6.8115999999999985,6.8115999999999984e-06,-0.24588711502456112,-0.23724043097222985
6.812400000000004,6.812400000000004e-06,-0.23852556252208768,-0.23177821945969412
6.813199999999995,6.813199999999994e-06,-0.22600608152483365,-0.2262869753141621
6.814,6.8139999999999995e-06,-0.22990360743377736,-0.22076953011684314
6.814799999999998,6.814799999999998e-06,-0.1764318266029507,-0.21522872095117168
6.815600000000003,6.815600000000003e-06,-0.16802756717520362,-0.20966737249882428
6.8163999999999945,6.8163999999999946e-06,-0.19716151339893762,-0.20408827955915843
6.8172,6.8172e-06,-0.15593099439609176,-0.19849419037970906
6.817999999999998,6.817999999999997e-06,-0.16825774593855147,-0.19288779110412413
6.818800000000003,6.818800000000002e-06,-0.19985481068512456,-0.18727169150372974
6.819599999999994,6.819599999999994e-06,-0.17725608152483363,-0.18164841201043433
6.820399999999999,6.820399999999999e-06,-0.17521946442303904,-0.17602037195463863
6.8211999999999975,6.8211999999999975e-06,-0.15947861869848767,-0.17038987886555954
6.822000000000003,6.822000000000003e-06,-0.14499193400823113,-0.16475911871892654
6.822799999999994,6.822799999999993e-06,-0.17416276170922607,-0.15913014708363254
6.823599999999999,6.8235999999999985e-06,-0.11929421131238305,-0.15350488118050903
6.824399999999997,6.824399999999997e-06,-0.11761090050850365,-0.1478850929061143
6.825200000000002,6.825200000000002e-06,-0.12764778198576465,-0.1422724028926481
6.825999999999993,6.825999999999993e-06,-0.12992308843093153,-0.13666827566127632
6.826799999999999,6.826799999999999e-06,-0.1182257818385129,-0.13107401587034734
6.827599999999997,6.827599999999996e-06,-0.12261638571711847,-0.12549076558410877
6.828400000000002,6.828400000000001e-06,-0.10753013965981212,-0.1199195024324492
6.8292,6.8292e-06,-0.10507685589131749,-0.1143610385167224
6.829999999999998,6.829999999999998e-06,-0.1308078668615244,-0.10881601993099982
6.8308000000000035,6.830800000000003e-06,-0.10377673496834461,-0.103284926801014
6.831599999999995,6.831599999999994e-06,-0.08493765205096349,-0.09776807380121652
6.8324,6.832399999999999e-06,-0.06332318682448368,-0.09226561120452563
6.833199999999998,6.8331999999999975e-06,-0.052970448357961164,-0.08677752663085697
6.834000000000003,6.834000000000003e-06,-0.07333358941022083,-0.08130364773622958
6.834799999999994,6.834799999999994e-06,-0.05398402804307101,-0.07584364608059106
6.8355999999999995,6.835599999999999e-06,-0.048789974414056636,-0.07039704233741935
6.836399999999998,6.836399999999997e-06,-0.07998909714825636,-0.06496321290796862
6.837200000000003,6.837200000000003e-06,-0.027651943020059355,-0.05954139791915957
6.837999999999994,6.837999999999994e-06,-0.052720788597359014,-0.05413071053401026
6.838799999999999,6.838799999999999e-06,-0.05825717810715897,-0.04873014748756365
6.839599999999997,6.839599999999997e-06,-0.014332416963863892,-0.04333860077063741
6.8404000000000025,6.840400000000002e-06,-0.014746435282023906,-0.03795487040829344
6.8411999999999935,6.841199999999993e-06,0.002093479842216306,-0.032577678307900884
6.841999999999999,6.841999999999998e-06,0.013497247302602156,-0.02720568315540034
6.842799999999997,6.8427999999999966e-06,-0.02299617090655759,-0.021837496282598214
6.843600000000002,6.843600000000002e-06,-0.023901943020059324,-0.016471698307557396
6.844399999999993,6.8443999999999924e-06,-0.008748175559673443,-0.011106856208206159
6.845199999999998,6.8451999999999984e-06,0.012131685493697142,-0.00574154039406569
6.8459999999999965,6.845999999999996e-06,-0.03169680632641214,-0.0003743413325003383
6.846800000000002,6.846800000000001e-06,0.02046785568707199,0.00499611465059299
6.8476,6.8475999999999995e-06,0.03425681768148037,0.01037115067768537
6.848399999999998,6.848399999999998e-06,-0.005077423722710139,0.015752025906778214
6.849200000000003,6.849200000000003e-06,0.031279627506070495,0.02113992346716389
6.850000000000001,6.850000000000001e-06,0.06781692508676085,0.02653593972760368
6.8508,6.850799999999999e-06,0.07475348885404443,0.0319410748181708
6.851599999999998,6.851599999999997e-06,0.04722568578820063,0.03735622429700512
6.852400000000003,6.852400000000002e-06,0.06431526067304294,0.042782171889906795
6.853199999999994,6.853199999999994e-06,0.02963111766230464,0.04821958334286329
6.853999999999999,6.853999999999999e-06,-0.002186479604706526,0.05366900155837409
6.854799999999997,6.854799999999997e-06,0.06448567227050828,0.05913084324693907
6.855600000000003,6.855600000000003e-06,0.12111961849427222,0.0646053972546075
6.856399999999994,6.856399999999993e-06,0.06158848660106242,0.0700928245409215
6.857199999999999,6.8571999999999985e-06,0.07943347083038799,0.0755931595784412
6.857999999999997,6.857999999999997e-06,0.09874690706313438,0.08110631282881513
6.858800000000002,6.858800000000002e-06,0.09907732767246791,0.08663207392775393
6.859599999999993,6.859599999999993e-06,0.11744962300017625,0.09217011521689097
6.8603999999999985,6.860399999999998e-06,0.14050190030428822,0.0977199952609535
6.861199999999997,6.861199999999996e-06,0.094192889481303,0.10328116200694742
6.862000000000002,6.862000000000001e-06,0.1104852561671088,0.10885295530188191
6.862799999999993,6.862799999999993e-06,0.14102088933405132,0.11443460857081547
6.863599999999998,6.863599999999998e-06,0.18125730964887443,0.12002524952541174
6.864399999999996,6.864399999999996e-06,0.10333383359933657,0.12562389981040994
6.8652000000000015,6.865200000000002e-06,0.16673033878995658,0.13122947353990455
6.866,6.865999999999999e-06,0.15871910399736044,0.13684077476140677
6.866799999999998,6.8667999999999975e-06,0.1494105851417964,0.14245649399223062
6.867600000000003,6.867600000000003e-06,0.1755847416701971,0.14807520406337582
6.868400000000001,6.868400000000001e-06,0.1176166299062743,0.1536953555764021
6.869199999999999,6.869199999999999e-06,0.17144171703501299,0.15931527233089207
6.869999999999997,6.869999999999997e-06,0.20077803895635404,0.1649331470924309
6.870800000000003,6.870800000000002e-06,0.18372610189166005,0.1705470380284045
6.871600000000001,6.8716e-06,0.17539352490118754,0.1761548660732806
6.872399999999999,6.872399999999999e-06,0.18500106809743222,0.18175441345105356
6.873199999999997,6.873199999999997e-06,0.20207891622218443,0.18734332359048028
6.874000000000002,6.874000000000002e-06,0.1848446522885031,0.1929191026766295
6.874799999999993,6.874799999999993e-06,0.22556034329585073,0.19847912305740076
6.875599999999999,6.875599999999998e-06,0.22237377952856696,0.20402062867515888
6.876399999999997,6.8763999999999965e-06,0.2125491085032546,0.20954074264886013
6.877200000000002,6.877200000000002e-06,0.21625182444029656,0.21503647711080243
6.877999999999993,6.877999999999992e-06,0.21336088032225298,0.22050474540283332
6.878799999999998,6.8787999999999976e-06,0.24050398082143565,0.22594237673216933
6.879599999999996,6.879599999999996e-06,0.23647160061793737,0.23134613334738702
6.880400000000002,6.880400000000001e-06,0.21889783766348547,0.23671273022030753
6.881199999999993,6.881199999999993e-06,0.27339360076518904,0.24203885713205087
6.881999999999998,6.881999999999998e-06,0.237873287561146,0.24732120297610782
6.882799999999996,6.882799999999995e-06,0.2601714796949647,0.25255648200878333
6.883600000000001,6.883600000000001e-06,0.24645836117219544,0.25774146170012896
6.884399999999992,6.884399999999992e-06,0.291754737164333,0.262872991766813
6.8851999999999975,6.885199999999997e-06,0.2523404912542083,0.26794803389341393
6.886000000000003,6.886000000000002e-06,0.2926444329720481,0.2729636915679447
6.886800000000001,6.886800000000001e-06,0.2609666073767837,0.2779172393813444
6.887599999999999,6.887599999999999e-06,0.32777588257520507,0.2828061510734143
6.888399999999997,6.888399999999997e-06,0.33746286244591817,0.2876281255467419
6.889200000000002,6.889200000000002e-06,0.36969012848525973,0.29238111003701994
6.890000000000001,6.89e-06,0.27143547548357383,0.2970633196785478
6.890799999999999,6.8907999999999985e-06,0.32503095168039053,0.3016732528766723
6.891599999999997,6.891599999999997e-06,0.3215328804694747,0.3062097021503481
6.892400000000002,6.892400000000002e-06,0.32163652700688783,0.31067176032979066
6.8932,6.8931999999999995e-06,0.314400750387522,0.3150588221176309
6.893999999999998,6.893999999999998e-06,0.3685034888540445,0.3193705810666479
6.8947999999999965,6.894799999999996e-06,0.36424773926996334,0.32360702204692565
6.895600000000002,6.895600000000001e-06,0.3598041776084101,0.32776840931342394
6.8964,6.8964e-06,0.33578503685065364,0.33185527037827056
6.897199999999998,6.897199999999998e-06,0.3371929653453345,0.33586837605159264
6.897999999999996,6.897999999999996e-06,0.34886662990630424,0.33980871719449474
6.898800000000001,6.898800000000001e-06,0.36641731866066973,0.34367747885594657
6.899599999999992,6.899599999999992e-06,0.324108723941144,0.3474760125109466
6.900399999999998,6.9003999999999975e-06,0.34901472364664055,0.35120580710379745
6.901199999999996,6.901199999999996e-06,0.3637344239602198,0.3548684595554451
6.902000000000001,6.902000000000001e-06,0.3459889252340126,0.35846564531671526
6.902799999999992,6.902799999999992e-06,0.3895204732306218,0.36199908943652664
6.903599999999997,6.903599999999997e-06,0.3772228489282258,0.3654705384884779
6.9044000000000025,6.904400000000002e-06,0.41039825376694494,0.36888173359650966
6.905200000000001,6.9052e-06,0.3690697619467357,0.37223438474873144
6.905999999999999,6.905999999999999e-06,0.39854944874272247,0.3755301465994516
6.906799999999997,6.906799999999996e-06,0.35823226757914084,0.3787705960167898
6.907600000000002,6.907600000000002e-06,0.39546161413562964,0.381957211693303
6.9084,6.9084e-06,0.3741983746899178,0.3850913561548721
6.9091999999999985,6.909199999999998e-06,0.3889855964065768,0.38817426046039194
6.909999999999997,6.9099999999999965e-06,0.4019675154476742,0.3912070117932348
6.910800000000002,6.910800000000002e-06,0.43319879079334733,0.3941905440317168
6.9116,6.9116e-06,0.36406768142958834,0.39712563128074707
6.912399999999998,6.9123999999999975e-06,0.39671501882709714,0.40001288427531234
6.913199999999996,6.913199999999996e-06,0.39942930979609315,0.40285274952147493
6.9140000000000015,6.914000000000001e-06,0.4629358915870333,0.4056455109789691
6.9148,6.914799999999999e-06,0.41133807049763293,0.40839129398940854
6.915599999999998,6.915599999999998e-06,0.4296262002851824,0.4110900710619872
6.916399999999996,6.916399999999995e-06,0.4417575740243078,0.4137416691082133
6.917200000000001,6.9172000000000005e-06,0.4136050548742103,0.41634577777162607
6.917999999999999,6.917999999999999e-06,0.4564861642379693,0.41890195857929724
6.918799999999997,6.918799999999997e-06,0.4610437750226729,0.4214096547143196
6.9195999999999955,6.9195999999999955e-06,0.4196212829079602,0.4238682012764885
6.920400000000001,6.920400000000001e-06,0.3888798693520161,0.4262768359805561
6.921199999999992,6.9211999999999914e-06,0.45716516227949067,0.4286347103283051
6.921999999999997,6.9219999999999966e-06,0.42822110865047647,0.4309409013299146
6.922799999999995,6.922799999999995e-06,0.42885963201193456,0.43319442380118756
6.9236,6.9236e-06,0.4439869205807967,0.43539424315326475
6.924399999999999,6.9243999999999985e-06,0.46637211511481924,0.43753928847834817
6.925199999999997,6.925199999999996e-06,0.4501589965920799,0.43962846564632185
6.926000000000002,6.926000000000002e-06,0.44150299688658334,0.4416606700693022
6.9268,6.9267999999999995e-06,0.45579203474492347,0.44363479877072476
6.927599999999998,6.927599999999998e-06,0.4727800436095,0.4455497614019586
6.928399999999996,6.928399999999996e-06,0.4437191039973605,0.4474044898563336
6.929200000000002,6.929200000000001e-06,0.5078592917725365,0.449197946130903
6.93,6.93e-06,0.4891092917725365,0.45092912810146035
6.930799999999998,6.930799999999997e-06,0.4888728714577465,0.4525970729359978
6.931599999999996,6.931599999999996e-06,0.4626423524549007,0.45420085799966503
6.932400000000001,6.932400000000001e-06,0.47909888918679966,0.4557395992979353
6.933199999999999,6.933199999999999e-06,0.45824267016487796,0.457212447718586
6.9339999999999975,6.9339999999999975e-06,0.462227766305348,0.4586185835057538
6.934799999999996,6.934799999999995e-06,0.4215001600266086,0.4599572094969795
6.935600000000001,6.9356e-06,0.49334839721933854,0.46122754367137786
6.936399999999999,6.9363999999999985e-06,0.47390767241776,0.46242881149691395
6.937199999999997,6.937199999999997e-06,0.4731904687247577,0.46356023845034144
6.937999999999995,6.937999999999995e-06,0.49399391847516627,0.4646210429703453
6.9388000000000005,6.9388e-06,0.45974516678545485,0.46561043004451264
6.939599999999999,6.939599999999999e-06,0.4836767373115848,0.4665275856281421
6.940399999999997,6.940399999999996e-06,0.44448359175336083,0.4673716721135935
6.941199999999995,6.941199999999995e-06,0.4804776904414165,0.46814182507458585
6.942,6.942e-06,0.48639651348919544,0.46883715147553506
6.942799999999998,6.942799999999998e-06,0.47551230288999535,0.46945672946101896
6.943599999999996,6.9435999999999965e-06,0.5036614173486255,0.4699996097543839
6.944400000000002,6.944400000000002e-06,0.45156352039529335,0.47046481863658673
6.9452,6.945199999999999e-06,0.4837796275060705,0.47085136246033577
6.945999999999998,6.9459999999999975e-06,0.5169760260276987,0.4711582336589584
6.946799999999996,6.946799999999996e-06,0.45391467031212973,0.47138441820714255
6.947600000000001,6.947600000000001e-06,0.4879254890012963,0.47152890448285795
6.9483999999999995,6.948399999999999e-06,0.44390483555778526,0.47159069348208044
6.949199999999998,6.949199999999997e-06,0.49211504135651785,0.47156881033733206
6.949999999999996,6.949999999999995e-06,0.489714526859636,0.4714623170509534
6.950800000000001,6.9508000000000004e-06,0.4808915202480416,0.4712703262687294
6.951599999999999,6.951599999999999e-06,0.46973816889108533,0.4709920158301849
6.952399999999997,6.952399999999997e-06,0.49735921590850496,0.4706266437788538
6.953199999999995,6.953199999999995e-06,0.4925067418174489,0.4701735634988482
6.954000000000001,6.954000000000001e-06,0.49385339046049226,0.46963223864400794
6.954799999999999,6.954799999999998e-06,0.4871867237938925,0.4690022575445267
6.955599999999997,6.9555999999999966e-06,0.4519885091305831,0.46828334682744527
6.956399999999995,6.956399999999995e-06,0.4738853545606312,0.46747538406056005
6.9572,6.9572e-06,0.48487037483716977,0.46657840928230965
6.957999999999998,6.9579999999999984e-06,0.4636530952800356,0.4655926352785303
6.9587999999999965,6.958799999999996e-06,0.4924823434430723,0.4645184564187049
6.959599999999995,6.959599999999994e-06,0.48509223153192793,0.4633564558098528
6.9604,6.9603999999999995e-06,0.47838735921374675,0.4621074104999487
6.961199999999998,6.961199999999998e-06,0.47413160962976564,0.460772294476707
6.961999999999996,6.961999999999996e-06,0.48265767241776003,0.45935227925674554
6.962800000000001,6.962800000000001e-06,0.4589869205807968,0.45784873192688647
6.9636,6.963599999999999e-06,0.48295820944416246,0.45626321056317287
6.964400000000005,6.964400000000005e-06,0.4735710102570242,0.4545974570044768
6.965199999999996,6.965199999999996e-06,0.479253412990013,0.45285338700055616
6.966000000000001,6.966000000000001e-06,0.4736141332857273,0.45103307780283514
6.966799999999999,6.966799999999999e-06,0.44099308626830735,0.44913875333391945
6.967599999999997,6.967599999999997e-06,0.4463123479490365,0.447172767155259
6.9683999999999955,6.968399999999995e-06,0.46588527869659935,0.44513758352202815
6.969200000000001,6.9692e-06,0.4319383882076102,0.4430357568359782
6.969999999999999,6.9699999999999985e-06,0.4538645493891569,0.4408699097750553
6.970799999999997,6.970799999999997e-06,0.4849413009316166,0.4386427103190768
6.971599999999995,6.971599999999995e-06,0.45907392298103056,0.4363568478375682
6.9724,6.9724e-06,0.47652380205805756,0.4340150083922084
6.9731999999999985,6.973199999999998e-06,0.4434756857882006,0.43161984946327797
6.973999999999997,6.973999999999996e-06,0.41275923843802564,0.4291739744393039
6.974799999999995,6.974799999999995e-06,0.432155516036681,0.42667990736517936
6.9756,6.9756e-06,0.42971244634248873,0.4241400685552607
6.976399999999998,6.976399999999998e-06,0.3988861109034584,0.4215567516976478
6.977199999999996,6.977199999999996e-06,0.41580735470788277,0.41893210300895706
6.977999999999994,6.977999999999994e-06,0.4136614173486254,0.4162681028784481
6.9788,6.978799999999999e-06,0.4319035872474968,0.4135665502895195
6.979599999999998,6.9795999999999975e-06,0.4235411266741329,0.41082905014247967
6.980399999999996,6.980399999999996e-06,0.41229320719128015,0.4080570034571413
6.981200000000001,6.981200000000001e-06,0.4043911041446123,0.40525160033785407
6.981999999999999,6.981999999999999e-06,0.40662744859547084,0.4024138155342577
6.982800000000005,6.9828000000000045e-06,0.4316162896668063,0.39954440639595057
6.983599999999996,6.983599999999995e-06,0.43490101476288834,0.396643912976297
6.984400000000001,6.9844e-06,0.4021352786965994,0.393712660007783
6.985199999999999,6.985199999999999e-06,0.4069822675791409,0.3907507604883515
6.986000000000004,6.986000000000004e-06,0.3967443345785959,0.387758120695349
6.986799999999995,6.986799999999995e-06,0.4137887059174875,0.3847344465436238
6.9876000000000005,6.9876e-06,0.3614097529349074,0.38167925128229335
6.988399999999999,6.988399999999998e-06,0.4079421331384756,0.3785918645681658
6.989199999999997,6.9891999999999965e-06,0.36911912652688117,0.37547144296983026
6.989999999999995,6.989999999999995e-06,0.37503870591748745,0.37231698194726903
6.9908,6.9908e-06,0.39661912652688114,0.3691273293190739
6.991599999999998,6.9915999999999976e-06,0.3977724778837376,0.36590120018445915
6.992399999999996,6.992399999999996e-06,0.38317174407043086,0.36263719323288446
6.9931999999999945,6.993199999999994e-06,0.326336746323313,0.35933380837824014
6.994,6.9939999999999994e-06,0.40669496999845045,0.355989465703141
6.994799999999998,6.994799999999998e-06,0.3598794532485866,0.3526025257552069
6.995599999999996,6.995599999999995e-06,0.2919669476161816,0.3491713112600381
6.996399999999994,6.996399999999994e-06,0.3428197619467357,0.34569413029890617
6.997199999999999,6.997199999999999e-06,0.3924197394172151,0.3421693009390712
6.9979999999999976,6.997999999999997e-06,0.34930353391298574,0.33859517718236426
6.998799999999996,6.9987999999999956e-06,0.3129909298871284,0.3349701759429263
6.999600000000001,6.999600000000001e-06,0.31248309978599975,0.33129280465595706
7.000399999999999,7.000399999999999e-06,0.37521611540932254,0.3275616890732299
7.001200000000004,7.001200000000004e-06,0.3564744374779123,0.32377560075324785
7.001999999999995,7.001999999999995e-06,0.31684382008161416,0.3199334836776042
7.002800000000001,7.0028e-06,0.3321150413565178,0.31603447937950413
7.003599999999999,7.0035999999999985e-06,0.3431813903132406,0.3120779500002552
7.004400000000004,7.004400000000004e-06,0.31334707304511855,0.3080634987611005
7.005199999999995,7.005199999999994e-06,0.33370454037732844,0.3039909874030402
7.006,7.0059999999999995e-06,0.3051506745234903,0.29986055020319363
7.006799999999998,7.006799999999998e-06,0.32957683570503693,0.2956726042378202
7.007600000000004,7.007600000000003e-06,0.336846656941689,0.2914278556312866
7.008399999999995,7.008399999999995e-06,0.24300133247286548,0.28712730160867234
7.0092,7.0092e-06,0.37003038384889775,0.28277222826395176
7.009999999999998,7.009999999999998e-06,0.2864681959264699,0.2783642040589861
7.010799999999996,7.010799999999996e-06,0.2447932071912502,0.2739050691675996
7.011599999999994,7.011599999999994e-06,0.31885963201193457,0.2693969208752806
7.0123999999999995,7.012399999999999e-06,0.2840064015780509,0.26484209533481
7.013199999999998,7.0131999999999975e-06,0.271073847116999,0.2602431460409828
7.013999999999996,7.013999999999996e-06,0.25295953361848234,0.2556028194277415
7.014799999999994,7.014799999999993e-06,0.22440434359035422,0.2509240280346436
7.015599999999999,7.0155999999999985e-06,0.2909736052710533,0.24620982172419312
7.016399999999997,7.016399999999997e-06,0.2583156767764423,0.24146335741515618
7.017199999999995,7.017199999999995e-06,0.28107233443134416,0.23668786773463873
7.018000000000001,7.018e-06,0.2185655250484393,0.23188662894985523
7.018799999999999,7.018799999999999e-06,0.24513403038631087,0.22706292857243324
7.019600000000004,7.019600000000004e-06,0.21609124759707565,0.22222003311294258
7.020399999999995,7.020399999999995e-06,0.27120037934303376,0.21736115653529128
7.0212,7.0212e-06,0.17455678687642007,0.21248942998428733
7.0219999999999985,7.021999999999998e-06,0.25729736822554505,0.207607873354938
7.022800000000004,7.022800000000003e-06,0.19580111315641047,0.2027193692696605
7.023599999999995,7.023599999999994e-06,0.20547693409851908,0.197826640032914
7.0244,7.0244e-06,0.1554171669326736,0.1929322281297103
7.025199999999998,7.0251999999999976e-06,0.16918456741271337,0.18803848080848518
7.026000000000003,7.026000000000003e-06,0.21025224054372615,0.18314753920853016
7.026799999999994,7.026799999999994e-06,0.1393827820760225,0.1782613323329434
7.0276,7.0275999999999994e-06,0.1765307999523602,0.17338157595272327
7.028399999999998,7.028399999999998e-06,0.1566775695184136,0.16850977630719488
7.029200000000003,7.029200000000003e-06,0.1677940393981061,0.16364723826211044
7.029999999999994,7.029999999999994e-06,0.18232800815132366,0.1587950773912125
7.030799999999999,7.030799999999999e-06,0.18759506839193252,0.15395423526750038
7.031599999999997,7.031599999999997e-06,0.1875254664717756,0.14912549712321008
7.032400000000003,7.032400000000002e-06,0.13958383359933657,0.14430951099946782
7.033199999999994,7.033199999999993e-06,0.15474724730257217,0.13950680756299055
7.033999999999999,7.033999999999998e-06,0.1521679991395325,0.13471781987666048
7.034799999999997,7.034799999999997e-06,0.18050681768144738,0.12994290251134807
7.035599999999995,7.035599999999995e-06,0.14640559190064262,0.12518234945398407
7.0364,7.0364e-06,0.14640767241778996,0.12043641033634506
7.037199999999999,7.0371999999999985e-06,0.1301862318264312,0.11570530462325544
7.038000000000004,7.038000000000004e-06,0.11396195437505763,0.11098923355306548
7.038799999999995,7.038799999999994e-06,0.10270571282361551,0.10628838977094351
7.0396,7.0395999999999995e-06,0.13614817790291356,0.10160296469305431
7.040399999999998,7.040399999999998e-06,0.1427376769236942,0.09693315367645654
7.0412000000000035,7.041200000000003e-06,0.09605152925983995,0.09227915907713398
7.0419999999999945,7.041999999999995e-06,0.0804164105898092,0.08764119131208624
7.0428,7.0428e-06,0.07584215566792629,0.08301946812244479
7.043599999999998,7.043599999999997e-06,0.06530028094958151,0.07841421231428765
7.044400000000003,7.044400000000002e-06,0.09471528320249356,0.07382564826001933
7.045199999999994,7.045199999999994e-06,0.08251714440318592,0.06925399735795734
7.045999999999999,7.045999999999999e-06,0.11432566325875004,0.06469947252202392
7.0467999999999975,7.0467999999999975e-06,0.08648767692369419,0.060162271682180024
7.047600000000003,7.047600000000003e-06,0.08196203023905924,0.055642570272961024
7.048399999999994,7.048399999999993e-06,-0.002553781691261192,0.051140512778749946
7.049199999999999,7.0491999999999985e-06,0.08196902813335882,0.04665620353981888
7.049999999999997,7.049999999999997e-06,0.07011038835483197,0.04218969711758722
7.050800000000002,7.050800000000002e-06,0.04562162314745788,0.03774098852156264
7.051599999999993,7.051599999999993e-06,0.04388894776343333,0.03331000355308018
7.052399999999999,7.052399999999999e-06,0.033836746323313016,0.028896589497642493
7.053199999999997,7.053199999999996e-06,0.03990385162296306,0.02450050641663572
7.054000000000002,7.054000000000001e-06,0.05363853166000376,0.020121419312901564
7.0548,7.0548e-06,-0.029744922596269152,0.015758891450524497
7.055599999999998,7.055599999999998e-06,0.038295627947825595,0.011412379105704716
7.056400000000004,7.056400000000003e-06,0.03446278658188662,0.007081228010744699
7.057199999999995,7.057199999999994e-06,0.029572674670741983,0.002764671711727024
7.058,7.057999999999999e-06,-0.03742573677957162,-0.0015381679912412106
7.058799999999998,7.0587999999999975e-06,-0.0036110522365666586,-0.005828278374822027
7.059600000000003,7.059600000000003e-06,-0.00368065415669383,-0.010106750749554295
7.060399999999994,7.060399999999994e-06,-0.01902563838601945,-0.014374772938983729
7.0611999999999995,7.061199999999999e-06,-0.006933982984129727,-0.01863361928242645
7.061999999999998,7.061999999999997e-06,-0.014915334193834506,-0.022884638296538896
7.062800000000003,7.062800000000003e-06,-0.024259410352269528,-0.027129238246472887
7.063599999999994,7.063599999999994e-06,0.012783636812402133,-0.031368870961125006
7.064399999999999,7.064399999999999e-06,-0.032790958348978716,-0.0356050142793561
7.065199999999997,7.065199999999997e-06,0.004203292067040176,-0.03983915352837373
7.0660000000000025,7.066000000000002e-06,-0.0416988868435596,-0.04407276240214667
7.0667999999999935,7.066799999999993e-06,-0.005781387970100638,-0.04830728352997485
7.067599999999999,7.067599999999998e-06,-0.09753770538547435,-0.052544108923225086
7.068399999999997,7.0683999999999966e-06,-0.05246961615110224,-0.05678456039270462
7.069200000000002,7.069200000000002e-06,-0.06859365175646004,-0.06102986998122186
7.069999999999993,7.0699999999999924e-06,-0.07520679280871978,-0.06528116049407286
7.070799999999998,7.0707999999999984e-06,-0.008323754655876425,-0.06953942633444006
7.0715999999999966,7.071599999999996e-06,-0.06298784883796787,-0.07380551500619266
7.072400000000002,7.072400000000001e-06,-0.096795535486703,-0.07808010975690596
7.0732,7.0731999999999995e-06,-0.030576931755349035,-0.08236371385691087
7.073999999999998,7.073999999999998e-06,-0.04876973707407495,-0.08665663696756364
7.074800000000003,7.074800000000003e-06,-0.058613889096541694,-0.0909589839882088
7.075600000000001,7.075600000000001e-06,-0.10722752211626246,-0.09527064668676705
7.0764,7.076399999999999e-06,-0.09354012614211976,-0.09959129828991756
7.077199999999998,7.077199999999997e-06,-0.11075074804428187,-0.10392039106473112
7.078000000000003,7.078000000000002e-06,-0.07543148636355279,-0.10825715683696935
7.078799999999994,7.078799999999994e-06,-0.09994673046248054,-0.11260061039253973
7.079599999999999,7.079599999999999e-06,-0.0822768866963079,-0.11694955575407076
7.080399999999997,7.0803999999999975e-06,-0.08862013064798385,-0.12130259534589351
7.081200000000003,7.081200000000003e-06,-0.09885314627140657,-0.12565814201903572
7.081999999999994,7.081999999999993e-06,-0.10799957559802509,-0.1300144338028332
7.082799999999999,7.0827999999999985e-06,-0.15473584418485203,-0.13436955110396984
7.083599999999997,7.083599999999997e-06,-0.1177610747659874,-0.13872143592544553
7.084400000000002,7.084400000000002e-06,-0.10483324917072284,-0.14306791257296855
7.085199999999993,7.085199999999993e-06,-0.15019147284586049,-0.1474067092754014
7.0859999999999985,7.085999999999998e-06,-0.1525314638340322,-0.1517354801403676
7.086799999999997,7.086799999999996e-06,-0.17570478815560392,-0.15605182685529828
7.087600000000002,7.087600000000001e-06,-0.1263385826513746,-0.16035331953557871
7.088399999999993,7.088399999999993e-06,-0.17649291794315336,-0.16463751615585423
7.089199999999998,7.089199999999998e-06,-0.16211971454455437,-0.1689019800841406
7.089999999999996,7.089999999999996e-06,-0.2085894907221652,-0.17314429533558948
7.0908000000000015,7.090800000000002e-06,-0.1698646454393689,-0.17736207925633987
7.0916,7.091599999999999e-06,-0.20637962516283037,-0.18155299246387555
7.092399999999998,7.0923999999999975e-06,-0.1597407615619743,-0.18571474603490418
7.093200000000003,7.093200000000003e-06,-0.17593723594753402,-0.1898451061301341
7.094000000000001,7.094000000000001e-06,-0.16664044385199706,-0.19394189642918666
7.094799999999999,7.094799999999999e-06,-0.18603596510782494,-0.19800299886952943
7.0955999999999975,7.095599999999997e-06,-0.21945138346413645,-0.20202635322118156
7.096400000000003,7.096400000000002e-06,-0.17713635868173377,-0.20600995600851812
7.097200000000001,7.0972e-06,-0.17175241245799983,-0.2099518592633574
7.097999999999999,7.097999999999999e-06,-0.1491599248492511,-0.21385016958624925
7.098799999999997,7.098799999999997e-06,-0.21053721341811343,-0.21770304796928042
7.099600000000002,7.099600000000002e-06,-0.20857700761928066,-0.22150871073137487
7.100399999999993,7.100399999999993e-06,-0.17463635868173377,-0.2252654317285163
7.101199999999999,7.101199999999998e-06,-0.20528055576324167,-0.22897154578851542
7.101999999999997,7.1019999999999965e-06,-0.25249458235687117,-0.23262545313828215
7.102800000000002,7.102800000000002e-06,-0.2426073073057014,-0.23622562444541467
7.103599999999993,7.1035999999999924e-06,-0.23939710150686877,-0.239770605989487
7.104399999999998,7.1043999999999976e-06,-0.27368405884816127,-0.2432590244513117
7.105199999999996,7.105199999999996e-06,-0.2612689807311476,-0.24668959088774048
7.106000000000002,7.106000000000001e-06,-0.23897627380597392,-0.2500611036252667
7.106799999999993,7.106799999999993e-06,-0.25491325367668705,-0.2533724500192166
7.107599999999998,7.107599999999998e-06,-0.19796420680651883,-0.25662260724683494
7.108399999999996,7.108399999999995e-06,-0.2393783768525421,-0.25981064247984864
7.109200000000001,7.109200000000001e-06,-0.2256172179239775,-0.26293571286147716
7.109999999999992,7.109999999999992e-06,-0.25629262276269665,-0.2659970656720584
7.110799999999998,7.110799999999997e-06,-0.2645028285614293,-0.2689940389344563
7.111600000000003,7.111600000000002e-06,-0.2580024124579998,-0.2719260625505883
7.112400000000001,7.112400000000001e-06,-0.2766856473978476,-0.2747926599376475
7.113199999999999,7.113199999999999e-06,-0.2554530478778544,-0.27759345007491976
7.113999999999997,7.113999999999997e-06,-0.25625782180258305,-0.2803281498676638
7.1148000000000025,7.114800000000002e-06,-0.2501387035743475,-0.2829965767489529
7.115600000000001,7.1156e-06,-0.25527147735172456,-0.28559865143447766
7.116399999999999,7.1163999999999985e-06,-0.30898667639171096,-0.28813440069124263
7.117199999999997,7.117199999999997e-06,-0.2852540768717178,-0.290603959883738
7.118000000000002,7.118000000000002e-06,-0.3060471240363894,-0.2930075749679592
7.1188,7.1187999999999995e-06,-0.2765861618947293,-0.2953456035751323
7.119599999999998,7.119599999999998e-06,-0.2991724079521358,-0.29761851488403884
7.1203999999999965,7.120399999999996e-06,-0.334735844184852,-0.2998268880898021
7.121200000000002,7.121200000000001e-06,-0.29578895369576286,-0.30197140939665396
7.122,7.122e-06,-0.2855434549695556,-0.30405286758995814
7.122799999999998,7.122799999999998e-06,-0.26113469426801583,-0.3060721483928067
7.123599999999996,7.123599999999996e-06,-0.26847411742479493,-0.3080302279567259
7.124400000000001,7.124400000000001e-06,-0.322150354470373,-0.30992816590382677
7.125199999999992,7.125199999999992e-06,-0.2816856473978476,-0.311767098289488
7.125999999999998,7.1259999999999975e-06,-0.2717002110178796,-0.31354823073029703
7.126799999999996,7.126799999999996e-06,-0.29121261825673256,-0.31527283181343924
7.127600000000001,7.127600000000001e-06,-0.32257742372271014,-0.3169422267947621
7.128399999999992,7.128399999999992e-06,-0.3104091685063239,-0.31855779148104946
7.129199999999997,7.129199999999997e-06,-0.32213219764743883,-0.32012094608048114
7.130000000000003,7.130000000000002e-06,-0.30315958460975334,-0.32163314873773896
7.130800000000001,7.1308e-06,-0.317652510851452,-0.3230958884718459
7.131599999999999,7.131599999999999e-06,-0.34183449748101136,-0.3245106772814179
7.132399999999997,7.132399999999996e-06,-0.3276184662342659,-0.3258790412396035
7.133200000000002,7.133200000000002e-06,-0.2966362828177022,-0.3272025104668415
7.134,7.134e-06,-0.3085206451448655,-0.3284826079567009
7.1347999999999985,7.134799999999998e-06,-0.32025691373169257,-0.3297208373223358
7.135599999999997,7.1355999999999965e-06,-0.3259886810448269,-0.33091866958437516
7.136400000000002,7.136400000000002e-06,-0.3360666050335436,-0.33207752911822963
7.1372,7.1372e-06,-0.3577979562432483,-0.3331987788568949
7.137999999999998,7.1379999999999976e-06,-0.30408691823765677,-0.3342837048587752
7.138799999999996,7.138799999999996e-06,-0.34152147735172456,-0.33533350042407883
7.1396000000000015,7.139600000000001e-06,-0.32175941035226957,-0.3363492500594171
7.1404,7.1403999999999994e-06,-0.3164492270830574,-0.33733191370385546
7.141199999999998,7.141199999999998e-06,-0.3114157502972639,-0.3382823117056424
7.141999999999996,7.141999999999995e-06,-0.3027171953944568,-0.33920111106650186
7.142800000000001,7.1428000000000005e-06,-0.3225301396598121,-0.34008881344630565
7.143599999999999,7.143599999999999e-06,-0.33620013515384795,-0.34094574534185096
7.144399999999997,7.144399999999997e-06,-0.32393939232871305,-0.3417720507348158
7.1451999999999956,7.1451999999999956e-06,-0.3252067928087198,-0.3425676863850752
7.146000000000001,7.146000000000001e-06,-0.3417155309807388,-0.3433324198612816
7.146799999999992,7.1467999999999914e-06,-0.3258905197160285,-0.344065830354977
7.147599999999997,7.147599999999997e-06,-0.33114377267943296,-0.3447673123010787
7.148399999999995,7.148399999999995e-06,-0.32030344145186324,-0.3454360818133489
7.1492,7.1492e-06,-0.35902771890316665,-0.3460711859303433
7.149999999999999,7.1499999999999985e-06,-0.31245845722243765,-0.346671514647931
7.150799999999997,7.150799999999996e-06,-0.3169319024669823,-0.34723581569021855
7.151600000000002,7.151600000000002e-06,-0.31152431421179944,-0.34776271194457725
7.1524,7.1523999999999995e-06,-0.32601856462771817,-0.34825072144021113
7.153199999999998,7.153199999999998e-06,-0.3347316831505572,-0.3486982796543868
7.153999999999996,7.153999999999996e-06,-0.33065542357545835,-0.3491037637873156
7.154800000000002,7.154800000000001e-06,-0.37856717286503616,-0.349465518496388
7.1556,7.1556e-06,-0.3580148955608844,-0.3497818824727843
7.156399999999998,7.156399999999997e-06,-0.287735352217391,-0.35005121521290344
7.157199999999996,7.157199999999996e-06,-0.3680782559295692,-0.3502719233861709
7.158000000000001,7.158000000000001e-06,-0.35862637219942617,-0.35044248628453595
7.158799999999999,7.158799999999999e-06,-0.3020960725131054,-0.3505614798972175
7.1595999999999975,7.1595999999999975e-06,-0.36131286010267816,-0.35062759917577135
7.160399999999996,7.160399999999995e-06,-0.3383995981274457,-0.35063967806787566
7.161200000000001,7.161200000000001e-06,-0.3689609538430145,-0.3505967069137563
7.161999999999999,7.1619999999999985e-06,-0.36959191147881054,-0.3504978468176703
7.162799999999997,7.162799999999997e-06,-0.35890043033430474,-0.3503424406573659
7.163599999999995,7.163599999999995e-06,-0.36020055125727746,-0.35013002051243397
7.1644000000000005,7.1644e-06,-0.33049200987226274,-0.34986031147803187
7.165199999999999,7.165199999999999e-06,-0.3107291865299803,-0.34953323204393383
7.165999999999997,7.165999999999996e-06,-0.2936138890965417,-0.34914889139903676
7.166799999999995,7.166799999999995e-06,-0.36551357138656426,-0.3487075841068409
7.1676,7.1676e-06,-0.33559981744397077,-0.3482097825597183
7.168399999999998,7.168399999999998e-06,-0.35285564289198346,-0.34765612749925595
7.1691999999999965,7.1691999999999965e-06,-0.34862353533945134,-0.3470474167799439
7.170000000000002,7.170000000000002e-06,-0.31723792470199946,-0.34638459252434173
7.1708,7.170799999999999e-06,-0.32784524030624645,-0.34566872686430083
7.171599999999998,7.1715999999999975e-06,-0.34752597862551726,-0.3449010065287733
7.172399999999996,7.172399999999996e-06,-0.3524597813967576,-0.34408271657600875
7.173200000000001,7.173200000000001e-06,-0.31500233659396826,-0.34321522357462086
7.1739999999999995,7.173999999999999e-06,-0.33393939232871306,-0.34229995854886724
7.174799999999998,7.174799999999997e-06,-0.31919396946643724,-0.34133840003819244
7.175599999999996,7.175599999999995e-06,-0.30929345496955557,-0.3403320576556244
7.176400000000001,7.1764000000000004e-06,-0.33897135642875176,-0.33928245652896316
7.177199999999999,7.177199999999999e-06,-0.2933099473786717,-0.33819112296446063
7.177999999999997,7.177999999999997e-06,-0.3315040768717178,-0.3370595715991834
7.178799999999995,7.178799999999995e-06,-0.32532575930899216,-0.33588929422152153
7.179600000000001,7.179600000000001e-06,-0.34125706545975587,-0.3346817503513558
7.180399999999999,7.180399999999998e-06,-0.30924484673223757,-0.33343835959963236
7.181199999999997,7.1811999999999966e-06,-0.31151107476598744,-0.3321604957927486
7.181999999999995,7.181999999999995e-06,-0.30420096736070695,-0.33084948284921084
7.1828,7.1828e-06,-0.3393991820240162,-0.3295065924003248
7.183599999999998,7.1835999999999984e-06,-0.30878222017695955,-0.328133043121809
7.184399999999997,7.184399999999996e-06,-0.31990209474802256,-0.3267300016983127
7.185199999999995,7.185199999999994e-06,-0.3004120053663986,-0.3252985853115379
7.186,7.1859999999999995e-06,-0.2774571330482177,-0.32383986553567146
7.186799999999998,7.186799999999998e-06,-0.2943456564096758,-0.32235487351202774
7.187599999999996,7.187599999999996e-06,-0.28212803661314406,-0.32084460621543726
7.1884000000000015,7.188400000000001e-06,-0.31900691373169254,-0.3193100334963439
7.1892,7.189199999999999e-06,-0.3219667034270957,-0.31775210540421284
7.190000000000005,7.190000000000005e-06,-0.3320612715529918,-0.31617175912637313
7.190799999999996,7.190799999999996e-06,-0.3301935533630079,-0.31456992477800927
7.191600000000001,7.191600000000001e-06,-0.31898251535741623,-0.31294752929409514
7.192399999999999,7.192399999999999e-06,-0.3384572847761808,-0.3113054977989025
7.193199999999997,7.1931999999999975e-06,-0.32131418427699826,-0.3096447520278187
7.1939999999999955,7.193999999999995e-06,-0.3041661664006934,-0.30796620561248317
7.194800000000001,7.1948e-06,-0.3111715757452768,-0.30627075628990097
7.195599999999999,7.1955999999999985e-06,-0.28425449297514727,-0.304559275337305
7.196399999999997,7.196399999999997e-06,-0.26481168765642127,-0.3028325947374595
7.197199999999995,7.197199999999995e-06,-0.26299200987226273,-0.30109149271363306
7.198,7.198e-06,-0.27443814401842453,-0.29933667831562827
7.1987999999999985,7.198799999999998e-06,-0.2591383633348495,-0.2975687756770818
7.199599999999997,7.199599999999996e-06,-0.33277355786887197,-0.295788308418728
7.200399999999995,7.200399999999995e-06,-0.2963809493371504,-0.29399568449915
7.2012,7.2012e-06,-0.27039044385199706,-0.2921911816897137
7.201999999999998,7.201999999999998e-06,-0.2674646987738799,-0.290374933826962
7.202799999999996,7.202799999999996e-06,-0.32462519975316934,-0.28854691805955607
7.2035999999999945,7.203599999999994e-06,-0.29425941035226955,-0.2867069433926669
7.2044,7.204399999999999e-06,-0.21825074804428185,-0.2848546409059049
7.205199999999998,7.2051999999999975e-06,-0.26177605448944896,-0.282989456099273
7.205999999999996,7.205999999999996e-06,-0.26011922257709336,-0.28111064389503265
7.206800000000001,7.206800000000001e-06,-0.25085571875591506,-0.27921726682669346
7.207599999999999,7.207599999999999e-06,-0.22764002774856745,-0.27730819684693925
7.208400000000005,7.2084000000000045e-06,-0.2587814638340322,-0.275382121024677
7.209199999999996,7.209199999999995e-06,-0.2498179292078636,-0.27343755122287994
7.210000000000001,7.2100000000000004e-06,-0.30886430519997116,-0.27147283766588387
7.210799999999999,7.210799999999999e-06,-0.21456127155299176,-0.2694861861385772
7.211600000000004,7.211600000000004e-06,-0.24331751310443417,-0.267475678453325
7.212399999999995,7.212399999999995e-06,-0.28428305238381846,-0.26543929578327846
7.2132000000000005,7.2132e-06,-0.2714874327345384,-0.26337494444847015
7.213999999999999,7.213999999999998e-06,-0.2219103409526807,-0.26128048372140816
7.214799999999997,7.2147999999999966e-06,-0.22646511487730936,-0.2591537552148011
7.215599999999995,7.215599999999995e-06,-0.2183850345074138,-0.25699261343856084
7.2164,7.2164e-06,-0.22858532968787038,-0.2547949571128478
7.217199999999998,7.217199999999998e-06,-0.2533933565760034,-0.2525587607393636
7.217999999999996,7.217999999999996e-06,-0.2561723320881041,-0.2502821057777595
7.2187999999999946,7.218799999999994e-06,-0.24301981293800656,-0.2479632106217983
7.2196,7.2195999999999995e-06,-0.26862845271657354,-0.24560045849138323
7.220399999999998,7.220399999999998e-06,-0.26585363823876773,-0.24319242237832311
7.221199999999996,7.221199999999995e-06,-0.2592420098722627,-0.2407378862948817
7.221999999999994,7.221999999999994e-06,-0.18394771439730262,-0.23823586225502671
7.222799999999999,7.222799999999999e-06,-0.244880533233721,-0.23568560263995442
7.223599999999998,7.223599999999997e-06,-0.2372984482107094,-0.23308660780385915
7.224399999999996,7.224399999999996e-06,-0.21241609053666188,-0.2304386289058113
7.225200000000001,7.225200000000001e-06,-0.2604265689864305,-0.22774166601395374
7.225999999999999,7.225999999999999e-06,-0.2406164615811502,-0.22499596157956178
7.226800000000004,7.226800000000004e-06,-0.25836895820172695,-0.22220198947492073
7.227599999999995,7.227599999999995e-06,-0.21271587122023683,-0.21936043995483442
7.228400000000001,7.2284e-06,-0.2006457773326487,-0.2164722011378511
7.229199999999999,7.2291999999999985e-06,-0.17747169666824952,-0.2135383378733095
7.230000000000004,7.230000000000004e-06,-0.1907361844242499,-0.2105600690887192
7.230799999999995,7.230799999999994e-06,-0.13789744174636664,-0.20753874482816584
7.2316,7.2315999999999995e-06,-0.1421955580161236,-0.20447582417057936
7.232399999999998,7.232399999999998e-06,-0.17048085094369825,-0.20137285506603658
7.233200000000004,7.233200000000003e-06,-0.1757333475642751,-0.198231456866998
7.233999999999995,7.233999999999995e-06,-0.18039460488629178,-0.19505330599775833
7.2348,7.2348e-06,-0.20109856913368224,-0.19184012487476337
7.235599999999998,7.235599999999998e-06,-0.14522135642875172,-0.18859367394120133
7.236399999999996,7.236399999999996e-06,-0.16803305238381844,-0.1853157465392641
7.237199999999994,7.237199999999994e-06,-0.15716491809040511,-0.18200816627838967
7.2379999999999995,7.237999999999999e-06,-0.2016633295406186,-0.17867278650725754
7.238799999999998,7.2387999999999975e-06,-0.17825490907857683,-0.17531149143138292
7.239599999999996,7.239599999999996e-06,-0.17042524481211052,-0.17192619836662337
7.240399999999994,7.240399999999993e-06,-0.16926565190371173,-0.168518860633707
7.241199999999999,7.2411999999999985e-06,-0.13309149537538106,-0.16509147068964655
7.241999999999997,7.241999999999997e-06,-0.146795535486703,-0.16164606321284813
7.2427999999999955,7.242799999999995e-06,-0.1284970031134166,-0.15818471794969713
7.243600000000001,7.2436e-06,-0.1457793074529532,-0.15470956215606238
7.244399999999999,7.244399999999999e-06,-0.18281876141472259,-0.15122277243041274
7.245200000000004,7.245200000000004e-06,-0.13208775044451554,-0.14772657567598488
7.245999999999995,7.245999999999995e-06,-0.15013586671427276,-0.1442232489066987
7.2468,7.2468e-06,-0.08738337009369573,-0.1407151176610171
7.2475999999999985,7.247599999999998e-06,-0.12680328972380006,-0.13720455288364383
7.248400000000004,7.248400000000003e-06,-0.14948826494139744,-0.13369396620653992
7.249199999999995,7.249199999999994e-06,-0.14287512388913765,-0.13018580356576057
7.25,7.25e-06,-0.11115493160809742,-0.12668253706413551
7.250799999999998,7.2507999999999976e-06,-0.0803912001949244,-0.1231866550043036
7.251600000000003,7.251600000000003e-06,-0.12740001423087516,-0.11970065009068206
7.252399999999994,7.252399999999994e-06,-0.1399667792910273,-0.11622700587587624
7.2532,7.2531999999999994e-06,-0.09453971003869033,-0.1127681815600524
7.253999999999998,7.253999999999998e-06,-0.0902665599746022,-0.10932659527021889
7.254800000000003,7.254800000000003e-06,-0.1093477369268232,-0.10590460600093615
7.255599999999994,7.255599999999994e-06,-0.1031805782926623,-0.1025044944812436
7.256399999999999,7.256399999999999e-06,-0.059315772826684654,-0.09912844330234709
7.257199999999997,7.257199999999997e-06,-0.09607417075930591,-0.09577851668421247
7.258000000000003,7.258000000000002e-06,-0.06387054675141346,-0.09245664028492591
7.258799999999994,7.258799999999993e-06,-0.08741817105380933,-0.08916458145840586
7.259599999999999,7.259599999999998e-06,-0.054749839973391334,-0.08590393033772806
7.260399999999997,7.260399999999997e-06,-0.05681993386097939,-0.08267608207550992
7.261199999999995,7.261199999999995e-06,-0.0992934549695556,-0.0794822205213642
7.2620000000000005,7.262e-06,-0.07273043484026875,-0.07632330356102368
7.262799999999999,7.2627999999999985e-06,-0.026106891202271942,-0.07320005029601719
7.263600000000004,7.263600000000004e-06,-0.020679821949834865,-0.07011293022856213
7.264399999999995,7.264399999999994e-06,-0.07004470327984408,-0.0670621546156457
7.2652,7.2651999999999995e-06,-0.06920720891214927,-0.06404767010921349
7.265999999999998,7.265999999999998e-06,-0.06678796976094076,-0.061069154687521054
7.2668000000000035,7.266800000000003e-06,-0.058734179771134154,-0.05812601577503525
7.2675999999999945,7.267599999999995e-06,-0.06158691823765672,-0.055217390427018447
7.2684,7.2684e-06,-0.0008634729931121798,-0.052342147529431844
7.269199999999998,7.269199999999997e-06,-0.05293980843214252,-0.049498892078456994
7.270000000000003,7.270000000000002e-06,0.013790786434634938,-0.04668597168838213
7.270799999999994,7.270799999999994e-06,-0.031253660768288394,-0.04390148548662064
7.271599999999999,7.271599999999999e-06,-0.04633234109993234,-0.041143295482105796
7.2723999999999975,7.2723999999999975e-06,-0.06007458686273537,-0.03840904036940171
7.273200000000003,7.273200000000003e-06,-0.0171238755788492,-0.0356961516180353
7.273999999999994,7.273999999999993e-06,-0.02672252887510851,-0.03300187165953139
7.274799999999999,7.2747999999999985e-06,-0.05745013515384789,-0.03032327404036143
7.275599999999997,7.275599999999997e-06,0.030662665658913735,-0.027657285514336667
7.276400000000002,7.276400000000002e-06,-0.0006499383669436032,-0.02500071014945547
7.2771999999999935,7.277199999999993e-06,0.01410380656392185,-0.022350255587646358
7.277999999999999,7.277999999999999e-06,0.021959949721911953,-0.019702561587755425
7.278799999999997,7.278799999999996e-06,0.014058603018171079,-0.017054230877781518
7.279600000000002,7.279600000000001e-06,-0.0037237771853970703,-0.01440186215725519
7.2804,7.2804e-06,-0.0165214773517246,-0.011742084872526962
7.281199999999998,7.281199999999998e-06,0.004604638770780767,-0.009071595189826101
7.282000000000004,7.282000000000003e-06,0.0036169701457021697,-0.006387192458880008
7.282799999999995,7.282799999999994e-06,0.01015767241776,-0.0036858154111483916
7.2836,7.283599999999999e-06,0.005104146803419751,-0.0009645773459060529
7.284399999999998,7.2843999999999975e-06,-0.019211369946444123,0.0017792004172152783
7.285200000000003,7.285200000000003e-06,-0.011392864608642306,0.004547957512991429
7.285999999999994,7.285999999999994e-06,-0.027995414563730114,0.007343866570406135
7.2867999999999995,7.286799999999999e-06,0.04767847758923416,0.010168808832207485
7.287599999999998,7.287599999999997e-06,0.015846316702191054,0.013024353671899587
7.288400000000003,7.288400000000003e-06,0.004991421854589451,0.015911742102438
7.289199999999994,7.289199999999994e-06,0.005559019121600617,0.01883187418925064
7.289999999999999,7.289999999999999e-06,0.04209215566789637,0.021785300159881938
7.290799999999997,7.290799999999997e-06,0.11370378403447112,0.024772214906014733
7.2916000000000025,7.291600000000002e-06,0.05748801716312191,0.027792455488068676
7.2923999999999936,7.292399999999993e-06,-0.01913760699202216,0.030845501239506294
7.293199999999999,7.293199999999998e-06,0.08557301491016989,0.03393047617933079
7.293999999999997,7.2939999999999966e-06,0.035032464366045235,0.03704615361663758
7.294800000000002,7.294800000000002e-06,0.0726465134891956,0.04019096295329705
7.295599999999993,7.2955999999999925e-06,0.03208799463360135,0.043362998726522634
7.296399999999998,7.2963999999999984e-06,0.040888115556574234,0.046560031938141705
7.297199999999997,7.297199999999996e-06,0.08749974392314919,0.04977952372593486
7.298000000000002,7.298000000000001e-06,0.04724724730260221,0.0530186414245897
7.2988,7.2987999999999995e-06,0.08478280460551324,0.05627427703004204
7.299599999999998,7.299599999999998e-06,0.07611280911140728,0.059543068049293234
7.300400000000003,7.300400000000003e-06,0.038469444236758354,0.06282142071401646
7.3012000000000015,7.301200000000001e-06,0.06414976645262982,0.06610553555172252
7.302,7.301999999999999e-06,0.045590415390246664,0.06939143530566874
7.302799999999998,7.302799999999997e-06,0.10917265214125149,0.07267499513306572
7.303600000000003,7.303600000000002e-06,0.06363153376573416,0.07595197488136585
7.304399999999994,7.304399999999994e-06,0.11086787821656263,0.079218053085976
7.305199999999999,7.305199999999999e-06,0.09260339046052235,0.08246886220906387
7.305999999999997,7.3059999999999975e-06,0.08448775278768583,0.08570002457638493
7.306800000000003,7.306800000000003e-06,0.12759506839193258,0.08890718845577711
7.307599999999994,7.307599999999993e-06,0.09958723829077387,0.09208606373257872
7.308399999999999,7.3083999999999985e-06,0.08873518030311722,0.09523245665942819
7.309199999999997,7.309199999999997e-06,0.16529536357238928,0.0983423031890259
7.310000000000002,7.310000000000002e-06,0.14512362780057386,0.10141170044071358
7.310799999999993,7.310799999999993e-06,0.1153288403581827,0.10443693591932778
7.3115999999999985,7.311599999999998e-06,0.09464152024804162,0.10741451422776657
7.312399999999997,7.312399999999996e-06,0.10780444198384642,0.110341181190624
7.313200000000002,7.313200000000001e-06,0.13914692959262498,0.11321394546309896
7.313999999999993,7.313999999999993e-06,0.1473147687055818,0.11603009776189305
7.314799999999998,7.314799999999998e-06,0.09205319367355791,0.1187872278333107
7.315599999999996,7.315599999999996e-06,0.07615725631436043,0.12148323923785127
7.316400000000002,7.316400000000002e-06,0.12603828981408793,0.12411636200184802
7.3172,7.317199999999999e-06,0.16536704600970076,0.1266851631079144
7.317999999999998,7.3179999999999975e-06,0.1329574531013349,0.12918855462766296
7.318800000000003,7.318800000000003e-06,0.19873026292595497,0.13162579910540365
7.319600000000001,7.319600000000001e-06,0.16140351138349818,0.13399651169268376
7.320399999999999,7.320399999999999e-06,0.15447318916765385,0.1363006585663389
7.3211999999999975,7.321199999999997e-06,0.1716066434239636,0.13853855131353882
7.322000000000003,7.322000000000002e-06,0.12039144438404004,0.140710837173326
7.322800000000001,7.3228000000000004e-06,0.1732927910878208,0.1428184852172187
7.323599999999999,7.323599999999999e-06,0.19231193184557704,0.1448627686848117
7.324399999999997,7.324399999999997e-06,0.1619731891676568,0.14684524376377117
7.325200000000002,7.325200000000002e-06,0.13952463426491657,0.1487677251625205
7.325999999999993,7.325999999999993e-06,0.15246986034021792,0.15063225891022308
7.326799999999999,7.326799999999998e-06,0.17132558739474846,0.1524410929145289
7.327599999999997,7.3275999999999966e-06,0.16254494746895964,0.1541966458564188
7.328400000000002,7.328400000000002e-06,0.1956509388989267,0.1559014749877195
7.329199999999993,7.3291999999999924e-06,0.11593956065386701,0.15755824336456148
7.329999999999998,7.329999999999998e-06,0.19270079544646324,0.1591696870401788
7.330799999999996,7.330799999999996e-06,0.14546445099563465,0.1607385827427652
7.331600000000002,7.331600000000001e-06,0.19297693409851913,0.16226771654150915
7.332399999999993,7.332399999999993e-06,0.16202331009062987,0.16375985394660036
7.333199999999998,7.333199999999998e-06,0.17593048224241714,0.16521771182463268
7.333999999999996,7.333999999999995e-06,0.15511871042342174,0.1666439324650408
7.334800000000001,7.334800000000001e-06,0.15629154277752932,0.16804106009942618
7.335599999999992,7.335599999999992e-06,0.20462695662800967,0.16941152012560284
7.336399999999998,7.336399999999997e-06,0.18637703249201143,0.17075760120509867
7.337200000000003,7.337200000000002e-06,0.15224384261113477,0.17208144030681216
7.338000000000001,7.338000000000001e-06,0.19182850011875485,0.17338501070032486
7.338799999999999,7.338799999999999e-06,0.2016949699984505,0.17467011286891748
7.339599999999997,7.339599999999997e-06,0.21074683119914273,0.17593836828836704
7.3404000000000025,7.340400000000002e-06,0.16855985132842666,0.17719121599802035
7.341200000000001,7.3412e-06,0.16332267467074202,0.17842991190388927
7.341999999999999,7.3419999999999985e-06,0.15937654052458028,0.1796555307972777
7.342799999999997,7.342799999999997e-06,0.19399316213226903,0.18086897108489858
7.343600000000002,7.343600000000002e-06,0.19712979348801452,0.18207096215062565
7.3444,7.3443999999999995e-06,0.17113985583432378,0.18326207412033624
7.345199999999998,7.345199999999998e-06,0.24084839721936846,0.1844427296492394
7.3459999999999965,7.345999999999996e-06,0.17359049125421133,0.18561321725061605
7.346800000000002,7.346800000000001e-06,0.1845893188079214,0.1867737056463415
7.3476,7.3476e-06,0.16786420914968891,0.18792425862214598
7.348399999999998,7.348399999999998e-06,0.2679039274868946,0.1890648498732165
7.349199999999996,7.349199999999996e-06,0.2021282808022996,0.19019537729513097
7.350000000000001,7.350000000000001e-06,0.21501090285174362,0.19131567613755654
7.3507999999999925,7.350799999999992e-06,0.22337203925085747,0.19242553046431904
7.351599999999998,7.3515999999999975e-06,0.22704487160496822,0.1935246824794817
7.352399999999996,7.352399999999996e-06,0.2134089207280785,0.19461283944211735
7.353200000000001,7.353200000000001e-06,0.22800341299001303,0.1956896780590095
7.353999999999992,7.353999999999992e-06,0.19303953812437646,0.19675484640625715
7.354799999999997,7.354799999999997e-06,0.19351256726546162,0.1978079635827912
7.355600000000003,7.355600000000002e-06,0.21042132796697133,0.19884861741673723
7.356400000000001,7.3564e-06,0.21362529221429183,0.19987636060111502
7.357199999999999,7.357199999999999e-06,0.21381726532615875,0.20089070562547992
7.357999999999997,7.357999999999996e-06,0.22193838820758027,0.2018911188279612
7.358800000000002,7.358800000000002e-06,0.2509632026853461,0.20287701386287968
7.3596,7.3596e-06,0.2074322225201296,0.20384774489063237
7.3603999999999985,7.360399999999998e-06,0.20574683119914272,0.2048025998567514
7.361199999999997,7.3611999999999965e-06,0.20096736371964086,0.2057407943224524
7.362000000000002,7.362000000000002e-06,0.19720620479104645,0.20666146639477403
7.3628,7.3628e-06,0.2144495471361747,0.2075636733262068
7.363599999999998,7.3635999999999976e-06,0.15071486709906412,0.20844639029099762
7.364399999999996,7.364399999999996e-06,0.22397935485510445,0.2093085117136163
7.3652000000000015,7.365200000000001e-06,0.2431863076904328,0.21014885534191605
7.366,7.3659999999999994e-06,0.2170204732306218,0.21096616904355703
7.366799999999998,7.366799999999998e-06,0.24213660287088945,0.21175914011264943
7.367599999999996,7.367599999999995e-06,0.20651131895517305,0.21252640676902457
7.368400000000001,7.3684000000000005e-06,0.2028002809495515,0.21326657152408274
7.369199999999999,7.369199999999999e-06,0.20345204375675174,0.21397821611584683
7.369999999999997,7.369999999999997e-06,0.2720059096105899,0.21465991771166137
7.370799999999996,7.3707999999999956e-06,0.20286704600970373,0.21531026601629022
7.371600000000001,7.371600000000001e-06,0.2461182943199921,0.21592788084443354
7.372399999999992,7.3723999999999915e-06,0.21729736822554502,0.21651142967819964
7.373199999999997,7.373199999999997e-06,0.2054602899613397,0.21705964474475334
7.373999999999995,7.373999999999995e-06,0.27504286695178237,0.21757133917866886
7.3748000000000005,7.3748e-06,0.22911496549255617,0.21804542184366424
7.375599999999999,7.3755999999999985e-06,0.2419287419647006,0.21848091039130718
7.376399999999997,7.376399999999996e-06,0.2618646252531184,0.21887694217074696
7.377200000000002,7.377200000000002e-06,0.2524851803031172,0.21923278269648308
7.378,7.3779999999999995e-06,0.22056526067301296,0.21954783152021745
7.378799999999998,7.378799999999998e-06,0.21495321620303853,0.21982162551590378
7.379599999999996,7.379599999999996e-06,0.23583723829077385,0.22005383974365883
7.380400000000002,7.380400000000001e-06,0.24199399433912794,0.22024428616384698
7.3812,7.3812e-06,0.226215699305923,0.22039291050535378
7.381999999999998,7.381999999999997e-06,0.2250345448832226,0.22049978758191047
7.382799999999996,7.382799999999996e-06,0.19711504135654778,0.22056511534013518
7.383600000000001,7.383600000000001e-06,0.26903912202094693,0.22058920791489217
7.384399999999999,7.384399999999999e-06,0.2050498648461221,0.2205724879355835
7.3851999999999975,7.3851999999999975e-06,0.2564869205808268,0.22051547826946438
7.385999999999996,7.385999999999995e-06,0.21919213313844566,0.22041879333803216
7.386800000000001,7.386800000000001e-06,0.22632067001759626,0.2202831301256186
7.387599999999999,7.3875999999999985e-06,0.20558890270449204,0.22010925900571265
7.388399999999997,7.388399999999997e-06,0.25615233893720823,0.21989801450992125
7.389199999999995,7.389199999999995e-06,0.26349232992540994,0.2196502861365408
7.390000000000001,7.39e-06,0.22544837468988776,0.2193670092571476
7.390799999999999,7.390799999999999e-06,0.20751222702603367,0.21904915617926163
7.391599999999997,7.391599999999996e-06,0.23545745310133492,0.21869772748389957
7.392399999999995,7.392399999999995e-06,0.18987037483713964,0.21831374383239432
7.3932,7.3932e-06,0.21064942621320182,0.21789823845592698
7.393999999999998,7.393999999999998e-06,0.2550254664717756,0.21745225047623115
7.3947999999999965,7.3947999999999965e-06,0.23786704600970376,0.21697681908225036
7.395600000000002,7.395600000000002e-06,0.23525016002657861,0.21647297846153382
7.3964,7.396399999999999e-06,0.22438561893602738,0.21594175331912588
7.397199999999998,7.3971999999999975e-06,0.21165525166121468,0.21538415483331771
7.397999999999996,7.397999999999996e-06,0.2169641107562067,0.21480117695613912
7.398800000000001,7.398800000000001e-06,0.25600140833686713,0.21419379300479902
7.3995999999999995,7.399599999999999e-06,0.23793589158700335,0.21356295248528934
7.400399999999998,7.400399999999997e-06,0.21950515326773246,0.21290957807323962
7.401199999999996,7.401199999999995e-06,0.24836012397939555,0.2122345626999359
7.402000000000001,7.4020000000000005e-06,0.24200931430202732,0.2115387667686564
7.402799999999999,7.402799999999999e-06,0.1843082627787066,0.21082301563346442
7.403599999999997,7.403599999999997e-06,0.21245662089447603,0.21008809757921357
7.404399999999995,7.404399999999995e-06,0.20229736822554512,0.20933476261827477
7.405200000000001,7.405200000000001e-06,0.21421861202992942,0.2085637224284466
7.405999999999999,7.405999999999998e-06,0.19212695662800972,0.20777565168178036
7.406799999999997,7.4067999999999966e-06,0.21088660287088945,0.20697119088494909
7.407599999999995,7.407599999999995e-06,0.22692514876182834,0.20615095070880005
7.4084,7.4084e-06,0.24897859851223703,0.20531551765015735
7.4091999999999985,7.4091999999999985e-06,0.1850441911261025,0.20446546076546956
7.409999999999997,7.409999999999996e-06,0.19613077742287666,0.2036013391723713
7.410799999999995,7.410799999999994e-06,0.21956983781073725,0.2027237100252117
7.4116,7.4115999999999995e-06,0.18754078643466487,0.20183313667711014
7.412399999999998,7.412399999999998e-06,0.23120662089447597,0.20093019669556916
7.413199999999996,7.413199999999996e-06,0.22109389594564577,0.200015489313158
7.4140000000000015,7.414000000000001e-06,0.21521535906649514,0.19908964181835026
7.4148,7.414799999999999e-06,0.2326784775892642,0.1981533143629691
7.415600000000005,7.415600000000005e-06,0.20571203023905926,0.19720720269343692
7.416399999999996,7.416399999999996e-06,0.2332273502019485,0.1962520383912976
7.417200000000001,7.417200000000001e-06,0.23009847308337006,0.19528858631317234
7.417999999999999,7.417999999999999e-06,0.20796861202992944,0.19431763903965563
7.418799999999997,7.4187999999999975e-06,0.23971528320249358,0.19334000827876632
7.4195999999999955,7.419599999999995e-06,0.22254627164324992,0.1923565133259561
7.420400000000001,7.4204e-06,0.18222360527108328,0.19136796685485918
7.421199999999999,7.4211999999999985e-06,0.20688902362746475,0.190375158488555
7.421999999999997,7.421999999999997e-06,0.16026547998946805,0.18937883675360262
7.422799999999995,7.422799999999995e-06,0.19192722927897576,0.1883796901068327
7.4236,7.4236e-06,0.20219788272245687,0.18737832771808047
7.424399999999999,7.424399999999998e-06,0.19118713989729186,0.1863752606021978
7.425199999999997,7.425199999999996e-06,0.1933107593992831,0.18537088356978532
7.425999999999995,7.425999999999995e-06,0.15600008416257716,0.18436545835918144
7.4268,7.4268e-06,0.19558190481019222,0.18335909823473612
7.427599999999998,7.427599999999998e-06,0.25977637454263613,0.18235175426073352
7.428399999999996,7.428399999999996e-06,0.18337620028514934,0.18134320337465182
7.4291999999999945,7.429199999999994e-06,0.17083931880792147,0.1803330383340423
7.43,7.429999999999999e-06,0.19059514425593416,0.179320659648767
7.430799999999998,7.4307999999999975e-06,0.16563353841887984,0.17830526970196514
7.431599999999996,7.431599999999996e-06,0.19339700545662364,0.17728586931660695
7.432400000000001,7.432400000000001e-06,0.17783773025820515,0.17626125699426737
7.433199999999999,7.433199999999999e-06,0.16391939917781706,0.17523003096918402
7.434000000000005,7.4340000000000045e-06,0.19625730964887445,0.174190594127959
7.434799999999996,7.434799999999995e-06,0.18212128290799312,0.17314116175884878
7.435600000000001,7.4356000000000004e-06,0.19110997225140247,0.1720797720156637
7.436399999999999,7.436399999999999e-06,0.19415525166121472,0.17100429892164903
7.437200000000004,7.437200000000004e-06,0.19613909949146635,0.16991246771702423
7.437999999999995,7.437999999999995e-06,0.17507766791189594,0.16880187237729077
7.4388000000000005,7.4388e-06,0.1542318514756783,0.1676699951880205
7.439599999999999,7.439599999999998e-06,0.17983973491135086,0.16651422832893323
7.440399999999997,7.4403999999999966e-06,0.13400091636943612,0.16533189745527935
7.441199999999995,7.441199999999995e-06,0.18944046872472764,0.1641202872355425
7.442,7.442e-06,0.16740858048865048,0.16287666871164241
7.442799999999998,7.442799999999998e-06,0.173529211402641,0.1615983282235408
7.443599999999996,7.443599999999996e-06,0.16757691156903853,0.16028259752779436
7.444399999999995,7.444399999999994e-06,0.17610505487424322,0.15892688466738464
7.4452,7.4451999999999995e-06,0.1929525357241827,0.1575287051177918
7.445999999999998,7.445999999999998e-06,0.13491141734865542,0.1560857127294114
7.446799999999996,7.446799999999995e-06,0.19376638806032853,0.1545957300042055
7.447599999999994,7.447599999999994e-06,0.16927421816148713,0.15305677727879918
7.4483999999999995,7.448399999999999e-06,0.1580631801558655,0.15146710042341263
7.449199999999998,7.449199999999997e-06,0.16106476870558184,0.1498251967024322
7.449999999999996,7.449999999999996e-06,0.19805750643584585,0.14812983848522693
7.450800000000001,7.450800000000001e-06,0.10443630769043277,0.1463800945446557
7.451599999999999,7.451599999999999e-06,0.18791224955551444,0.14457534872938502
7.452400000000004,7.452400000000004e-06,0.11415941269550944,0.14271531583644914
7.453199999999995,7.453199999999995e-06,0.1466705716241039,0.14080005452361058
7.454000000000001,7.454e-06,0.1617095336184824,0.13882997706970662
7.454799999999999,7.4547999999999985e-06,0.14001638806032857,0.13680585572173387
7.455600000000004,7.455600000000004e-06,0.2202187637579327,0.13472882529116678
7.456399999999995,7.456399999999994e-06,0.17398275954653475,0.13260038162735574
7.4572,7.4571999999999995e-06,0.15562502783885546,0.13042237565725015
7.457999999999998,7.457999999999998e-06,0.10362453587143439,0.1281970028651307
7.458800000000004,7.458800000000003e-06,0.14254627164324984,0.12592678834848506
7.459599999999995,7.459599999999995e-06,0.11759714890908013,0.12361456781623535
7.4604,7.4604e-06,0.1193194217073077,0.12126346500228734
7.461199999999998,7.461199999999998e-06,0.14157108612102576,0.11887686595049977
7.461999999999996,7.461999999999996e-06,0.12722076841107843,0.116458390549536
7.462799999999994,7.462799999999994e-06,0.12231817339701934,0.11401186161719397
7.4636,7.463599999999999e-06,0.11490933683150795,0.11154127178415969
7.464399999999998,7.4643999999999975e-06,0.15483273701705114,0.10905074841003069
7.465199999999996,7.465199999999996e-06,0.1196324418365946,0.10654451676799451
7.465999999999994,7.465999999999993e-06,0.14555410174440842,0.10402686175827233
7.466799999999999,7.4667999999999985e-06,0.11784340397821469,0.10150208847357177
7.467599999999997,7.467599999999997e-06,0.07934798111593899,0.09897448205117644
7.4683999999999955,7.468399999999995e-06,0.11981741705415194,0.09644826737853388
7.469200000000001,7.4692e-06,0.08056393649872273,0.09392756932054253
7.469999999999999,7.469999999999999e-06,0.12327255374776924,0.09141637416903316
7.470800000000004,7.470800000000004e-06,0.0657704732306218,0.08891849298366754
7.471599999999995,7.471599999999995e-06,0.12066474617609124,0.08643752743563117
7.4724,7.4724e-06,0.0882850368506537,0.08397683871011916
7.4731999999999985,7.473199999999998e-06,0.06443214665616803,0.08153951997783748
7.474000000000004,7.474000000000003e-06,0.07843672379386235,0.07912837290646012
7.474799999999995,7.474799999999994e-06,0.06894795858648839,0.07674588863579021
7.4756,7.4756e-06,0.06826763637064703,0.0743942335591255
7.476399999999998,7.4763999999999976e-06,0.08116274152294534,0.07207524012587008
7.477200000000003,7.477200000000003e-06,0.05764027193775323,0.06979040272501669
7.477999999999994,7.477999999999994e-06,0.05199267016487796,0.06754087855316598
7.4788,7.4787999999999994e-06,0.08079827629639558,0.06532749322391865
7.479599999999998,7.479599999999998e-06,0.07806318015586555,0.06315075073009589
7.480400000000003,7.480400000000003e-06,0.09410588708109924,0.061010847227601014
7.481199999999994,7.481199999999994e-06,0.08681034329585069,0.05890768800034861
7.481999999999999,7.481999999999999e-06,0.04789692959262504,0.05684090692910257
7.4827999999999975,7.482799999999997e-06,0.09573151123624346,0.0548098878296264
7.483599999999996,7.4835999999999956e-06,0.0872729698511987,0.05281378711147221
7.484399999999994,7.484399999999993e-06,0.031109972251432527,0.050851557299305475
7.485199999999999,7.485199999999998e-06,0.04446619127335405,0.048921971044271303
7.485999999999997,7.485999999999997e-06,0.0808156767764423,0.047023645327763285
7.486799999999995,7.486799999999995e-06,0.06798658034139893,0.045155065596179364
7.4876000000000005,7.4876e-06,0.04376298336889106,0.04331460955464917
7.488399999999999,7.4883999999999985e-06,0.035762151162032185,0.04150057033226012
7.489200000000004,7.489200000000004e-06,0.07044761834699054,0.03971117874487816
7.489999999999995,7.489999999999994e-06,0.014720768411078389,0.037944624402035075
7.4908,7.4907999999999995e-06,0.0958476408765111,0.03619907539785969
7.491599999999998,7.491599999999998e-06,0.05271327854934771,0.03447269630011468
7.4924000000000035,7.492400000000003e-06,0.06985637904853026,0.032763664145293435
7.4931999999999945,7.493199999999995e-06,0.06474932781974974,0.03107018219982348
7.494,7.494e-06,0.04825023589054023,0.029390491371478134
7.494799999999998,7.494799999999997e-06,0.04239950207723342,0.027722879330529422
7.495600000000003,7.495600000000002e-06,-0.002945482152192147,0.0260656875847619
7.496399999999994,7.496399999999994e-06,0.026292110608954977,0.024417316899044476
7.497199999999999,7.497199999999999e-06,0.0038596320119345107,0.022776231513902217
7.4979999999999976,7.4979999999999975e-06,0.049224097238514286,0.021140962574556218
7.498800000000003,7.498800000000003e-06,0.04526188678656584,0.01951011105553198
7.499599999999994,7.499599999999993e-06,-0.0003244351347720942,0.01788235032290538
7.500399999999999,7.5003999999999985e-06,0.024868294320022133,0.0162564283802359
7.501199999999997,7.501199999999997e-06,0.01887287145774641,0.014631169804430362
7.5020000000000024,7.502000000000002e-06,0.06491765890006762,0.01300547735282392
7.5027999999999935,7.502799999999993e-06,0.03859181542849832,0.011378333186825827
7.503599999999999,7.503599999999999e-06,0.0020503568135131767,0.009748799642914554
7.504399999999997,7.504399999999996e-06,0.008539613988377992,0.00811601953163786
7.505200000000002,7.5052000000000014e-06,0.016169739417215112,0.0064792160407039865
7.506,7.506e-06,-0.004409016778360586,0.004837692387759824
7.506799999999998,7.506799999999998e-06,0.024826495465638976,0.0031908313656873553
7.507600000000004,7.507600000000003e-06,0.04988285794005409,0.00153809486592941
7.508399999999995,7.508399999999994e-06,0.0009338869338174627,-0.00012097659403519957
7.5092,7.509199999999999e-06,0.012467023480213113,-0.0017867643258224417
7.509999999999998,7.5099999999999976e-06,0.015059511088961752,-0.003459571844202574
7.510800000000003,7.510800000000003e-06,-0.07445630084135862,-0.00513962501502193
7.511599999999994,7.511599999999994e-06,0.01673941720137362,-0.006827071782555453
7.5123999999999995,7.5123999999999994e-06,-0.02732700761928064,-0.008521981318492597
7.513199999999998,7.513199999999997e-06,-0.009818685550690986,-0.010224342572940541
7.514000000000003,7.514000000000003e-06,0.017261810922634124,-0.01193406241013905
7.514799999999994,7.514799999999994e-06,0.02925965454145507,-0.013650963707296291
7.515599999999999,7.515599999999999e-06,-0.005428081672085305,-0.015374783922889771
7.516399999999997,7.516399999999997e-06,0.03690283090466928,-0.017105174667939205
7.5172000000000025,7.517200000000002e-06,-0.03362221116513131,-0.018841702738695454
7.517999999999994,7.517999999999993e-06,0.0032717974049417675,-0.020583852927867075
7.518799999999999,7.518799999999998e-06,0.018147345696054473,-0.02233103278063277
7.519599999999997,7.519599999999997e-06,0.022547027986077217,-0.02408257933940649
7.520400000000002,7.520400000000002e-06,-0.013899862502911975,-0.025837767817483974
7.521199999999993,7.5211999999999925e-06,-0.044257329835121983,-0.027595822013926654
7.5219999999999985,7.5219999999999985e-06,-0.057494014525378556,-0.029355926122089558
7.522799999999997,7.522799999999996e-06,-0.03794472580926467,-0.031117237457709848
7.523600000000002,7.523600000000001e-06,-0.01276050693459474,-0.032878899623831156
7.5244,7.5243999999999995e-06,0.05153836567808967,-0.03464005574895379
7.525199999999998,7.525199999999998e-06,-0.016756005660902074,-0.03639986158828081
7.526000000000003,7.526000000000003e-06,-0.058985352217390985,-0.038157498334547645
7.5268000000000015,7.526800000000001e-06,-0.026693401635044633,-0.03991218488865893
7.5276,7.527599999999999e-06,-0.007409848985219569,-0.04166318916691133
7.528399999999998,7.528399999999997e-06,-0.07936513740683004,-0.04340983789613749
7.529200000000003,7.529200000000002e-06,-0.09505170117411382,-0.04515152431970629
7.529999999999994,7.529999999999994e-06,-0.06697370132136549,-0.04688771328735197
7.530799999999999,7.530799999999999e-06,-0.030624972161174546,-0.048617943338024334
7.531599999999997,7.5315999999999975e-06,-0.014366650092584865,-0.05034182562735186
7.532400000000003,7.532400000000003e-06,-0.05953082013860789,-0.0520590398411571
7.533199999999994,7.533199999999993e-06,-0.07117308843093151,-0.053769327457247926
7.533999999999999,7.5339999999999985e-06,-0.0574467304624805,-0.05547248281968184
7.534799999999997,7.534799999999997e-06,-0.0027062249773271985,-0.05716834253401175
7.535600000000002,7.535600000000002e-06,-0.03475267683346617,-0.05885677375280864
7.536399999999993,7.536399999999993e-06,-0.026724041560763467,-0.060537661984067494
7.537199999999999,7.537199999999998e-06,-0.048256421764331536,-0.06221089904757153
7.537999999999997,7.537999999999996e-06,-0.04968723594753399,-0.06387637169705937
7.538800000000002,7.538800000000001e-06,-0.05670248004646172,-0.06553395126807848
7.539599999999993,7.539599999999993e-06,-0.04923368780367299,-0.06718348457077977
7.540399999999998,7.540399999999998e-06,-0.05399026959451314,-0.06882478615516664
7.541199999999996,7.541199999999996e-06,-0.03777790741460152,-0.07045763202465397
7.542000000000002,7.542000000000002e-06,-0.06355412193065901,-0.07208175483449736
7.542799999999993,7.542799999999992e-06,-0.06772986700877615,-0.0736968405600067
7.543599999999998,7.5435999999999975e-06,-0.0628849586434822,-0.0753025265513925
7.544400000000003,7.544400000000003e-06,-0.054237848837967895,-0.0768984008269188
7.545200000000001,7.545200000000001e-06,-0.06657519147759966,-0.07848400241376974
7.545999999999999,7.545999999999999e-06,-0.026559871514740263,-0.08005882252072721
7.5467999999999975,7.546799999999997e-06,-0.11754337910552398,-0.08162230629072391
7.547600000000003,7.547600000000002e-06,-0.1283663098530869,-0.08317385482016551
7.548400000000001,7.5484000000000004e-06,-0.08617932998237376,-0.08471282708037542
7.549199999999999,7.549199999999999e-06,-0.0644869407670774,-0.08623854141038592
7.549999999999997,7.549999999999997e-06,-0.0764144261229438,-0.08775027640791942
7.550800000000002,7.550800000000002e-06,-0.07891234560579652,-0.08924727126194384
7.551599999999993,7.551599999999993e-06,-0.0978446724747537,-0.09072872573583862
7.552399999999999,7.552399999999998e-06,-0.06153131210606888,-0.09219380008378494
7.553199999999997,7.5531999999999966e-06,-0.04852140148779294,-0.0936416152031832
7.554000000000002,7.554000000000002e-06,-0.09404171469180617,-0.09507125332730063
7.554799999999993,7.5547999999999924e-06,-0.07566941936409782,-0.09648175953139985
7.555599999999998,7.555599999999998e-06,-0.08045380422078185,-0.09787214424485367
7.5563999999999965,7.556399999999996e-06,-0.14106868555069096,-0.0992413868573994
7.557200000000002,7.557200000000001e-06,-0.11007818006563758,-0.10058844043308521
7.557999999999993,7.557999999999993e-06,-0.08589203240178345,-0.10191223754500259
7.558799999999998,7.558799999999998e-06,-0.04281611306618249,-0.10321169733330013
7.559599999999996,7.559599999999995e-06,-0.06996696780246203,-0.10448573402624618
7.560400000000001,7.560400000000001e-06,-0.08097487376762225,-0.10573326724743755
7.561199999999992,7.561199999999992e-06,-0.07024651114595559,-0.1069532343780926
7.561999999999998,7.561999999999997e-06,-0.0478633971290805,-0.1081446050617907
7.562800000000003,7.562800000000002e-06,-0.11685133012962545,-0.10930639770071808
7.563600000000001,7.563600000000001e-06,-0.08525899424883998,-0.1104376975479964
7.564399999999999,7.564399999999999e-06,-0.10602839938206265,-0.11153767577128931
7.565199999999997,7.565199999999997e-06,-0.12467607701896954,-0.11260560867840441
7.5660000000000025,7.566000000000002e-06,-0.1739248287086811,-0.11364089619141192
7.566800000000001,7.5668e-06,-0.14832602368445857,-0.11464307865507575
7.567599999999999,7.5675999999999985e-06,-0.09623777297393626,-0.11561185119073633
7.568399999999997,7.568399999999997e-06,-0.12462595609599664,-0.11654707506496365
7.569200000000002,7.569200000000002e-06,-0.06075774593855149,-0.11744878587265081
7.57,7.5699999999999995e-06,-0.10486256492222162,-0.1183171986184252
7.570799999999998,7.570799999999998e-06,-0.09167392063779056,-0.11915270992667187
7.5715999999999966,7.571599999999996e-06,-0.15862712854225358,-0.11995589761080484
7.572400000000002,7.572400000000001e-06,-0.16544756266933958,-0.12072751775370755
7.5732,7.5732e-06,-0.06347279325047495,-0.12146849940002927
7.573999999999998,7.573999999999998e-06,-0.10149443062880803,-0.12217993701877902
7.574799999999996,7.574799999999996e-06,-0.11570630084135863,-0.12286308104083757
7.575600000000001,7.575600000000001e-06,-0.11661264078625316,-0.12351932689986982
7.5763999999999925,7.576399999999992e-06,-0.07922744625223072,-0.12415020302883575
7.577199999999998,7.5771999999999975e-06,-0.1052659921432097,-0.12475735821306459
7.577999999999996,7.577999999999996e-06,-0.09144714656591008,-0.12534254862708138
7.578800000000001,7.578800000000001e-06,-0.0797888019677997,-0.12590762478787346
7.579599999999992,7.579599999999992e-06,-0.14179912868950523,-0.12645451852139256
7.580399999999997,7.580399999999997e-06,-0.13936381323251013,-0.1269852298706889
7.581200000000003,7.581200000000002e-06,-0.1356979787727689,-0.12750181371993152
7.582000000000001,7.582e-06,-0.13910148185768872,-0.12800636583311473
7.582799999999999,7.582799999999999e-06,-0.1115277189031667,-0.12850100804806636
7.583599999999997,7.583599999999996e-06,-0.07336139247596468,-0.1289878724987053
7.584400000000002,7.584400000000002e-06,-0.16002597862551726,-0.12946908488239744
7.5852,7.5852e-06,-0.14472619794194236,-0.12994674687198704
7.5859999999999985,7.585999999999998e-06,-0.09608192499650287,-0.13042291778625095
7.586799999999997,7.5867999999999965e-06,-0.11301224721234421,-0.13089959563807924
7.587600000000002,7.587600000000002e-06,-0.14485972806224673,-0.13137869772318808
7.5884,7.5884e-06,-0.12129962065696626,-0.13186204096896048
7.589199999999998,7.5891999999999976e-06,-0.10635465895706137,-0.13235132229484292
7.589999999999996,7.589999999999996e-06,-0.09785356237483606,-0.1328480992507257
7.5908000000000015,7.590800000000001e-06,-0.10316317781265555,-0.13335377120905237
7.5916,7.5915999999999994e-06,-0.14531195203188768,-0.1338695613610162
7.592399999999998,7.592399999999998e-06,-0.13153131210606894,-0.13439649968418535
7.593199999999996,7.593199999999995e-06,-0.11785299454334341,-0.1349354069432525
7.594000000000001,7.5940000000000005e-06,-0.13443190246698228,-0.13548687972048717
7.594799999999999,7.594799999999999e-06,-0.13527223369465186,-0.13605127647218684
7.5955999999999975,7.595599999999997e-06,-0.08716151339893757,-0.13662870464434326
7.596399999999996,7.5963999999999956e-06,-0.1614157502972639,-0.13721900891717037
7.597200000000001,7.597200000000001e-06,-0.1702423501116606,-0.13782176066605478
7.597999999999992,7.5979999999999915e-06,-0.16799333404658268,-0.1384362487384447
7.598799999999997,7.598799999999997e-06,-0.1499210079137841,-0.13906147170506283
7.599599999999995,7.599599999999995e-06,-0.13848243949338462,-0.13969613190742208
7.6004000000000005,7.6004e-06,-0.0498778848851808,-0.14033863188104603
7.601199999999999,7.6011999999999985e-06,-0.10180877493241491,-0.1409870739864065
7.601999999999997,7.601999999999996e-06,-0.08916824691784092,-0.1416392641999139
7.602800000000002,7.602800000000002e-06,-0.09453006379578055,-0.14229272092876924
7.6036,7.6035999999999995e-06,-0.11052756717520362,-0.1429446894384161
7.604399999999998,7.604399999999998e-06,-0.12583150889307343,-0.14359216211590983
7.605199999999996,7.605199999999996e-06,-0.1408078668615244,-0.14423190443265024
7.606000000000002,7.606000000000001e-06,-0.12087463192167658,-0.14486048617293673
7.6068,7.6068e-06,-0.13493840839389093,-0.1454743172873945
7.607599999999998,7.607599999999997e-06,-0.15451682435006864,-0.14606968761105882
7.608399999999996,7.608399999999996e-06,-0.14616192950236706,-0.14664280962955745
7.609200000000001,7.609200000000001e-06,-0.11506702113697304,-0.14718986346210736
7.609999999999999,7.609999999999999e-06,-0.12041900326066823,-0.147707043249607
7.610799999999998,7.6107999999999975e-06,-0.1222721578306204,-0.1481906041672625
7.611599999999996,7.611599999999995e-06,-0.14741192950236703,-0.1486369092774958
7.612400000000001,7.612400000000001e-06,-0.1794145019869755,-0.1490424753768141
7.613199999999999,7.6131999999999985e-06,-0.1545126633157738,-0.14940401690912414
7.613999999999997,7.613999999999997e-06,-0.10921080211505146,-0.14971848699230775
7.614799999999995,7.614799999999995e-06,-0.17080219314157474,-0.14998311467220254
7.615600000000001,7.6156e-06,-0.16200566542140404,-0.15019543764025495
7.616399999999999,7.616399999999999e-06,-0.1693602200297079,-0.15035332976648477
7.617199999999997,7.617199999999996e-06,-0.16942566091554,-0.15045502290448756
7.617999999999995,7.617999999999995e-06,-0.11894090501446769,-0.15049912256684245
7.6188,7.6188e-06,-0.17238337009369575,-0.15048461726449527
7.619599999999998,7.619599999999998e-06,-0.16426848876378647,-0.15041088151148854
7.6203999999999965,7.6203999999999965e-06,-0.1293804573696894,-0.1502776726724397
7.621200000000002,7.621200000000002e-06,-0.14288703916062956,-0.15008512197408067
7.622,7.621999999999999e-06,-0.15841075705611013,-0.14983372013300367
7.622799999999998,7.6227999999999976e-06,-0.11706202789581927,-0.14952429816499313
7.623599999999996,7.623599999999996e-06,-0.1606972224298417,-0.14915800402130436
7.624400000000001,7.624400000000001e-06,-0.1392274462522307,-0.1487362757475399
7.6251999999999995,7.6251999999999994e-06,-0.13379129858837657,-0.1482608118971635
7.625999999999998,7.625999999999997e-06,-0.10955786686152441,-0.14773353996442645
7.626799999999996,7.626799999999995e-06,-0.12122453352822438,-0.1471565836261472
7.627600000000001,7.6276000000000005e-06,-0.14038420230055476,-0.14653222957391676
7.628399999999999,7.628399999999999e-06,-0.11521662756306428,-0.14586289465462232
7.629199999999997,7.629199999999997e-06,-0.1271921533247562,-0.1451510939290273
7.6299999999999955,7.629999999999995e-06,-0.10130529437701591,-0.14439941014057514
7.630800000000001,7.6308e-06,-0.13216435025891238,-0.14361046497465613
7.631599999999999,7.631599999999998e-06,-0.13093439908755916,-0.14278689236879058
7.632399999999997,7.632399999999997e-06,-0.12141366978011658,-0.14193131399944509
7.633199999999995,7.633199999999995e-06,-0.12345879746193561,-0.14104631694127887
7.634,7.634e-06,-0.13662663657489255,-0.1401344333934129
7.6347999999999985,7.634799999999998e-06,-0.17243481519098874,-0.13919812229886333
7.635599999999997,7.635599999999997e-06,-0.14237221116513127,-0.13823975264870242
7.636399999999995,7.636399999999995e-06,-0.1095682694472615,-0.13726158828446072
7.6372,7.6372e-06,-0.14179213079523562,-0.13626577410844137
7.637999999999998,7.637999999999997e-06,-0.12345463642764076,-0.1352543237494866
7.638799999999996,7.638799999999995e-06,-0.08910507506049092,-0.13422910884704126
7.6396000000000015,7.6396e-06,-0.14201398748999378,-0.1331918501728163
7.6404,7.640399999999999e-06,-0.12138586671427276,-0.13214411081053548
7.641200000000005,7.641200000000004e-06,-0.09792108377781555,-0.1310872915783488
7.641999999999996,7.641999999999996e-06,-0.13093099439609174,-0.13002262882997315
7.642800000000001,7.6428e-06,-0.11361180857939412,-0.12895119472921307
7.643599999999999,7.643599999999999e-06,-0.08349435476487654,-0.12787390005676605
7.644399999999997,7.644399999999997e-06,-0.06874817555967339,-0.1267914995636497
7.6451999999999956,7.645199999999996e-06,-0.12748077507966665,-0.12570459981100235
7.646000000000001,7.646000000000001e-06,-0.15336763402740694,-0.12461366930608628
7.646799999999999,7.6468e-06,-0.07724700311341659,-0.12351905057149691
7.647599999999997,7.647599999999996e-06,-0.09817282405556521,-0.12242097364002362
7.648399999999995,7.648399999999994e-06,-0.1543791331954693,-0.12131957040507645
7.6492,7.6492e-06,-0.1382042203242113,-0.12021488924998502
7.649999999999999,7.649999999999998e-06,-0.1081590167783606,-0.11910690939162996
7.650799999999997,7.650799999999996e-06,-0.0890723546176248,-0.11799555442802974
7.651599999999995,7.651599999999995e-06,-0.15225116414771134,-0.11688070469788049
7.6524,7.6524e-06,-0.09280003676039572,-0.11576220819877873
7.653199999999998,7.653199999999998e-06,-0.13734024706509257,-0.11463988991981938
7.653999999999996,7.653999999999997e-06,-0.07822294497853799,-0.11351355953265986
7.6547999999999945,7.654799999999995e-06,-0.11742516894807892,-0.11238301748146251
7.6556,7.6556e-06,-0.0833468288559327,-0.11124805960803079
7.656399999999998,7.656399999999997e-06,-0.11532651565191965,-0.11010848051426728
7.657199999999996,7.657199999999995e-06,-0.10898119118309613,-0.10896407589022031
7.658000000000001,7.658e-06,-0.06985556702795187,-0.10781464404128481
7.658799999999999,7.658799999999999e-06,-0.1167079652550766,-0.106659986856583
7.659600000000005,7.659600000000004e-06,-0.04788495864348219,-0.10549991047433516
7.660399999999996,7.660399999999995e-06,-0.095220788597359,-0.10433422589684248
7.661200000000001,7.6612e-06,-0.08889702564293722,-0.10316274976383215
7.661999999999999,7.661999999999999e-06,-0.1284816831505572,-0.10198530540678745
7.662800000000004,7.662800000000004e-06,-0.09335647509884248,-0.10080172421095204
7.663599999999995,7.663599999999996e-06,-0.08937970102686205,-0.09961184726189178
7.6644000000000005,7.6644e-06,-0.07188669892113164,-0.09841552728320695
7.665199999999999,7.665199999999999e-06,-0.10493197833101386,-0.09721263095295138
7.665999999999997,7.665999999999996e-06,-0.029728278459089763,-0.0960030417547126
7.666799999999995,7.666799999999994e-06,-0.08549617090655759,-0.09478666353320607
7.6676,7.6676e-06,-0.06016858715723883,-0.09356342487557762
7.668399999999998,7.668399999999998e-06,-0.09502597862551726,-0.09233328433295565
7.6691999999999965,7.669199999999996e-06,-0.0764074282286743,-0.09109623635275636
7.669999999999995,7.669999999999994e-06,-0.09054137445240817,-0.08985231765616321
7.6708,7.6708e-06,-0.08046420680651883,-0.08860161370996271
7.671599999999998,7.671599999999998e-06,-0.07707659151585111,-0.0873442649174559
7.672399999999996,7.672399999999996e-06,-0.09420096736070699,-0.08608047217162629
7.673199999999994,7.673199999999995e-06,-0.09806369230953721,-0.08481050145427636
7.6739999999999995,7.674e-06,-0.01951890486721597,-0.08353468722001679
7.674799999999998,7.674799999999998e-06,-0.1028834459577273,-0.08225343437162555
7.675599999999996,7.675599999999995e-06,-0.09605960713927392,-0.08096721869431929
7.676400000000001,7.6764e-06,-0.07131077958553078,-0.07967658564917918
7.677199999999999,7.677199999999998e-06,-0.08335023354740023,-0.07838214745034332
7.678000000000004,7.678000000000003e-06,-0.03939369681550131,-0.07708457841223357
7.678799999999995,7.678799999999995e-06,-0.046023482004940386,-0.07578460865163184
7.679600000000001,7.6796e-06,-0.09207867203299863,-0.07448301630773874
7.680399999999999,7.680399999999998e-06,-0.09223584418485203,-0.07318061845633028
7.681200000000004,7.681200000000004e-06,-0.06875025607682084,-0.07187826086544948
7.681999999999995,7.681999999999995e-06,-0.05964903029605295,-0.07057680674357546
7.6828,7.6828e-06,-0.02861464543936898,-0.06927712471090484
7.683599999999998,7.683599999999999e-06,-0.02651939683457727,-0.06798007633978576
7.684400000000004,7.684400000000004e-06,-0.07613053323372099,-0.06668650367438442
7.685199999999995,7.685199999999994e-06,-0.049054954137518036,-0.0653972171024111
7.686,7.685999999999999e-06,-0.06741609053666187,-0.06411298384275635
7.686799999999998,7.686799999999997e-06,-0.045652018884090984,-0.06283451720935608
7.687599999999996,7.687599999999996e-06,-0.032750672180250295,-0.06156246676591693
7.688399999999994,7.688399999999994e-06,-0.03045096736070696,-0.060297409486141484
7.6892,7.6892e-06,-0.057191396981828846,-0.0590398420289657
7.689999999999998,7.689999999999998e-06,-0.04895263177442488,-0.05779017419096925
7.690799999999996,7.690799999999996e-06,-0.05911056026910577,-0.05654872351719514
7.691599999999994,7.691599999999994e-06,-0.035632537886836846,-0.0553157109811076
7.692399999999999,7.6924e-06,-0.0821864796047066,-0.054091257620509
7.693199999999997,7.693199999999998e-06,-0.01634766106279173,-0.05287538204044894
7.6939999999999955,7.693999999999994e-06,-0.035479526769378156,-0.051667998747418974
7.694800000000001,7.6948e-06,-0.0544667034270957,-0.050468917338359516
7.695599999999999,7.695599999999998e-06,-0.03935757168106768,-0.049277842607825306
7.696400000000004,7.696400000000003e-06,-0.04210023354740022,-0.04809437564650483
7.697199999999995,7.697199999999995e-06,-0.029289293935260807,-0.046918016004086925
7.698,7.698e-06,-0.050602654303945505,-0.04574816500290734
7.6987999999999985,7.698799999999998e-06,-0.010567853343831923,-0.044584130313192825
7.699600000000004,7.699600000000003e-06,-0.022160000713182693,-0.04342513191888024
7.700399999999995,7.700399999999995e-06,-0.04781043934613294,-0.04227030960198348
7.7012,7.7012e-06,0.012295287708427693,-0.041118732044974585
7.701999999999998,7.701999999999998e-06,-0.01572294497853799,-0.03996940759372061
7.702800000000003,7.702800000000004e-06,-0.025351481857688762,-0.03882129664195591
7.7035999999999945,7.703599999999993e-06,-0.0484824394933846,-0.0376733254900671
7.7044,7.704399999999999e-06,-0.04741533419383459,-0.03652440140667089
7.705199999999998,7.705199999999997e-06,-0.009945217776725745,-0.03537342852770631
7.706000000000003,7.706000000000002e-06,-0.0018991820240161772,-0.03421932421106888
7.706799999999994,7.706799999999994e-06,-0.02881002324270343,-0.03306103551031214
7.707599999999999,7.707599999999999e-06,-0.01853596510782496,-0.03189755547025436
7.7083999999999975,7.708399999999997e-06,-0.011075683445060602,-0.03072793893303642
7.709199999999996,7.709199999999996e-06,0.016757574024307775,-0.029551317488637877
7.709999999999994,7.709999999999994e-06,-0.04258574579129981,-0.028366913140043953
7.710799999999999,7.710799999999999e-06,-0.08457734785877857,-0.027174050185200783
7.711599999999997,7.711599999999997e-06,-0.046024049836333014,-0.025972164759836124
7.712399999999995,7.712399999999994e-06,-0.032372211165131226,-0.024760811504499318
7.7132000000000005,7.713200000000001e-06,-0.02750649762826307,-0.023539666982423116
7.713999999999999,7.713999999999998e-06,-0.01729920455353684,-0.02230852975676399
7.714800000000004,7.714800000000003e-06,-0.01515118667723192,-0.02106731733321018
7.715599999999995,7.715599999999994e-06,0.03808757853017186,-0.01981606040265878
7.7164,7.7164e-06,0.00836371718229778,-0.018554894952194905
7.717199999999998,7.717199999999998e-06,0.018754661300301345,-0.017284052843299626
7.7180000000000035,7.718000000000003e-06,-0.05385598313138146,-0.016003851378600997
7.7187999999999946,7.718799999999995e-06,-0.017128036613144104,-0.01471468222671547
7.7196,7.7196e-06,-0.009904931608097467,-0.013416999938752689
7.720399999999998,7.720399999999998e-06,0.0028343255667676592,-0.012111310256521703
7.721200000000003,7.721200000000003e-06,0.029919739417215152,-0.0107981584864437
7.721999999999994,7.721999999999993e-06,0.005328084015325363,-0.009478118315880028
7.722799999999999,7.722799999999998e-06,0.04843180641667011,-0.008151781491581574
7.723599999999998,7.723599999999997e-06,0.008027055021461948,-0.006819748725976965
7.724400000000003,7.724400000000002e-06,0.0035842497027360753,-0.005482622059477627
7.725199999999994,7.725199999999993e-06,-0.01361388909654171,-0.004140998726136902
7.725999999999999,7.725999999999999e-06,-0.010293038866126092,-0.0027954664024669056
7.726799999999997,7.726799999999997e-06,0.01084631670219105,-0.0014465996235757351
7.7276000000000025,7.727600000000002e-06,0.006772137644339815,-9.495715310157797e-05
7.7283999999999935,7.728399999999994e-06,0.028240589647730463,0.0012589198344502336
7.729199999999999,7.729199999999999e-06,0.0075971489090500555,0.0026145088183467035
7.729999999999997,7.729999999999997e-06,0.04096452685963614,0.00397130625859549
7.730800000000002,7.730800000000002e-06,0.0261871398973218,0.00532882720881654
7.7316,7.7316e-06,0.017884446489740413,0.006686604291528252
7.732399999999998,7.732399999999997e-06,0.015861636665150503,0.008044186197620692
7.733200000000004,7.733200000000002e-06,0.012843403978184731,0.009401135969921851
7.733999999999995,7.733999999999994e-06,0.006295703811857067,0.010757029410693578
7.7348,7.7348e-06,0.012172160173860358,0.012111453986773185
7.735599999999998,7.735599999999998e-06,0.019201211549892627,0.013464008585931673
7.736400000000003,7.736400000000003e-06,0.036740929887128404,0.01481430441530795
7.737199999999994,7.737199999999994e-06,-0.03512187092573338,0.01616196725025079
7.7379999999999995,7.738e-06,0.006791618641493913,0.01750664115698387
7.738799999999998,7.738799999999998e-06,0.05832683570503694,0.01884799371321934
7.739600000000003,7.739600000000003e-06,0.046252580783153974,0.020185722611220112
7.740399999999994,7.740399999999993e-06,-0.004063276206107691,0.021519563368896877
7.741199999999999,7.7412e-06,0.042152679176606256,0.022849297765451883
7.741999999999997,7.741999999999996e-06,0.03915184696974716,0.02417476258611343
7.742800000000003,7.742800000000001e-06,0.016153095280035723,0.02549585825705329
7.743599999999994,7.743599999999993e-06,0.015386527006887918,0.0268125569290318
7.744399999999999,7.744399999999998e-06,0.08727788722835106,0.028124909525207
7.745199999999997,7.745199999999997e-06,0.06998101926882239,0.029433051219537026
7.746000000000002,7.746000000000002e-06,0.052886527006887896,0.03073720478552224
7.746799999999993,7.746799999999993e-06,0.08470828530819385,0.032037681304281654
7.7475999999999985,7.747599999999998e-06,0.0637024598601812,0.033334877877312506
7.748399999999997,7.748399999999997e-06,0.03255194536329942,0.03462927222188994
7.749200000000002,7.749200000000002e-06,0.03376373971171853,0.03592141427608764
7.75,7.75e-06,0.07491765890009772,0.0372119151526115
7.750799999999998,7.750799999999997e-06,0.03766258979498216,0.03850143391748669
7.751600000000003,7.751600000000004e-06,0.02306809753301775,0.03979066272875834
7.7524000000000015,7.7524e-06,0.050311439878146014,0.04108031088481666
7.7532,7.753199999999999e-06,0.0568417395644667,0.042371088320975844
7.753999999999998,7.753999999999997e-06,0.08124974392314921,0.04366368904945805
7.754800000000003,7.754800000000002e-06,0.02219580220530948,0.04495877497657132
7.755599999999994,7.755599999999994e-06,0.017110312490830393,0.04625696049258901
7.756399999999999,7.756399999999999e-06,0.08634090735763778,0.047558798218838315
7.757199999999997,7.757199999999997e-06,0.022938728447008172,0.048864766262244674
7.758000000000003,7.758000000000003e-06,0.08228488512266063,0.050175257236027844
7.758799999999994,7.758799999999993e-06,0.03593123858527747,0.051490569186918425
7.759599999999999,7.7596e-06,0.0806605851417963,0.05281089847209555
7.760399999999997,7.760399999999996e-06,0.0712977843289746,0.05413633456547721
7.761200000000002,7.761200000000001e-06,0.061202459860181135,0.055466856735148694
7.761999999999993,7.761999999999993e-06,0.02719372168816192,0.05680233252028958
7.762799999999999,7.762799999999998e-06,0.07781635725529823,0.05814251793747201
7.763599999999997,7.763599999999996e-06,0.08248934133741204,0.059487059329461675
7.764400000000002,7.764400000000001e-06,0.051800697053010936,0.06083549671094783
7.765199999999993,7.765199999999993e-06,0.08060081797595375,0.062187268388534625
7.765999999999998,7.765999999999998e-06,0.05582551153071691,0.06354171657781675
7.766799999999996,7.766799999999997e-06,0.09026831684947279,0.06489809371257918
7.767600000000002,7.767600000000002e-06,0.08954903263926306,0.06625556911734047
7.768399999999993,7.768399999999992e-06,0.0844043435903542,0.06761323569166065
7.769199999999998,7.769199999999997e-06,0.08471944423678834,0.06897011625593359
7.770000000000003,7.770000000000004e-06,0.09444330558473257,0.07032516925049023
7.770800000000001,7.7708e-06,0.05935081797595376,0.07167729355252107
7.771599999999999,7.771599999999999e-06,0.11579203474495336,0.07302533225249169
7.7723999999999975,7.772399999999997e-06,0.10876922492033336,0.07436807529480421
7.773200000000003,7.773200000000002e-06,0.09819406192758984,0.07570426094248689
7.774000000000001,7.774e-06,0.05969164117101455,0.0770325761016011
7.774799999999999,7.774799999999999e-06,0.08289560541833507,0.07835165565239971
7.775599999999997,7.775599999999997e-06,0.11151623633232532,0.07966008104420094
7.776400000000002,7.776400000000002e-06,0.11489685372862346,0.08095637846617552
7.7771999999999935,7.777199999999994e-06,0.08207967256504167,0.08223901691157538
7.777999999999999,7.777999999999999e-06,0.1010494487426925,0.08350640646896058
7.778799999999997,7.778799999999996e-06,0.09386038835483201,0.08475689723570207
7.779600000000002,7.779600000000003e-06,0.06372818240877753,0.08598877932729775
7.780399999999993,7.780399999999992e-06,0.07424509092142317,0.08720028450150454
7.781199999999998,7.781199999999998e-06,0.10538728334974523,0.08838958990010425
7.7819999999999965,7.781999999999996e-06,0.15764235245490055,0.0895548243296182
7.782800000000002,7.782800000000001e-06,0.02967915806813004,0.09069407739003696
7.783599999999993,7.783599999999993e-06,0.07525507740373083,0.09180541168168238
7.784399999999998,7.784399999999998e-06,0.07585407093938801,0.092886878290079
7.785199999999996,7.785199999999996e-06,0.09261738624913163,0.093936535691148
7.786000000000001,7.786000000000001e-06,0.07987321169714445,0.09495247205894744
7.786799999999992,7.786799999999991e-06,0.13766183345208483,0.0959328307194592
7.787599999999998,7.787599999999998e-06,0.07174717143857068,0.09687583826156948
7.788400000000003,7.788400000000003e-06,0.11589360076518906,0.09777983464745885
7.789200000000001,7.7892e-06,0.12656143987814594,0.09864330456417686
7.789999999999999,7.789999999999998e-06,0.09640294355207246,0.09946490920381647
7.790799999999997,7.790799999999997e-06,0.13276756050661542,0.10024351763346054
7.7916000000000025,7.791600000000002e-06,0.10911704600970373,0.10097823691781609
7.792400000000001,7.7924e-06,0.1426854754835739,0.10166844018925786
7.793199999999999,7.793199999999999e-06,0.13063977997032217,0.10231379191797019
7.793999999999997,7.793999999999997e-06,0.14001657657176025,0.10291426972268343
7.794800000000002,7.794800000000002e-06,0.10034624083822952,0.10347018219082957
7.7956,7.7956e-06,0.12721944423678833,0.10398218234106425
7.796399999999998,7.796399999999999e-06,0.08020646916648289,0.10445127652751825
7.797199999999997,7.797199999999995e-06,0.07881310429186394,0.10487882870512137
7.798000000000002,7.798000000000002e-06,0.1591921331384456,0.10526656001103288
7.7988,7.798799999999999e-06,0.13354604405125514,0.10561654356490008
7.799599999999998,7.799599999999997e-06,0.19322110865050635,0.10593119430335812
7.800399999999996,7.800399999999996e-06,0.06161572183541375,0.10621325364265932
7.8012000000000015,7.8012e-06,0.11317041989611087,0.10646576887602975
7.8019999999999925,7.801999999999992e-06,0.10832759204789422,0.1066920674119245
7.802799999999998,7.802799999999998e-06,0.1444391445504376,0.10689572611810909
7.803599999999996,7.803599999999996e-06,0.14946013823334658,0.10708053608246552
7.804400000000001,7.804400000000001e-06,0.1390892429439199,0.10725046308998404
7.805199999999992,7.805199999999993e-06,0.09312446000743291,0.10740960415258245
7.805999999999997,7.805999999999998e-06,0.15047636626709648,0.10756214055369906
7.8067999999999955,7.806799999999994e-06,0.11495813358020068,0.10771228803341339
7.807600000000001,7.8076e-06,0.10709215566792629,0.10786424487571926
7.808399999999999,7.808399999999998e-06,0.09893623182643119,0.10802213874681617
7.809199999999997,7.809199999999996e-06,0.1092380930271235,0.10818997317907468
7.810000000000002,7.810000000000001e-06,0.1419975875420002,0.10837157459377203
7.8108,7.8108e-06,0.10503322070894272,0.10857054070442851
7.8115999999999985,7.811599999999998e-06,0.08041924744982398,0.10879019107322782
7.812399999999997,7.812399999999997e-06,0.1300311401917953,0.10903352053918032
7.813200000000002,7.813200000000002e-06,0.08882710008047323,0.10930315618581546
7.814,7.814e-06,0.1268300128044797,0.10960131843186684
7.814799999999998,7.814799999999998e-06,0.12445522085619432,0.10992978670836497
7.815599999999996,7.815599999999997e-06,0.1333101915678575,0.11028987006574299
7.816400000000002,7.816400000000002e-06,0.10113229010859148,0.11068238297132255
7.8172,7.817199999999999e-06,0.10832551153074688,0.11110762652318451
7.817999999999998,7.817999999999997e-06,0.11205943522500006,0.11156537530038976
7.818799999999996,7.818799999999995e-06,0.10989061217718099,0.11205487004839879
7.819600000000001,7.8196e-06,0.1219370640332903,0.11257481633342498
7.820399999999999,7.820399999999999e-06,0.13585123407938338,0.11312338920088433
7.8211999999999975,7.821199999999997e-06,0.1322682409854813,0.11369824377597634
7.821999999999996,7.821999999999996e-06,0.10249633923171164,0.1142965316810973
7.822800000000001,7.8228e-06,0.13965967707094584,0.1149149231268841
7.823599999999992,7.823599999999992e-06,0.06471263485392353,0.11554963454139869
7.824399999999997,7.824399999999997e-06,0.1459826836825403,0.11619646159317219
7.825199999999995,7.825199999999994e-06,0.0993494938016638,0.11685081740342025
7.8260000000000005,7.826000000000001e-06,0.15851956515976418,0.1175077756281738
7.826799999999999,7.826799999999998e-06,0.12470071958246165,0.11816211795822461
7.827599999999997,7.827599999999996e-06,0.07950874647059458,0.118808385484713
7.828400000000002,7.828400000000001e-06,0.13520079544646313,0.11944093332968303
7.8292,7.8292e-06,0.13326007064488465,0.12005398790659164
7.829999999999998,7.829999999999998e-06,0.14959707304508552,0.1206417061070781
7.830799999999996,7.830799999999996e-06,0.1251285451777261,0.12119823561623821
7.831600000000002,7.831600000000001e-06,0.17831851363644724,0.12171777549905151
7.8324,7.8324e-06,0.16757426322045843,0.12219463621723708
7.833199999999998,7.833199999999998e-06,0.09357876449419111,0.12262329832918151
7.833999999999996,7.833999999999996e-06,0.09939602152176452,0.12299846927629147
7.834800000000001,7.834800000000002e-06,0.13147519382080952,0.12331513781502355
7.8355999999999995,7.835599999999998e-06,0.1501096320119646,0.12356862572848983
7.836399999999998,7.836399999999997e-06,0.1195817530821891,0.12375463640394291
7.837199999999996,7.837199999999995e-06,0.18114193635147113,0.12386929975479355
7.838000000000001,7.838e-06,0.1316832432384233,0.12390921289715115
7.838799999999999,7.838799999999999e-06,0.15398559640654674,0.12387147600741841
7.839599999999997,7.839599999999997e-06,0.12107933232561374,0.12375372287787516
7.840399999999995,7.840399999999995e-06,0.16950590961058987,0.12355414581567194
7.841200000000001,7.8412e-06,0.1409785226482455,0.12327151465900814
7.841999999999999,7.841999999999999e-06,0.10664276855832999,0.12290518979580631
7.842799999999997,7.842799999999997e-06,0.15092291651668777,0.1224551291718447
7.843599999999995,7.843599999999996e-06,0.13283300139247756,0.12192188936435037
7.8444,7.8444e-06,0.13103980249981284,0.12130662085446914
7.845199999999998,7.845199999999997e-06,0.1120838335993366,0.12061105765709092
7.8459999999999965,7.845999999999996e-06,0.13521819592649997,0.11983750147844044
7.846800000000002,7.8468e-06,0.1389460665807427,0.11898880057480511
7.8476,7.8476e-06,0.17153155629522476,0.11806832347362237
7.848399999999998,7.848399999999998e-06,0.1798773727314391,0.11707992771469637
7.849199999999996,7.849199999999996e-06,0.06600292102258187,0.1160279238293046
7.850000000000001,7.850000000000001e-06,0.11067874196470051,0.11491703492571974
7.8508,7.8508e-06,0.12764386514062553,0.11375235243317766
7.851599999999998,7.851599999999998e-06,0.12587487611086234,0.11253928866141238
7.852399999999996,7.852399999999996e-06,0.11633750266621035,0.11128352681190214
7.853200000000001,7.853200000000001e-06,0.09967007965668295,0.10999096899264359
7.853999999999999,7.854e-06,0.1035515292598399,0.10866768271873034
7.854799999999997,7.854799999999996e-06,0.09239061217718103,0.10731984633014836
7.8555999999999955,7.855599999999995e-06,0.129978938751675,0.10595369368414127
7.856400000000001,7.8564e-06,0.17698510443911564,0.10457545836778537
7.857199999999999,7.857199999999998e-06,0.12401623633232528,0.1031913175706678
7.857999999999997,7.857999999999997e-06,0.1415253147437795,0.10180733573689785
7.858799999999995,7.858799999999995e-06,0.08261738624913162,0.10042940822935946
7.8596,7.8596e-06,0.13538728334974526,0.09906320544932215
7.8603999999999985,7.860399999999998e-06,0.10684533276736896,0.09771411806324393
7.861199999999997,7.861199999999997e-06,0.0683567192879283,0.09638720412603421
7.861999999999995,7.861999999999995e-06,0.10901415581517793,0.09508713895220905
7.8628,7.8628e-06,0.08164844227834966,0.09381816859030073
7.863599999999998,7.863599999999997e-06,0.09742616948012206,0.09258406770309044
7.864399999999996,7.864399999999995e-06,0.10560781587025347,0.09138810255417283
7.8652000000000015,7.8652e-06,0.07313145790173248,0.09023299968093045
7.866,7.865999999999999e-06,0.09437029897313798,0.08912092072470992
7.866800000000005,7.866800000000004e-06,0.1036148896285547,0.08805344379514049
7.867599999999996,7.867599999999996e-06,0.06958875097649886,0.08703155165512763
7.868400000000001,7.8684e-06,0.06337355193657246,0.08605562691915994
7.869199999999999,7.869199999999999e-06,0.11261738624913165,0.08512545435766675
7.869999999999997,7.869999999999997e-06,0.08752489864035295,0.08424023028396466
7.870799999999996,7.870799999999996e-06,0.09572186499337376,0.08339857886822444
7.871600000000001,7.871600000000001e-06,0.055275314743782444,0.08259857510553309
7.872399999999999,7.8724e-06,0.09352580671120347,0.08183777408657592
7.873199999999997,7.873199999999996e-06,0.07599176209398739,0.08111324615658883
7.873999999999995,7.873999999999994e-06,0.059571350496452014,0.08042161746030271
7.8748000000000005,7.8748e-06,0.12156011570385605,0.07975911524902829
7.875599999999999,7.875599999999998e-06,0.1268640574216957,0.07912161719534025
7.876399999999997,7.876399999999996e-06,0.06854888091125988,0.07850470386138395
7.877199999999995,7.877199999999995e-06,0.09235789173425513,0.07790371344302294
7.878,7.878e-06,0.0788027017061268,0.07731379797246558
7.878799999999998,7.878799999999998e-06,0.0727425943008464,0.07672998025079632
7.879599999999996,7.879599999999997e-06,0.0924914218545595,0.0761472108290452
7.8803999999999945,7.880399999999995e-06,0.11989136852004845,0.0755604243451718
7.8812,7.8812e-06,0.08499009768026955,0.07496459449117153
7.881999999999998,7.881999999999997e-06,0.12136946676627902,0.07435478688234208
7.882799999999996,7.882799999999995e-06,0.11598835740254998,0.07372620916689318
7.883600000000001,7.8836e-06,0.05391542665495708,0.07307425785194277
7.884399999999999,7.884399999999999e-06,0.06000125660886391,0.07239456150308894
7.885200000000005,7.885200000000004e-06,0.11603412877979324,0.07168302014610801
7.885999999999996,7.885999999999995e-06,0.09440642410750155,0.07093584080290304
7.886800000000001,7.8868e-06,0.033215623441961495,0.07014956912039468
7.887599999999999,7.887599999999999e-06,0.12002622281463293,0.0693211170534319
7.888400000000004,7.888400000000004e-06,0.0514640348921751,0.06844778658048502
7.889199999999995,7.889199999999996e-06,0.08138062569487348,0.06752728944746249
7.890000000000001,7.89e-06,0.07260906418054203,0.06655776293021648
7.890799999999999,7.890799999999999e-06,0.07976956515976119,0.06553778158817945
7.891599999999997,7.891599999999996e-06,0.06370813358020067,0.06446636496072226
7.892399999999995,7.892399999999994e-06,0.09545820944419237,0.0633429811378968
7.8932,7.8932e-06,0.07660739976682396,0.062167546125320466
7.893999999999998,7.893999999999998e-06,0.061868218455990664,0.06094041892898203
7.8947999999999965,7.894799999999996e-06,0.07451290750488948,0.05966239231537104
7.895599999999995,7.895599999999994e-06,0.08793872844700823,0.05833467924780443
7.8964,7.8964e-06,0.09226332360831901,0.05695889504526344
7.897199999999998,7.897199999999998e-06,0.06067874196470058,0.055537035358557266
7.897999999999996,7.897999999999996e-06,0.08879154277753232,0.05407145013529037
7.898799999999994,7.898799999999995e-06,0.05584291201079361,0.05256481385971832
7.8995999999999995,7.8996e-06,0.045504169332840294,0.05102009248191675
7.900399999999998,7.900399999999998e-06,0.05311821845599063,0.049440507557284165
7.901199999999996,7.901199999999995e-06,0.08505761908327902,0.0478294981771625
7.902000000000001,7.902e-06,0.05403023212093472,0.04619068128053724
7.902799999999999,7.902799999999998e-06,0.08926457191860748,0.04452781092553758
7.903600000000004,7.903600000000003e-06,0.017051869499267736,0.04284473711646675
7.904399999999995,7.904399999999995e-06,0.03555769494728067,0.041145364845536145
7.905200000000001,7.9052e-06,0.009867726488529516,0.03943361407923309
7.905999999999999,7.905999999999999e-06,0.06357101025702416,0.037713381429675875
7.906800000000004,7.906800000000004e-06,0.02451498802200691,0.03598850416464372
7.907599999999995,7.907599999999995e-06,0.003916750829277116,0.03426272705421027
7.9084,7.9084e-06,0.08659207980393469,0.03253967238578063
7.9091999999999985,7.909199999999999e-06,0.017538705917487518,0.030822813334322522
7.910000000000004,7.910000000000004e-06,0.03938977997029214,0.029115450756004465
7.910799999999995,7.910799999999994e-06,0.02406560091244081,0.02742069339211299
7.9116,7.911599999999999e-06,0.03726124309114165,0.025741441427422802
7.912399999999998,7.912399999999997e-06,0.007926245344123561,0.024080373314793214
7.913199999999996,7.913199999999996e-06,-0.0011882198824560986,0.022439935725682966
7.913999999999994,7.913999999999994e-06,0.09356684922272929,0.020822336405217065
7.9148,7.9148e-06,0.05926873295287227,0.019229539609243868
7.915599999999998,7.915599999999998e-06,0.032976366267096435,0.01766326372371498
7.916399999999996,7.916399999999996e-06,0.04041716693270658,0.0161249806865045
7.917199999999994,7.917199999999994e-06,0.005691225067585126,0.0146159169720034
7.917999999999999,7.918e-06,-0.0008557187559150581,0.013137056088003224
7.918799999999997,7.918799999999998e-06,0.02211863455942009,0.011689142670830231
7.9195999999999955,7.919599999999994e-06,-0.021106891202271938,0.010272688296733161
7.920400000000001,7.9204e-06,0.03594031699669453,0.008887979062742529
7.921199999999999,7.921199999999998e-06,0.03418532375554073,0.007535084867497417
7.922000000000004,7.922000000000003e-06,0.01980436611984482,0.006213870193125918
7.922799999999995,7.922799999999995e-06,0.001740929887128484,0.004924006104781263
7.9236,7.9236e-06,0.006629717624052955,0.0036649831699563304
7.924399999999999,7.924399999999998e-06,-0.00545021101787968,0.002436125027158547
7.925200000000004,7.925200000000003e-06,0.027494258714564235,0.0012366023449284017
7.925999999999995,7.925999999999995e-06,0.03545480475279483,6.544687958760093e-05
7.9268,7.9268e-06,-0.007909924849251126,-0.0010784347089037565
7.927599999999998,7.927599999999998e-06,0.02342291651668771,-0.002196247639282052
7.9284000000000034,7.928400000000004e-06,0.011788213950126414,-0.003289296708732306
7.9291999999999945,7.929199999999993e-06,0.015116062074811643,-0.004358975163759205
7.93,7.929999999999999e-06,0.04684590059876159,-0.005406754929323218
7.930799999999998,7.930799999999997e-06,-0.005139271405740109,-0.006434178310255204
7.931600000000003,7.931600000000002e-06,0.01257842425472322,-0.007442851176212839
7.932399999999994,7.932399999999994e-06,0.005956961133873895,-0.00843443750647176
7.933199999999999,7.933199999999999e-06,-0.02805102069521781,-0.009410655033849965
7.9339999999999975,7.933999999999997e-06,-0.020946125847616237,-0.010373271629074112
7.934799999999996,7.934799999999996e-06,-0.032431978331013855,-0.011324102036801873
7.935599999999994,7.935599999999994e-06,-0.0033640408245048103,-0.012265004627376484
7.936399999999999,7.936399999999999e-06,-0.006942305052719422,-0.013197877960381705
7.937199999999997,7.937199999999997e-06,0.0038938651406554836,-0.014124657129951014
7.937999999999995,7.937999999999994e-06,0.03785872394114398,-0.015047310016800763
7.9388000000000005,7.938800000000001e-06,0.018639855834323815,-0.015967833654598473
7.939599999999999,7.939599999999998e-06,0.011416750829277178,-0.01688825089796557
7.940400000000004,7.940400000000003e-06,-0.02011354885714367,-0.01781060745295215
7.941199999999995,7.941199999999994e-06,0.001794455501568759,-0.018736969134897717
7.942,7.942e-06,-0.014146685403439219,-0.01966941902393957
7.942799999999998,7.942799999999998e-06,-0.04040841216349644,-0.02061005405525683
7.9436000000000035,7.943600000000003e-06,-0.018551852902076837,-0.021560980525473332
7.944399999999995,7.944399999999995e-06,0.0019503034790021578,-0.022524308007587736
7.9452,7.9452e-06,-0.03274424211737326,-0.023502141228818947
7.945999999999998,7.945999999999998e-06,-0.03320062712130911,-0.024496569551420558
7.946800000000003,7.946800000000003e-06,-0.02771719539445683,-0.025509653775672124
7.947599999999994,7.947599999999993e-06,-0.02306217962388246,-0.02654341005762827
7.9483999999999995,7.948399999999998e-06,-0.05814426464689393,-0.027599790827168635
7.949199999999998,7.949199999999997e-06,-0.05071311022419356,-0.02868066271645573
7.950000000000003,7.950000000000002e-06,-0.011255741285435827,-0.029787781663355776
7.950799999999994,7.950799999999993e-06,-0.024878452716573518,-0.03092276553995239
7.951599999999999,7.951599999999999e-06,-0.030923240158994614,-0.0320870648568148
7.952399999999997,7.952399999999997e-06,-0.015423732126355838,-0.03328193226340202
7.9532000000000025,7.953200000000002e-06,-0.036113132753714194,-0.03450839166999674
7.9539999999999935,7.953999999999994e-06,0.012051869499267842,-0.03576720786573365
7.954799999999999,7.954799999999999e-06,-0.03249949973399335,-0.037058857522766886
7.955599999999997,7.955599999999997e-06,-0.02758990682559459,-0.038383502459841186
7.956400000000002,7.956400000000002e-06,-0.04109157123931262,-0.03974096598428714
7.9572,7.9572e-06,-0.003611808579394138,-0.041130713058391354
7.957999999999998,7.957999999999997e-06,-0.00021511487730940804,-0.04255183497572236
7.958800000000004,7.958800000000002e-06,-0.03239717737090031,-0.04400303918436162
7.959599999999995,7.959599999999994e-06,-0.015089150482767377,-0.04548264481650034
7.9604,7.9604e-06,-0.01902280152604452,-0.04698858435003295
7.961199999999998,7.961199999999998e-06,-0.054122287029162885,-0.04851841165827664
7.962000000000003,7.962000000000003e-06,0.009990097680269483,-0.050069316538102746
7.962799999999994,7.962799999999994e-06,-0.05141158926296918,-0.051638145662872864
7.9636,7.9636e-06,-0.038669495228129236,-0.053221429778085846
7.964399999999998,7.964399999999998e-06,-0.03361729378800904,-0.05481541683221541
7.965200000000003,7.965200000000003e-06,-0.031033128247750175,-0.05641611061470587
7.965999999999994,7.965999999999993e-06,-0.04913136544057983,-0.058019314369793684
7.966799999999999,7.9668e-06,-0.04398743273453842,-0.05962067876767197
7.967599999999997,7.967599999999996e-06,-0.04302889134952359,-0.06121575353112582
7.968400000000003,7.968400000000001e-06,-0.04319438556986677,-0.06280004193517175
7.969199999999994,7.969199999999993e-06,-0.052790202006051334,-0.06436905732582286
7.969999999999999,7.969999999999998e-06,-0.06821102970704607,-0.06591838073948363
7.970799999999997,7.970799999999997e-06,-0.053455960601860864,-0.06744371864454743
7.971600000000002,7.971600000000002e-06,-0.04286888233769537,-0.06894095978243696
7.972399999999993,7.972399999999993e-06,-0.0554995755980251,-0.07040623006483145
7.9731999999999985,7.973199999999998e-06,-0.10224416625344174,-0.07183594447314909
7.973999999999997,7.973999999999997e-06,-0.10017615288300102,-0.07322685489054903
7.974800000000002,7.974800000000002e-06,-0.09041332954061865,-0.07457609280251709
7.9756,7.9756e-06,-0.09777431421179944,-0.07588120588920014
7.976399999999998,7.976399999999997e-06,-0.05902355786887192,-0.07714018772824725
7.977200000000003,7.977200000000004e-06,-0.08222052422189274,-0.07835150008913919
7.9780000000000015,7.978e-06,-0.08004262276269669,-0.07951408755373934
7.9788,7.978799999999999e-06,-0.08026239894030751,-0.08062738439214887
7.979599999999998,7.979599999999997e-06,-0.0812105377395852,-0.0816913137558303
7.980400000000003,7.980400000000002e-06,-0.08967115964184724,-0.0827062793513545
7.981199999999994,7.981199999999994e-06,-0.07661396496057316,-0.08367314985582872
7.981999999999999,7.981999999999999e-06,-0.08818530715844974,-0.08459323643830396
7.9827999999999975,7.982799999999997e-06,-0.08335363823876774,-0.08546826385771714
7.983600000000003,7.983600000000003e-06,-0.07440201888409098,-0.0863003357116028
7.984399999999994,7.984399999999993e-06,-0.08103936979919235,-0.08709189450490065
7.985199999999999,7.9852e-06,-0.11119313725957841,-0.08784567728945492
7.985999999999997,7.985999999999996e-06,-0.09024783532027553,-0.08856466769383566
7.986800000000002,7.986800000000001e-06,-0.05623493611396152,-0.08925204523645362
7.987599999999993,7.987599999999993e-06,-0.06789460488629179,-0.08991113290821386
7.988399999999999,7.988399999999998e-06,-0.06436513740683009,-0.09054534410249161
7.989199999999997,7.989199999999996e-06,-0.04661812599486803,-0.09115813000495042
7.990000000000002,7.990000000000001e-06,-0.07335647509884247,-0.09175292849857603
7.990799999999993,7.990799999999993e-06,-0.06690126254116363,-0.09233311550240861
7.991599999999998,7.991599999999998e-06,-0.10641783081441136,-0.0929019594830061
7.992399999999996,7.992399999999997e-06,-0.06032500296616483,-0.09346257969846167
7.993200000000002,7.993200000000002e-06,-0.061835253823938785,-0.0940179085953592
7.993999999999993,7.993999999999992e-06,-0.08948126704712772,-0.09457065869016175
7.994799999999998,7.994799999999997e-06,-0.044940300399603506,-0.09512329419625243
7.995600000000003,7.995600000000004e-06,-0.10351648411057074,-0.09567800756533268
7.996400000000001,7.9964e-06,-0.0920903987930558,-0.09623670098974632
7.997199999999999,7.997199999999999e-06,-0.10400124001174293,-0.09680097278870779
7.9979999999999976,7.997999999999997e-06,-0.11731452451639612,-0.09737210851838216
7.998800000000003,7.998800000000002e-06,-0.06724700311341658,-0.09795107663679822
7.999600000000001,7.9996e-06,-0.07620145932816802,-0.09853852861994682
8.000399999999999,8.000399999999999e-06,-0.05362429168227867,-0.09913480351936366
8.001199999999997,8.001199999999997e-06,-0.0990381214889039,-0.09973993700259032
8.002000000000002,8.002000000000002e-06,-0.0829140858835461,-0.10035367487845667
8.002799999999993,8.002799999999994e-06,-0.07408616189472927,-0.1009754909938907
8.003599999999999,8.003599999999999e-06,-0.07222052422189273,-0.10160460925501792
8.004399999999997,8.004399999999996e-06,-0.09203687317861542,-0.10224002940963703
8.005200000000002,8.005200000000003e-06,-0.06733116865357552,-0.10288055612160978
8.005999999999993,8.005999999999992e-06,-0.11204595159013259,-0.1035248307508091
8.006799999999998,8.006799999999998e-06,-0.08799957559802507,-0.10417136513033495
8.007599999999996,8.007599999999996e-06,-0.10693322664130223,-0.1048185765296564
8.008400000000002,8.008400000000001e-06,-0.12472960263340976,-0.10546482293070773
8.009199999999993,8.009199999999993e-06,-0.05996053773958515,-0.10610843773502569
8.009999999999998,8.009999999999998e-06,-0.12298425563506565,-0.10674776305809044
8.010799999999996,8.010799999999996e-06,-0.15377106124829498,-0.10738118082868585
8.011600000000001,8.011600000000001e-06,-0.0850426227626967,-0.10800714097773428
8.012399999999992,8.012399999999991e-06,-0.12306709700100471,-0.10862418608946402
8.013199999999998,8.013199999999998e-06,-0.12832167413872891,-0.10923097202798142
8.014000000000003,8.014000000000003e-06,-0.09495013515384793,-0.10982628423434847
8.014800000000001,8.0148e-06,-0.07396303436016205,-0.11040904957173865
8.0156,8.015599999999998e-06,-0.11757742372271013,-0.11097834374821587
8.016399999999997,8.016399999999997e-06,-0.13289384854346442,-0.11153339444692557
8.017200000000003,8.017200000000002e-06,-0.1288601441656762,-0.11207358033743421
8.018,8.018e-06,-0.07830503000154954,-0.11259842617377913
8.018799999999999,8.018799999999999e-06,-0.09881002324270338,-0.11310759426331812
8.019599999999997,8.019599999999997e-06,-0.11691582616119561,-0.11360087270901724
8.020400000000002,8.020400000000002e-06,-0.11883290893132509,-0.11407816092129895
8.0212,8.0212e-06,-0.12885447044562665,-0.11453945293330538
8.021999999999998,8.021999999999999e-06,-0.08696594708416838,-0.11498481907682333
8.022799999999997,8.022799999999995e-06,-0.07377805914266466,-0.11541438663297951
8.023600000000002,8.023600000000002e-06,-0.05285148185768873,-0.1158283201453282
8.0244,8.024399999999999e-06,-0.10420021101787963,-0.11622680209836006
8.025199999999998,8.025199999999997e-06,-0.12371545511680737,-0.1166100145596554
8.025999999999996,8.025999999999996e-06,-0.0939804348402688,-0.11697812217743074
8.026800000000001,8.0268e-06,-0.1252408374260059,-0.11733125671141878
8.027599999999993,8.027599999999992e-06,-0.12950907011287155,-0.11766950314208775
8.028399999999998,8.028399999999998e-06,-0.15705919103584448,-0.11799288737173742
8.029199999999996,8.029199999999996e-06,-0.08320062712130905,-0.11830136558244513
8.030000000000001,8.030000000000001e-06,-0.07886638571711846,-0.11859481543473654
8.030799999999992,8.030799999999993e-06,-0.07362221116513123,-0.11887302943882949
8.031599999999997,8.031599999999998e-06,-0.10818814401842453,-0.11913571092032674
8.032399999999996,8.032399999999994e-06,-0.11367081940234941,-0.1193824729603978
8.0332,8.0332e-06,-0.10957659151585109,-0.11961284053613178
8.033999999999999,8.033999999999998e-06,-0.053080336446716614,-0.11982625591233122
8.034799999999997,8.034799999999996e-06,-0.14722884629048238,-0.12002208720729267
8.035600000000002,8.035600000000001e-06,-0.08549617090655759,-0.12019963995979413
8.0364,8.0364e-06,-0.08930253338097272,-0.12035817142420785
8.037199999999999,8.037199999999998e-06,-0.10639626930000973,-0.12049690721213012
8.037999999999997,8.037999999999997e-06,-0.10323826494139743,-0.12061505979535488
8.038800000000002,8.038800000000002e-06,-0.10528263628038909,-0.12071184828049658
8.0396,8.0396e-06,-0.11557409489527432,-0.12078651875561294
8.040399999999998,8.040399999999998e-06,-0.16469139698182889,-0.12083836441317708
8.041199999999996,8.041199999999997e-06,-0.11437345947541977,-0.12086674460220584
8.042000000000002,8.042000000000002e-06,-0.14089335657600338,-0.12087110198583345
8.0428,8.042799999999999e-06,-0.09162379971481766,-0.12085097709455289
8.043599999999998,8.043599999999997e-06,-0.15274083742600592,-0.12080601974198925
8.044399999999996,8.044399999999995e-06,-0.1580740948952743,-0.12073599695174997
8.045200000000001,8.0452e-06,-0.10703838586437031,-0.12064079720467516
8.046,8.045999999999999e-06,-0.12891783081441133,-0.12052043098509602
8.046799999999998,8.046799999999997e-06,-0.11104428717641451,-0.12037502780981937
8.047599999999996,8.047599999999996e-06,-0.09316242146982812,-0.12020483013568303
8.0484,8.0484e-06,-0.08874325818255108,-0.12001018470301977
8.049199999999992,8.049199999999992e-06,-0.09876898073114765,-0.11979153194883875
8.049999999999997,8.049999999999997e-06,-0.09680669441526746,-0.11954939411010378
8.050799999999995,8.050799999999994e-06,-0.15268939232871304,-0.11928436255062652
8.0516,8.051600000000001e-06,-0.0960019204905388,-0.11899708472974596
8.052399999999999,8.052399999999998e-06,-0.07768107026012322,-0.11868825114824487
8.053199999999997,8.053199999999996e-06,-0.054637115024561145,-0.1183585825835173
8.054000000000002,8.054000000000001e-06,-0.1371649180904051,-0.11800881791394324
8.0548,8.0548e-06,-0.1468991820240162,-0.11763970275402212
8.055599999999998,8.055599999999998e-06,-0.10900124001174294,-0.11725197897663937
8.056399999999996,8.056399999999996e-06,-0.09823410390710247,-0.11684637508701222
8.057200000000002,8.057200000000001e-06,-0.10322218863561056,-0.11642359741717766
8.058,8.058e-06,-0.07837803661314408,-0.11598432219521848
8.058799999999998,8.058799999999998e-06,-0.08941034095268069,-0.1155291886078107
8.059599999999996,8.059599999999996e-06,-0.11099700311341659,-0.11505879295684017
8.060400000000001,8.060400000000002e-06,-0.12907783982613957,-0.11457368391953307
8.0612,8.061199999999998e-06,-0.1465541977946906,-0.11407435880908995
8.061999999999998,8.061999999999997e-06,-0.07601572776774335,-0.11356126066952832
8.062799999999996,8.062799999999995e-06,-0.0928577234091309,-0.11303477607130463
8.063600000000001,8.0636e-06,-0.06390459136859944,-0.11249523357624798
8.0644,8.064399999999999e-06,-0.1375085781454105,-0.11194290291939446
8.065199999999997,8.065199999999997e-06,-0.08583775044451558,-0.1113779949408766
8.065999999999995,8.065999999999995e-06,-0.13173709249514054,-0.11080066221428024
8.0668,8.0668e-06,-0.06035847975195835,-0.11021100023903752
8.067599999999999,8.067599999999999e-06,-0.13277431421179942,-0.10960904904206718
8.068399999999997,8.068399999999997e-06,-0.09666408588354608,-0.10899479505015017
8.069199999999995,8.069199999999996e-06,-0.13398459587456363,-0.10836817311438084
8.07,8.07e-06,-0.09654719990042099,-0.1077290685933825
8.070799999999998,8.070799999999997e-06,-0.04901523580028222,-0.10707731945944332
8.071599999999997,8.071599999999996e-06,-0.15134614837703697,-0.10641271847818061
8.072400000000002,8.0724e-06,-0.04772494963165397,-0.10573501558134794
8.0732,8.0732e-06,-0.11012962516283037,-0.10504392056703113
8.073999999999998,8.073999999999998e-06,-0.09131210375985072,-0.1043391062336285
8.074799999999996,8.074799999999996e-06,-0.09522627380597393,-0.10362021201407688
8.075600000000001,8.075600000000001e-06,-0.12992932998237378,-0.10288684814022911
8.0764,8.0764e-06,-0.059077839826139567,-0.10213860034782228
8.077199999999998,8.077199999999998e-06,-0.06438461840398424,-0.10137503514541804
8.077999999999996,8.077999999999996e-06,-0.10804837234667791,-0.10059570570141244
8.078800000000001,8.078800000000001e-06,-0.06351648411057076,-0.09980015840322358
8.0796,8.0796e-06,-0.06838711502456113,-0.0989879400808273
8.080399999999997,8.080399999999996e-06,-0.1352325153574162,-0.09815860578274516
8.081199999999995,8.081199999999995e-06,-0.07481168765642121,-0.0973117268873758
8.082,8.082e-06,-0.10128921807122915,-0.09644689925913032
8.082799999999999,8.082799999999998e-06,-0.10225740569915359,-0.09556375114291385
8.083599999999997,8.083599999999997e-06,-0.06796212628937154,-0.0946619505354913
8.084399999999995,8.084399999999995e-06,-0.10399159376883327,-0.09374121184872578
8.0852,8.0852e-06,-0.11351440359342324,-0.09280130175433199
8.085999999999999,8.085999999999998e-06,-0.06668640374067503,-0.09184204416474173
8.086799999999997,8.086799999999997e-06,-0.11016158926296915,-0.09086332437579729
8.087599999999995,8.087599999999995e-06,-0.07479504351924204,-0.08986509248889346
8.0884,8.0884e-06,-0.07331543258728668,-0.08884736633368462
8.089199999999998,8.089199999999997e-06,-0.03852764303923517,-0.08781023420191536
8.089999999999996,8.089999999999995e-06,-0.05633650213422725,-0.08675385775082178
8.090800000000002,8.0908e-06,-0.0642552493179746,-0.08567847541054432
8.0916,8.091599999999999e-06,-0.06473868104482694,-0.08458440651646926
8.092399999999998,8.092399999999997e-06,-0.0652325153574162,-0.08347205620863946
8.093199999999996,8.093199999999996e-06,-0.09303172820949851,-0.0823419209530875
8.094000000000001,8.094e-06,-0.06433941485823363,-0.08119459439212379
8.0948,8.094799999999999e-06,-0.0649000142308751,-0.08003077314179846
8.095599999999997,8.095599999999998e-06,-0.07079670793295978,-0.07885126212071276
8.096399999999996,8.096399999999996e-06,-0.07620505253107035,-0.07765697899162602
8.0972,8.097200000000001e-06,-0.06750857814541056,-0.07644895729861687
8.097999999999999,8.098e-06,-0.0839373118115655,-0.07522834788196966
8.098799999999997,8.098799999999996e-06,-0.09560813951256047,-0.07399641816660701
8.099599999999995,8.099599999999994e-06,-0.06367516894807895,-0.07275454896649816
8.1004,8.1004e-06,-0.08716491809040511,-0.07150422853821249
8.101199999999999,8.101199999999998e-06,-0.082519737074075,-0.07024704375000361
8.101999999999997,8.101999999999996e-06,-0.02549068569794266,-0.06898466839007297
8.102799999999995,8.102799999999995e-06,-0.05957942837592611,-0.06771884879090237
8.1036,8.1036e-06,-0.06295380422078184,-0.0664513870634495
8.104399999999998,8.104399999999998e-06,-0.06583150889307343,-0.06518412228798107
8.105199999999996,8.105199999999997e-06,-0.060124707785708165,-0.06391891000441523
8.105999999999995,8.105999999999995e-06,-0.007936403740674947,-0.06265760033001494
8.1068,8.1068e-06,-0.07513870357434749,-0.06140201503625479
8.107599999999998,8.107599999999997e-06,-0.05939918202401617,-0.06015392391844898
8.108399999999996,8.108399999999995e-06,-0.061968783944243155,-0.05891502076409799
8.109200000000001,8.1092e-06,-0.06718023805326434,-0.05768689919194883
8.11,8.109999999999999e-06,-0.035214547045916755,-0.05647102864383452
8.110800000000005,8.110800000000004e-06,-0.05237164333373867,-0.05526873087901736
8.111599999999996,8.111599999999995e-06,-0.021216211459634815,-0.054081157409946776
8.112400000000001,8.1124e-06,-0.05819514191269415,-0.05290926838238018
8.113199999999999,8.113199999999999e-06,-0.049568269447261504,-0.05175381341926623
8.114000000000004,8.114000000000004e-06,-0.029836086030797793,-0.05061531492864033
8.114799999999995,8.114799999999996e-06,-0.07473452001053194,-0.04949405435428788
8.1156,8.1156e-06,0.0010959764627931357,-0.048390061849548346
8.116399999999999,8.116399999999999e-06,0.0031772292789458145,-0.04730310987624381
8.117199999999997,8.117199999999996e-06,-0.021725365735083435,-0.046232711237881516
8.117999999999995,8.117999999999994e-06,0.0009081643852210108,-0.045178121995626534
8.1188,8.1188e-06,0.007729354855134485,-0.04413834955218832
8.119599999999998,8.119599999999998e-06,-0.03326682435006867,-0.04311216593900604
8.120399999999997,8.120399999999996e-06,-0.03375933448833801,-0.04209812605395944
8.121199999999995,8.121199999999994e-06,-0.04081618893011407,-0.0410945903178347
8.122,8.122e-06,-0.005328596169067112,-0.04009975099432691
8.122799999999998,8.122799999999998e-06,-0.06795588473792913,-0.039111661283243976
8.123599999999996,8.123599999999996e-06,-0.06302889134952361,-0.038128266243184876
8.124399999999994,8.124399999999995e-06,-0.0023438402678948034,-0.03714743460468256
8.1252,8.1252e-06,-0.023459553804763056,-0.036166990593469076
8.125999999999998,8.125999999999998e-06,-0.03502389810836992,-0.03518474498443076
8.126799999999996,8.126799999999995e-06,-0.045251996354570334,-0.03419852469975433
8.127600000000001,8.1276e-06,-0.08727972355638264,-0.03320620031410728
8.1284,8.128399999999998e-06,-0.056776054489449,-0.03220571087568312
8.129200000000004,8.129200000000003e-06,-0.004421499881245072,-0.031195085574885976
8.129999999999995,8.129999999999995e-06,-0.028156936261213183,-0.030172462022536185
8.1308,8.1308e-06,-0.011863813232510068,-0.029136101175203
8.131599999999999,8.131599999999999e-06,0.0027091175150528723,-0.02808439916274536
8.132400000000004,8.132400000000004e-06,-0.01213371033319377,-0.02701589637407953
8.133199999999995,8.133199999999995e-06,-0.040503925143754616,-0.02592928415602156
8.134,8.134e-06,-0.0044632987356283405,-0.024823409424697865
8.134799999999998,8.134799999999999e-06,-0.00490776846807206,-0.023697277429232978
8.135600000000004,8.135600000000004e-06,-0.005341835614778967,-0.022550052876252738
8.136399999999995,8.136399999999994e-06,-0.02914328071207173,-0.02138105961518006
8.1372,8.137199999999999e-06,0.008695461965911533,-0.020189779068800297
8.137999999999998,8.137999999999997e-06,0.011107891734285058,-0.018975847562209998
8.138799999999996,8.138799999999996e-06,-0.07021719539445681,-0.017739052668619873
8.139599999999994,8.139599999999994e-06,0.0014417170350460307,-0.01647932866082065
8.1404,8.1404e-06,0.021078575982786507,-0.015196751146972552
8.141199999999998,8.141199999999998e-06,0.0016155333239789016,-0.013891531000915884
8.141999999999996,8.141999999999996e-06,-0.06918148636355281,-0.01256400775396626
8.142799999999994,8.142799999999994e-06,0.0029880930271535266,-0.01121464265108394
8.1436,8.1436e-06,0.015020549094653335,-0.00984401159655736
8.144399999999997,8.144399999999998e-06,0.05663993169835535,-0.008452798275927634
8.145199999999996,8.145199999999994e-06,0.009103050221094366,-0.007041787827949383
8.146,8.146e-06,0.02155368564094895,-0.0056118614553167055
8.146799999999999,8.146799999999998e-06,-0.012603146271406573,-0.004163992245758141
8.147600000000004,8.147600000000003e-06,0.014889855834323784,-0.002699242277982081
8.148399999999995,8.148399999999995e-06,0.00479037033120544,-0.0012187609110891288
8.1492,8.1492e-06,0.007378696905759208,0.00027621594237415593
8.149999999999999,8.149999999999998e-06,0.019706204791046456,0.0017843657912142794
8.150800000000004,8.150800000000003e-06,0.04452387792208923,0.0033042790238852326
8.151599999999995,8.151599999999995e-06,-0.007462618256732556,0.004834458096954623
8.1524,8.1524e-06,-0.001692645292117212,0.006373316738429858
8.153199999999998,8.153199999999998e-06,0.028881193526336113,0.007919179508729585
8.154000000000003,8.154000000000004e-06,0.01966648645381075,0.009470282102657105
8.154799999999994,8.154799999999993e-06,-0.021964622909948273,0.01102477276979847
8.1556,8.155599999999999e-06,-0.006329504239857564,0.012580715187908187
8.156399999999998,8.156399999999997e-06,0.06643963651789875,0.014136093055730783
8.157200000000003,8.157200000000002e-06,0.03328087581635897,0.01568881656919576
8.157999999999994,8.157999999999994e-06,0.014764647782608997,0.017236730829124386
8.1588,8.158799999999999e-06,0.03721528320246359,0.018777626164956637
8.159599999999998,8.159599999999997e-06,0.012163081762343264,0.02030925037649842
8.160399999999996,8.160399999999996e-06,0.0323314128427612,0.02182932294590556
8.161199999999994,8.161199999999994e-06,0.021303269537519487,0.02333555129499766
8.161999999999999,8.161999999999999e-06,0.004377864698900336,0.02482564914293145
8.162799999999997,8.162799999999997e-06,0.018575171291318915,0.026297356965126244
8.163599999999995,8.163599999999994e-06,0.022126200285182307,0.027748464465891375
8.1644,8.164400000000001e-06,0.062220768411078375,0.0291768348491155
8.165199999999999,8.165199999999998e-06,0.01235505487421018,0.03058043051958824
8.166000000000004,8.166000000000003e-06,0.036450039103635756,0.03195733971285543
8.166799999999995,8.166799999999994e-06,0.03715192283377877,0.03330580346167344
8.1676,8.1676e-06,0.07186046421879344,0.03462424224859777
8.168399999999998,8.168399999999998e-06,0.07038577066406049,0.03591128164522797
8.169200000000004,8.169200000000003e-06,0.08591440593666333,0.03716577621753997
8.169999999999995,8.169999999999995e-06,0.04651131895517313,0.038386831030776614
8.1708,8.1708e-06,0.06354661188264776,0.03957382023665716
8.171599999999998,8.171599999999998e-06,0.003095144255934157,0.04072640243277719
8.172400000000003,8.172400000000003e-06,0.0922812919197884,0.04184453267483371
8.173199999999994,8.173199999999993e-06,0.05646252220652037,0.042928471136536056
8.174,8.173999999999998e-06,0.01244413779159148,0.043978788447622666
8.174799999999998,8.174799999999997e-06,0.04148692058079673,0.044996367742465244
8.175600000000003,8.175600000000002e-06,0.056072334431344184,0.04598240344461201
8.176399999999994,8.176399999999993e-06,0.05726597195692895,0.04693839677065866
8.1772,8.177199999999999e-06,0.10390067452349028,0.04786614784817434
8.177999999999997,8.177999999999997e-06,0.020279287266672497,0.0487677442575275
8.178800000000003,8.178800000000002e-06,0.09595128741389425,0.04964554578877009
8.179599999999994,8.179599999999994e-06,0.08821203023905921,0.050502165259993535
8.180399999999999,8.180399999999999e-06,0.0845677572935899,0.05134044533911706
8.181199999999997,8.181199999999997e-06,0.08419629417274044,0.0521634314330824
8.182000000000002,8.182000000000002e-06,0.11102505036834598,0.05297434087611784
8.1828,8.1828e-06,-0.008419835467527337,0.0537765288688619
8.183599999999998,8.183599999999997e-06,0.06675681768148034,0.05457345185668601
8.184400000000004,8.184400000000002e-06,0.024978938751704982,0.055368629217867664
8.185199999999995,8.185199999999994e-06,0.05609938115426061,0.0561656041879833
8.186,8.186e-06,0.08426022237284791,0.05696790485823461
8.186799999999998,8.186799999999998e-06,0.031304025880446784,0.05777900591349948
8.187600000000003,8.187600000000003e-06,0.09265842876065733,0.05860229160800301
8.188399999999994,8.188399999999994e-06,0.0646220392508875,0.059441020359993144
8.1892,8.1892e-06,0.09069746661902722,0.0602982912820335
8.189999999999998,8.189999999999998e-06,0.011653927486894644,0.06117701293844035
8.190800000000003,8.190800000000003e-06,0.07497042817168054,0.062079874622764854
8.191599999999994,8.191599999999993e-06,0.09126014650888625,0.06300932044186847
8.1924,8.1924e-06,0.058822750534773594,0.0639675264412279
8.193199999999997,8.193199999999996e-06,0.07175190030425815,0.0649563809203326
8.194000000000003,8.194000000000002e-06,0.08694387341612508,0.06597746801872739
8.194799999999994,8.194799999999993e-06,0.04266315762637496,0.06703205462418574
8.195599999999999,8.195599999999998e-06,0.06434590059876155,0.06812108063977201
8.196399999999997,8.196399999999997e-06,0.08237377952853697,0.06924515261369164
8.197200000000002,8.197200000000002e-06,0.08234805697994063,0.07040454066826587
8.197999999999993,8.197999999999993e-06,0.07961920239081277,0.07159917857098355
8.198799999999999,8.198799999999998e-06,0.07850556937116204,0.07282866670648622
8.199599999999997,8.199599999999997e-06,0.10326631219632698,0.07409227766311191
8.200400000000002,8.200400000000002e-06,0.06635963201193451,0.0753889641388434
8.2012,8.2012e-06,0.09207683570503689,0.07671736888180702
8.201999999999998,8.201999999999997e-06,0.07692590510469566,0.07807583639721498
8.202800000000003,8.202800000000004e-06,0.09256234794900653,0.0794624261634517
8.203600000000002,8.2036e-06,0.13148559640654678,0.0808749270958391
8.2044,8.204399999999999e-06,0.11295461624133019,0.08231087299107957
8.205199999999998,8.205199999999997e-06,0.07443214665613807,0.08376755871696737
8.206000000000003,8.206000000000002e-06,0.07757691156906843,0.08524205700800191
8.206799999999994,8.206799999999994e-06,0.11569046872472766,0.08673123585894549
8.2076,8.207599999999999e-06,0.09207059415359464,0.08823177660459866
8.208399999999997,8.208399999999998e-06,0.0987643075431811,0.08974019280037981
8.209200000000003,8.209200000000003e-06,0.12098533203111039,0.09125285000831171
8.209999999999994,8.209999999999993e-06,0.06747402137448277,0.09276598659298824
8.210799999999999,8.2108e-06,0.10154744408953664,0.09427573564948835
8.211599999999997,8.211599999999996e-06,0.10806109963871813,0.0957781481964457
8.212400000000002,8.212400000000001e-06,0.11812086680456069,0.09726921774874088
8.213199999999993,8.213199999999993e-06,0.08550057613000805,0.09874490633848072
8.213999999999999,8.213999999999998e-06,0.08677138130148232,0.10020117200867373
8.214799999999997,8.214799999999996e-06,0.10033356922391024,0.10163399777263335
8.215600000000002,8.215600000000001e-06,0.058576495465639034,0.10303942198231367
8.216399999999993,8.216399999999993e-06,0.14688826728460735,0.10441356994260664
8.217199999999998,8.217199999999998e-06,0.07173733668422622,0.10575268644505892
8.217999999999996,8.217999999999997e-06,0.12422277306422425,0.10705316870899209
8.218800000000002,8.218800000000002e-06,0.15831283991642753,0.10831159905406859
8.219599999999993,8.219599999999992e-06,0.14508107260333336,0.10952477651684535
8.220399999999998,8.220399999999997e-06,0.11193422717328538,0.11068974659016464
8.221200000000003,8.221200000000004e-06,0.10434590059879156,0.1118038283278012
8.222000000000001,8.222e-06,0.07858273701708118,0.11286463818946404
8.2228,8.222799999999999e-06,0.1608552066022434,0.11387011011314674
8.223599999999998,8.223599999999997e-06,0.18915033428405925,0.11481851131877682
8.224400000000003,8.224400000000002e-06,0.15836088032225304,0.11570845330162366
8.225200000000001,8.2252e-06,0.13742806148583464,0.11653889749070372
8.225999999999999,8.225999999999999e-06,0.14298374348139398,0.11730915522094572
8.226799999999997,8.226799999999997e-06,0.14020079544646313,0.11801888196517124
8.227600000000002,8.227600000000002e-06,0.17254211060895497,0.11866806608009603
8.228399999999993,8.228399999999994e-06,0.12307225856731263,0.11925701257042824
8.229199999999999,8.229199999999999e-06,0.13161912652685115,0.11978632258028767
8.229999999999997,8.229999999999996e-06,0.10399599899228384,0.12025686951052242
8.230800000000002,8.230800000000003e-06,0.06914692959262503,0.1206697728155508
8.231599999999993,8.231599999999992e-06,0.14473684471683512,0.12102637059843308
8.232399999999998,8.232399999999998e-06,0.0823745358714344,0.12132819205840611
8.233199999999997,8.233199999999996e-06,0.11497818240880753,0.12157693066602135
8.234000000000002,8.234000000000001e-06,0.1148070144684149,0.12177441870565293
8.234799999999993,8.234799999999993e-06,0.126398594006343,0.12192260358641713
8.235599999999998,8.235599999999998e-06,0.16130535005469693,0.12202352610436096
8.236399999999996,8.236399999999996e-06,0.07108141284276126,0.1220793006598414
8.237200000000001,8.237200000000001e-06,0.1802473231665669,0.12209209731568643
8.237999999999992,8.237999999999991e-06,0.12733065649990383,0.1220641255203723
8.238799999999998,8.238799999999998e-06,0.12861829431999205,0.12199761929113746
8.239600000000003,8.239600000000003e-06,0.13980909498556227,0.12189482364679881
8.240400000000001,8.2404e-06,0.16615441945435583,0.12175798210702102
8.2412,8.241199999999998e-06,0.13849932781971974,0.12158932513029602
8.241999999999997,8.241999999999997e-06,0.07522027644364737,0.12139105944096651
8.242800000000003,8.242800000000002e-06,0.14775072785800125,0.12116535829080283
8.2436,8.2436e-06,0.14483349335990858,0.12091435277627652
8.244399999999999,8.244399999999999e-06,0.1119822675791109,0.1206401243432714
8.245199999999997,8.245199999999997e-06,0.06616425420867011,0.1203446985674302
8.246000000000002,8.246000000000002e-06,0.14953995422780597,0.12003004024232755
8.2468,8.2468e-06,0.11211371718226781,0.11969804973126849
8.247599999999998,8.247599999999999e-06,0.1362998648461221,0.11935056040907867
8.248399999999997,8.248399999999995e-06,0.14336504135654782,0.11898933686392246
8.249200000000002,8.249200000000002e-06,0.16796369465277716,0.11861607341639015
8.25,8.249999999999999e-06,0.15387287145771644,0.11823239248850334
8.250799999999998,8.250799999999997e-06,0.11141315762637494,0.11783984242762631
8.251599999999996,8.251599999999996e-06,0.14593672379386236,0.11743989454593091
8.252400000000002,8.2524e-06,0.12709139932506885,0.11703393932802501
8.253199999999993,8.253199999999992e-06,0.0733205941535946,0.11662328192212755
8.253999999999998,8.253999999999998e-06,0.15166641058980912,0.11620913712330705
8.254799999999996,8.254799999999996e-06,0.16153704150380266,0.11579262407556515
8.255600000000001,8.255600000000001e-06,0.1064466344121684,0.11537476088644069
8.256399999999992,8.256399999999993e-06,0.10979736822554509,0.11495645931929484
8.257199999999997,8.257199999999998e-06,0.09434173956449676,0.1145385197492665
8.257999999999996,8.257999999999994e-06,0.1360785759827564,0.11412162660812698
8.2588,8.2588e-06,0.08401339947232067,0.11370634452876445
8.259599999999999,8.259599999999998e-06,0.20023067902938452,0.11329311531378494
8.260399999999997,8.260399999999996e-06,0.11656276405243593,0.11288225574947065
8.261200000000002,8.261200000000001e-06,0.12955735470785268,0.11247395624016862
8.262,8.262e-06,0.07068214665613803,0.11206828028852514
8.262799999999999,8.262799999999998e-06,0.13733841073706088,0.1116651649596992
8.263599999999997,8.263599999999997e-06,0.08690150673034935,0.11126442254924448
8.264400000000002,8.264400000000002e-06,0.11555277757012827,0.11086574365742764
8.2652,8.2652e-06,0.13172485358137165,0.11046870177283162
8.265999999999998,8.265999999999998e-06,0.11954695212211564,0.11007275934456155
8.266799999999996,8.266799999999997e-06,0.09763403038631091,0.10967727522214271
8.267600000000002,8.267600000000002e-06,0.1556369431103174,0.10928151328520612
8.2684,8.268399999999999e-06,0.09402172154091026,0.10888465206635985
8.269199999999998,8.269199999999997e-06,0.09892507289783681,0.10848579517215183
8.269999999999996,8.269999999999995e-06,0.1300859899804856,0.10808398231289822
8.270800000000001,8.2708e-06,0.15629078643466487,0.10767820074736581
8.2716,8.271599999999999e-06,0.0856870640332903,0.10726739692961458
8.272399999999998,8.272399999999997e-06,0.14142299238068934,0.10685048814201144
8.273199999999996,8.273199999999996e-06,0.14897443747794226,0.10642637394150031
8.274000000000001,8.274e-06,0.09288236597259303,0.10599394732718799
8.274799999999992,8.274799999999992e-06,0.09363777531717643,0.10555210563220642
8.275599999999997,8.275599999999997e-06,0.0873815337657341,0.10509976123374538
8.276399999999995,8.276399999999994e-06,0.11924357823569853,0.10463585222379662
8.2772,8.277200000000001e-06,0.14374142185455951,0.1041593531475108
8.277999999999999,8.277999999999998e-06,0.10226748464261382,0.10366928581632023
8.278799999999997,8.278799999999996e-06,0.09524391847513636,0.10316473011828678
8.279600000000002,8.279600000000001e-06,0.10695162765332211,0.10264483472958554
8.2804,8.2804e-06,0.06615101476291829,0.10210882764777679
8.281199999999998,8.281199999999998e-06,0.13928329657293426,0.10155602645097678
8.281999999999996,8.281999999999996e-06,0.09035796759824655,0.10098584810620762
8.282800000000002,8.282800000000001e-06,0.1258289162221844,0.10039781803293633
8.2836,8.2836e-06,0.11330111315641045,0.0997915780270674
8.284399999999998,8.284399999999998e-06,0.12810914004454355,0.09916689260226709
8.285199999999996,8.285199999999997e-06,0.1276291130091587,0.09852365331482066
8.286000000000001,8.286000000000002e-06,0.1458922765908991,0.09786188069918256
8.2868,8.286799999999998e-06,0.10472020057965581,0.09718172355413503
8.287599999999998,8.287599999999997e-06,0.10163936386689276,0.09648345548249711
8.288399999999996,8.288399999999995e-06,0.11799641509571324,0.09576746877717898
8.289200000000001,8.2892e-06,0.10568006613899061,0.09503426591715403
8.29,8.289999999999999e-06,0.08853696563980795,0.09428444905364472
8.290799999999997,8.290799999999997e-06,0.11408224504962028,0.09351870793174986
8.291599999999995,8.291599999999995e-06,0.09938278207602247,0.0927378067258565
8.2924,8.2924e-06,0.06107176659988145,0.09194257027886542
8.293199999999999,8.293199999999999e-06,0.10464851814234122,0.09113387022576336
8.293999999999997,8.293999999999997e-06,0.06446562344193141,0.09031261144267197
8.294799999999995,8.294799999999996e-06,0.09884090735763784,0.08947971917835665
8.2956,8.2956e-06,0.08660172604680427,0.08863612709694135
8.296399999999998,8.296399999999997e-06,0.08396819592649996,0.08778276631321831
8.297199999999997,8.297199999999996e-06,0.13772103278651482,0.08692055536543672
8.298000000000002,8.298000000000001e-06,0.1149072563143605,0.08605039096869672
8.2988,8.2988e-06,0.11415392748692466,0.08517313935268223
8.299599999999998,8.299599999999998e-06,0.07854320719125019,0.08428962803769971
8.300399999999996,8.300399999999996e-06,0.06853280460551325,0.08340063803415912
8.301200000000001,8.301200000000001e-06,0.07834707304508848,0.08250689659655853
8.302,8.302e-06,0.0820929120107935,0.08160907073974372
8.302799999999998,8.302799999999998e-06,0.09261038835483193,0.08070776169708826
8.303599999999996,8.303599999999996e-06,0.0939333949664265,0.07980350040092604
8.304400000000001,8.304400000000001e-06,0.10180693860442325,0.07889674396060277
8.3052,8.3052e-06,0.08877905967464783,0.07798787305218381
8.305999999999997,8.305999999999996e-06,0.05511322521483675,0.07707719012910944
8.306799999999996,8.306799999999995e-06,0.05890426772636248,0.0761649183923928
8.3076,8.3076e-06,0.11692382458754835,0.0752512014734825
8.308399999999999,8.308399999999998e-06,0.11942174407040085,0.07433610374351864
8.309199999999997,8.309199999999997e-06,0.07969863906531416,0.07341961109333986
8.309999999999995,8.309999999999995e-06,0.09629362329467972,0.07250163200975714
8.3108,8.3108e-06,0.06603904615695544,0.07158199885330335
8.311599999999999,8.311599999999998e-06,0.0907816321592162,0.0706604693794263
8.312399999999997,8.312399999999997e-06,0.02315718045039894,0.06973672866017191
8.313199999999995,8.313199999999995e-06,0.09470904165105132,0.06881039161172577
8.314,8.314e-06,0.06152455840088511,0.06788100630731812
8.314799999999998,8.314799999999997e-06,0.06919705051559777,0.06694805816775613
8.315599999999996,8.315599999999995e-06,0.09258882684049041,0.06601097500793447
8.316400000000002,8.3164e-06,0.06077274225920393,0.06506913282038675
8.3172,8.317199999999999e-06,0.09007634373760587,0.06412186211972805
8.317999999999998,8.317999999999997e-06,0.0720435474306782,0.06316845465417412
8.318799999999996,8.318799999999996e-06,0.06489685372862342,0.06220817030198846
8.319600000000001,8.3196e-06,0.05939602152173451,0.0612402439983809
8.3204,8.320399999999999e-06,0.08274883585228865,0.06026389256486654
8.321199999999997,8.321199999999998e-06,0.08920612892704483,0.05927832132327352
8.321999999999996,8.321999999999996e-06,0.06252905967464784,0.05828273037537983
8.3228,8.322800000000001e-06,0.08468331910242488,0.05727632044539383
8.323599999999999,8.3236e-06,0.07762438414343131,0.056258298238448044
8.324399999999997,8.324399999999996e-06,0.031177493654412025,0.055227881354819514
8.325199999999995,8.325199999999994e-06,0.07857384711702897,0.05418430288880385
8.326,8.326e-06,0.06895987385791025,0.05312681590571787
8.326799999999999,8.326799999999998e-06,0.024705636959653887,0.05205469801480396
8.327599999999997,8.327599999999996e-06,0.044905175797183006,0.05096725624520005
8.328399999999995,8.328399999999995e-06,0.04360997225143248,0.049863832395634286
8.3292,8.3292e-06,0.05598060316542275,0.048743808954278774
8.329999999999998,8.329999999999998e-06,0.05065642410747151,0.04760661556456294
8.330799999999996,8.330799999999997e-06,0.0666024823896717,0.046451735874172374
8.331599999999995,8.331599999999995e-06,0.06509790525194747,0.04527871449345349
8.3324,8.3324e-06,0.0730514533958383,0.04408716373267721
8.333199999999998,8.333199999999997e-06,0.07821978447622635,0.04287676979215843
8.333999999999996,8.333999999999995e-06,0.049919171585822375,0.04164729814543714
8.334800000000001,8.3348e-06,0.05307225856731257,0.04039859797529459
8.3356,8.335599999999999e-06,0.05818082248184797,0.039130605669381265
8.336400000000005,8.336400000000004e-06,0.04055637077296048,0.03784334751880078
8.337199999999996,8.337199999999995e-06,0.03589378927662379,0.03653694186251176
8.338000000000001,8.338e-06,0.04772803068081444,0.03521160097923056
8.338799999999999,8.338799999999999e-06,0.017083833599306653,0.033867633051615956
8.339600000000004,8.339600000000004e-06,0.027274482536953526,0.03250544451570796
8.340399999999995,8.340399999999996e-06,-0.018478089947655096,0.03112554305875337
8.3412,8.3412e-06,0.06813561893602738,0.02972854143108574
8.341999999999999,8.341999999999999e-06,0.04200666595341729,0.0283151620853179
8.342799999999997,8.342799999999996e-06,0.0016762453441235836,0.026886242474786465
8.343599999999995,8.343599999999994e-06,0.05265010669206782,0.02544274069231336
8.3444,8.3444e-06,0.026736768852833603,0.023985741044094455
8.345199999999998,8.345199999999998e-06,0.03356344453126181,0.022516459110054024
8.345999999999997,8.345999999999996e-06,0.05414144438401003,0.021036245812268588
8.346799999999995,8.346799999999994e-06,0.004220881058481507,0.019546590000738093
8.3476,8.3476e-06,0.040957717476801325,0.01804911908254932
8.348399999999998,8.348399999999998e-06,0.0885460440512551,0.016545597259491514
8.349199999999996,8.349199999999996e-06,0.0171061514565356,0.015037920993168634
8.349999999999994,8.349999999999995e-06,0.04120737723730328,0.013528111405641342
8.3508,8.3508e-06,0.0042500082985454934,0.012018303472851918
8.351599999999998,8.351599999999998e-06,-0.0002171953944567484,0.010510732052293947
8.352399999999996,8.352399999999995e-06,0.022145113450943832,0.0090077149327704
8.353200000000001,8.3532e-06,0.04220488061672645,0.007511633151501468
8.354,8.353999999999998e-06,0.02344655854813671,0.0060249088085400325
8.354800000000004,8.354800000000003e-06,0.06012438414343135,0.004549980587483
8.355599999999995,8.355599999999995e-06,0.0001968229236031238,0.0030892772315866835
8.3564,8.3564e-06,-0.0007479111843071706,0.0016451893452866639
8.357199999999999,8.357199999999999e-06,-0.008957360640212353,0.00022004005353270031
8.358000000000004,8.358000000000004e-06,0.02544156530698294,-0.001183944816304617
8.358799999999995,8.358799999999995e-06,-0.004502828561429251,-0.002564666314653446
8.3596,8.3596e-06,0.0073594044199397635,-0.003920181017962317
8.360399999999998,8.360399999999999e-06,-0.01844612584761629,-0.005248728091799455
8.361200000000004,8.361200000000004e-06,-0.0006949534012594683,-0.006548754145679113
8.361999999999995,8.361999999999994e-06,-0.03465508333606049,-0.00781893528934887
8.3628,8.362799999999999e-06,-0.04111653744508159,-0.009058195865009836
8.363599999999998,8.363599999999997e-06,0.03459499252797105,-0.010265723444538388
8.364399999999996,8.364399999999996e-06,-0.0047483272877365534,-0.011440979843353374
8.365199999999994,8.365199999999994e-06,-0.02210363823876771,-0.012583708076295295
8.366,8.366e-06,0.025182070792136413,-0.013693935304973917
8.366799999999998,8.366799999999998e-06,-0.005139271405740109,-0.014771971871668642
8.367599999999996,8.367599999999996e-06,-0.012868125994867974,-0.015818406505371075
8.368399999999994,8.368399999999994e-06,-0.044961105571077686,-0.01683409775273853
8.3692,8.3692e-06,-0.0439970789774482,-0.01782016165574237
8.369999999999997,8.369999999999998e-06,0.013344992527971056,-0.018777955711807903
8.370799999999996,8.370799999999994e-06,0.0016741648269761322,-0.019709059247527447
8.3716,8.3716e-06,-0.03678570073235865,-0.020615250484403103
8.372399999999999,8.372399999999998e-06,-0.053571333899331,-0.02149848069679877
8.373200000000004,8.373200000000003e-06,0.007818437772415643,-0.022360845926148325
8.373999999999995,8.373999999999995e-06,-0.03572426915275795,-0.023204556770640414
8.3748,8.3748e-06,-0.00784864499761384,-0.024031906864980284
8.375599999999999,8.375599999999998e-06,0.022288478325492855,-0.02484524077852777
8.376400000000004,8.376400000000003e-06,-0.016725933566476114,-0.025646922134976907
8.377199999999995,8.377199999999995e-06,0.002674505066374122,-0.02643930275791779
8.378,8.378e-06,-0.004890179476630729,-0.02722469357088047
8.378799999999998,8.378799999999998e-06,-0.025809002524409763,-0.028005337850684084
8.379600000000003,8.379600000000004e-06,-0.021434474951590787,-0.028783387288720753
8.380399999999995,8.380399999999993e-06,0.013740854023096882,-0.029560881190638863
8.3812,8.381199999999999e-06,0.0062416103660242195,-0.030339729052238862
8.381999999999998,8.381999999999997e-06,-0.01773516370595629,-0.03112169666714901
8.382800000000003,8.382800000000002e-06,-0.05383347676271777,-0.03190839581028308
8.383599999999994,8.383599999999994e-06,-0.023331320381638654,-0.032701277394246164
8.3844,8.384399999999999e-06,-0.010874443410241907,-0.033501627868187854
8.385199999999998,8.385199999999997e-06,-0.0017703807694993134,-0.03431056857519822
8.385999999999996,8.385999999999996e-06,-0.04439766933836142,-0.03512905778811264
8.386799999999994,8.386799999999994e-06,-0.035882009136004145,-0.03595789513845326
8.387599999999999,8.387599999999999e-06,-0.04586196030735734,-0.036797728112357375
8.388399999999997,8.388399999999997e-06,-0.008203275469849114,-0.03764906025077126
8.389199999999995,8.389199999999994e-06,-0.027130684961684137,-0.038512260701364084
8.39,8.390000000000001e-06,-0.05025048366881557,-0.03938757481308495
8.390799999999999,8.390799999999998e-06,-0.006623611203382951,-0.040275135495763725
8.391600000000004,8.391600000000003e-06,-0.050849288693038064,-0.04117497506857696
8.392399999999995,8.392399999999994e-06,-0.05800714132368734,-0.042087037310821834
8.3932,8.3932e-06,-0.042410416816612284,-0.04301118942992689
8.393999999999998,8.393999999999998e-06,-0.01970860895050075,-0.043947233692915914
8.394800000000004,8.394800000000003e-06,-0.042387342616555856,-0.04489491853643375
8.395599999999995,8.395599999999995e-06,-0.041608291240523454,-0.04585394905453086
8.3964,8.3964e-06,-0.030592063206773545,-0.04682399682223984
8.397199999999998,8.397199999999998e-06,-0.015058510556948623,-0.047804709032190376
8.398000000000003,8.398000000000003e-06,-0.03509955306850432,-0.048795716913542814
8.398799999999994,8.398799999999993e-06,-0.05146776322594959,-0.049796643369632826
8.3996,8.399599999999998e-06,-0.05428286387238379,-0.05080710970756931
8.400399999999998,8.400399999999997e-06,-0.04388151716854305,-0.05182674126141679
8.401200000000003,8.401200000000002e-06,-0.06894620171154797,-0.05285517167412183
8.401999999999994,8.401999999999993e-06,-0.03245694453678294,-0.053892045624520546
8.4028,8.402799999999999e-06,-0.053822317834153255,-0.05493701984985601
8.403599999999997,8.403599999999997e-06,-0.06524064891457126,-0.05598976239114378
8.404400000000003,8.404400000000002e-06,-0.09741514568239973,-0.057049950058743255
8.405199999999994,8.405199999999994e-06,-0.021692456780682545,-0.05811726418661066
8.405999999999999,8.405999999999999e-06,-0.023914237611509126,-0.059191384842872855
8.406799999999997,8.406799999999997e-06,-0.06135579461994678,-0.06027198378727358
8.407600000000002,8.407600000000002e-06,-0.07151845198031492,-0.061358716553993414
8.4084,8.4084e-06,-0.04859289541363265,-0.06245121404698059
8.409199999999998,8.409199999999997e-06,-0.06974813877630193,-0.06354907400056428
8.410000000000004,8.410000000000002e-06,-0.05678626856375113,-0.06465185264998002
8.410799999999995,8.410799999999994e-06,-0.003057262246660253,-0.06575905699227597
8.4116,8.4116e-06,-0.0553297318318523,-0.06687013805809756
8.412399999999998,8.412399999999998e-06,-0.0657081928470713,-0.06798448560533424
8.413200000000003,8.413200000000003e-06,-0.0176182777228312,-0.0691014245585896
8.413999999999994,8.413999999999994e-06,-0.08426886808374456,-0.07022021337619433
8.4148,8.4148e-06,-0.02337311923602181,-0.07134004437863381
8.415599999999998,8.415599999999998e-06,-0.07127787063123003,-0.07246004594388367
8.416400000000003,8.416400000000003e-06,-0.12847449674475286,-0.07357928636263816
8.417199999999994,8.417199999999993e-06,-0.03864282782517081,-0.07469677905828845
8.418,8.418e-06,-0.0400605910740961,-0.07581148884685385
8.418799999999997,8.418799999999996e-06,-0.07070876067846399,-0.07692233895375501
8.419600000000003,8.419600000000002e-06,-0.06029076983754389,-0.07802821856226186
8.420399999999994,8.420399999999993e-06,-0.10921534246930409,-0.07912799066798987
8.421199999999999,8.421199999999998e-06,-0.08679818383524307,-0.08022049995677435
8.421999999999997,8.421999999999997e-06,-0.07494162457382358,-0.08130458038633046
8.422800000000002,8.422800000000002e-06,-0.042077159347343907,-0.08237906219365747
8.423599999999993,8.423599999999993e-06,-0.11109630010510013,-0.08344277815089257
8.424399999999999,8.424399999999998e-06,-0.08581240721587702,-0.08449456898519109
8.425199999999997,8.425199999999997e-06,-0.07384331151706208,-0.08553328792693307
8.426000000000002,8.426000000000002e-06,-0.08639816130572253,-0.08655780438368907
8.426799999999993,8.426799999999992e-06,-0.059461597538438826,-0.08756700679240642
8.427599999999998,8.427599999999997e-06,-0.09171477463791156,-0.08855980476809691
8.428400000000003,8.428400000000004e-06,-0.09677794649516158,-0.0895351307084169
8.429200000000002,8.4292e-06,-0.07445251912702167,-0.09049194102309856
8.43,8.429999999999999e-06,-0.04363734261655583,-0.09142921716014904
8.430799999999998,8.430799999999997e-06,-0.10458548141593355,-0.0923459666110554
8.431600000000003,8.431600000000002e-06,-0.0714280448887138,-0.09324122407174285
8.432399999999994,8.432399999999994e-06,-0.12138624603433057,-0.09411405289032396
8.4332,8.433199999999999e-06,-0.0631378345840169,-0.09496354686987932
8.433999999999997,8.433999999999998e-06,-0.03726705194206337,-0.09578883246207333
8.434800000000003,8.434800000000003e-06,-0.1456204341040102,-0.09658907138879491
8.435599999999994,8.435599999999993e-06,-0.0918613556924931,-0.09736346371829192
8.436399999999999,8.4364e-06,-0.09410545438054874,-0.09811125138079069
8.437199999999997,8.437199999999996e-06,-0.09052454180379405,-0.09883172208556017
8.438000000000002,8.438000000000001e-06,-0.04443379447269502,-0.09952421364060444
8.438799999999993,8.438799999999993e-06,-0.09932106952386477,-0.10018811874102428
8.439599999999999,8.439599999999998e-06,-0.11491930671669459,-0.10082289030719113
8.440399999999997,8.440399999999996e-06,-0.10350721718771894,-0.10142804739680178
8.441200000000002,8.441200000000001e-06,-0.06647684163736656,-0.10200318163956362
8.441999999999993,8.441999999999993e-06,-0.053254909078576884,-0.10254796411337366
8.442799999999998,8.442799999999998e-06,-0.10376387484259064,-0.10306215258715946
8.443599999999996,8.443599999999997e-06,-0.10567547240410524,-0.10354559902579942
8.444400000000002,8.444400000000002e-06,-0.09795493988356707,-0.10399825715216743
8.445199999999993,8.445199999999992e-06,-0.10868954405667619,-0.10442018974417855
8.445999999999998,8.445999999999998e-06,-0.10736370058510686,-0.10481157528556319
8.446800000000003,8.446800000000004e-06,-0.10350589301339896,-0.10517271360648839
8.447600000000001,8.4476e-06,-0.14459096662444837,-0.10550403021688098
8.4484,8.448399999999999e-06,-0.07711668917314485,-0.10580607913005714
8.449199999999998,8.449199999999997e-06,-0.11688159303257462,-0.10607954409535011
8.450000000000003,8.450000000000002e-06,-0.0914760852945391,-0.10632523829878932
8.450800000000001,8.4508e-06,-0.08198732008713527,-0.10654410272126416
8.4516,8.451599999999999e-06,-0.06539933375207929,-0.1067372034289594
8.452399999999997,8.452399999999997e-06,-0.0778450517948116,-0.10690572808950026
8.453200000000002,8.453200000000002e-06,-0.09054610331809565,-0.10705098194755715
8.453999999999994,8.453999999999994e-06,-0.12277828673465946,-0.10717438335899646
8.454799999999999,8.454799999999999e-06,-0.09050789766661477,-0.10727745881289175
8.455599999999997,8.455599999999996e-06,-0.09724889511912921,-0.10736183723246942
8.456400000000002,8.456400000000003e-06,-0.11432106952386478,-0.10742924328198038
8.457199999999993,8.457199999999992e-06,-0.12612618368799144,-0.10748148940589264
8.457999999999998,8.457999999999998e-06,-0.08733381700221554,-0.10752046635930207
8.458799999999997,8.458799999999996e-06,-0.08604825969927465,-0.107548132045143
8.459600000000002,8.459600000000001e-06,-0.11082848352156394,-0.10756649854994783
8.460399999999993,8.460399999999993e-06,-0.10234497593078007,-0.10757761733526773
8.461199999999998,8.461199999999998e-06,-0.10780400928325584,-0.10758356256917595
8.461999999999996,8.461999999999996e-06,-0.1662812753225975,-0.10758641258899553
8.462800000000001,8.462800000000001e-06,-0.108408488027528,-0.10758822952226778
8.463599999999992,8.463599999999991e-06,-0.07970520425903338,-0.10759103720101638
8.464399999999998,8.464399999999998e-06,-0.08205767835008959,-0.10759679768710212
8.465200000000003,8.465200000000003e-06,-0.08694419705843193,-0.10760738692166812
8.466000000000001,8.466e-06,-0.0940942954518843,-0.10762457012457681
8.4668,8.466799999999998e-06,-0.11251746804549284,-0.10764997755968003
8.467599999999997,8.467599999999997e-06,-0.08532765131470488,-0.10768508119556665
8.468400000000003,8.468400000000002e-06,-0.10070459964416922,-0.10773117270390568
8.4692,8.4692e-06,-0.06809130686394638,-0.10778934318399305
8.469999999999999,8.469999999999999e-06,-0.08863734261655587,-0.10786046496635304
8.470799999999997,8.470799999999997e-06,-0.1281962775755794,-0.10794517579373698
8.471600000000002,8.471600000000002e-06,-0.11052454180379406,-0.10804386559157744
8.4724,8.4724e-06,-0.08508915048276733,-0.10815666595529042
8.473199999999999,8.473199999999999e-06,-0.06751746804549286,-0.10828344244716429
8.473999999999997,8.473999999999995e-06,-0.09461744551597218,-0.10842378980872451
8.474800000000002,8.474800000000002e-06,-0.10628902955979447,-0.10857703019217141
8.4756,8.475599999999999e-06,-0.13950472056714192,-0.10874221444932455
8.476399999999998,8.476399999999997e-06,-0.07864225999377805,-0.10891812642118923
8.477199999999996,8.477199999999996e-06,-0.07963768285605377,-0.10910329011991239
8.478000000000002,8.478e-06,-0.09999874339116605,-0.10929597971049179
8.478799999999993,8.478799999999992e-06,-0.10719953053898379,-0.10949423222732997
8.479599999999998,8.479599999999998e-06,-0.12927719015233408,-0.1096958629425538
8.480399999999996,8.480399999999996e-06,-0.08722109205338535,-0.1098984832523853
8.481200000000001,8.481200000000001e-06,-0.05138151716854311,-0.11009952092207713
8.481999999999992,8.481999999999993e-06,-0.10233665386219037,-0.11029624254178039
8.482799999999997,8.482799999999998e-06,-0.13072824167561814,-0.11048577803843998
8.483599999999996,8.483599999999994e-06,-0.10042297578352843,-0.11066514701438157
8.4844,8.4844e-06,-0.12862202265369643,-0.11083128657929255
8.485199999999999,8.485199999999998e-06,-0.10627238542261502,-0.11098108029388515
8.485999999999997,8.485999999999996e-06,-0.07178986176665336,-0.11111138788452274
8.486800000000002,8.486800000000001e-06,-0.056179141470939054,-0.11121907547411998
8.4876,8.4876e-06,-0.10419453729783001,-0.11130104612706677
8.488399999999999,8.488399999999998e-06,-0.1456440761354592,-0.11135427046250468
8.489199999999997,8.489199999999997e-06,-0.10879810797121159,-0.11137581695779689
8.490000000000002,8.490000000000002e-06,-0.09285621072337624,-0.11136288143400477
8.4908,8.4908e-06,-0.10532140976326276,-0.11131281518111807
8.491599999999998,8.491599999999998e-06,-0.12588825068744636,-0.11122315123997288
8.492399999999996,8.492399999999997e-06,-0.08557598690098689,-0.11109162843637062
8.493200000000002,8.493200000000002e-06,-0.11994862246819316,-0.11091621281679011
8.494,8.493999999999999e-06,-0.11172309670650116,-0.11069511617524946
8.494799999999998,8.494799999999997e-06,-0.13126671170256554,-0.11042681140581535
8.495599999999996,8.495599999999995e-06,-0.09241306516525233,-0.1101100444740445
8.496400000000001,8.4964e-06,-0.08393712330013081,-0.1097438428830732
8.4972,8.497199999999999e-06,-0.1579765013979686,-0.1093275206102619
8.497999999999998,8.497999999999997e-06,-0.13491514568239976,-0.10886067958265298
8.498799999999996,8.498799999999996e-06,-0.05321935177563575,-0.1083432078439284
8.499600000000001,8.4996e-06,-0.08430234486953792,-0.10777527467703454
8.500399999999992,8.500399999999992e-06,-0.06857549493362591,-0.10715732307791835
8.501199999999997,8.501199999999997e-06,-0.09061986627251745,-0.10649006004294823
8.501999999999995,8.501999999999994e-06,-0.12807390638383953,-0.10577444507073457
8.5028,8.502800000000001e-06,-0.1099465419510457,-0.10501167712988746
8.503599999999999,8.503599999999998e-06,-0.09823599591281518,-0.10420318021477308
8.504399999999997,8.504399999999996e-06,-0.09113393792518837,-0.10335058757696955
8.505200000000002,8.505200000000001e-06,-0.053542774490659806,-0.10245572477381126
8.506,8.506e-06,-0.06135655096277404,-0.10152059174404843
8.506799999999998,8.506799999999998e-06,-0.10389551295718241,-0.10054734412231786
8.507599999999996,8.507599999999996e-06,-0.12083548141593353,-0.09953827390528848
8.508400000000002,8.508400000000001e-06,-0.10119729829387314,-0.09849578942694848
8.5092,8.5092e-06,-0.09388567820283789,-0.09742239448532848
8.509999999999998,8.509999999999998e-06,-0.12989850154522037,-0.09632066645839486
8.510799999999996,8.510799999999997e-06,-0.07935530265248558,-0.09519323334346103
8.511600000000001,8.511600000000002e-06,-0.11507307417698048,-0.09404274979981828
8.5124,8.512399999999998e-06,-0.05343912795324679,-0.09287187243131975
8.513199999999998,8.513199999999997e-06,-0.10454859993867249,-0.09168323469296653
8.513999999999996,8.513999999999995e-06,-0.014554273658722194,-0.09047942191525363
8.514800000000001,8.5148e-06,-0.10336744551597216,-0.08926294698279261
8.5156,8.515599999999999e-06,-0.09018920381727824,-0.08803622716617265
8.516399999999997,8.516399999999997e-06,-0.09355941862783912,-0.08680156250773134
8.517199999999995,8.517199999999995e-06,-0.028528210870627957,-0.08556111606123344
8.518,8.518e-06,-0.1260838170022156,-0.08431689623734923
8.518799999999999,8.518799999999999e-06,-0.08262811247717566,-0.08307074150758471
8.519599999999997,8.519599999999997e-06,-0.02631475210839096,-0.08182430773186639
8.520399999999995,8.520399999999996e-06,-0.04843156222758438,-0.0805790583881748
8.5212,8.5212e-06,-0.04809906110104334,-0.07933625798608063
8.521999999999998,8.521999999999997e-06,-0.08100797353054634,-0.07809696888976823
8.522799999999997,8.522799999999996e-06,-0.08079859993867256,-0.0768620516307166
8.523600000000002,8.523600000000001e-06,-0.05369654195104567,-0.07563216861009875
8.5244,8.5244e-06,-0.057534868525499605,-0.07440779096127359
8.525199999999998,8.525199999999998e-06,-0.029366461581150194,-0.07318920828738706
8.525999999999996,8.525999999999996e-06,-0.09626538752834546,-0.07197654095994976
8.526800000000001,8.526800000000001e-06,-0.06858116865357555,-0.07076975460810431
8.5276,8.5276e-06,-0.0634830073247773,-0.06956867634934834
8.528399999999998,8.528399999999998e-06,-0.04744030039960356,-0.06837301226195092
8.529199999999996,8.529199999999996e-06,-0.05657367879184483,-0.06718236560570935
8.530000000000001,8.530000000000001e-06,-0.06600664935632627,-0.06599625533022206
8.5308,8.5308e-06,-0.08342948171043696,-0.06481413442388734
8.531599999999997,8.531599999999996e-06,-0.08509747255135702,-0.06363540765402968
8.532399999999996,8.532399999999995e-06,-0.025112792514216276,-0.06245944827326551
8.5332,8.5332e-06,-0.06498626028828147,-0.061285613350552354
8.533999999999999,8.533999999999998e-06,-0.08498834080542894,-0.0601132575039932
8.534799999999997,8.534799999999997e-06,-0.018419079124699866,-0.058941744914831555
8.535599999999995,8.535599999999995e-06,-0.08193738767559722,-0.05777045957014149
8.5364,8.5364e-06,-0.05209172296737585,-0.05659881373703465
8.537199999999999,8.537199999999998e-06,-0.04020111908877011,-0.05542625472969782
8.537999999999997,8.537999999999997e-06,-0.06935038527536341,-0.05425227009103647
8.538799999999995,8.538799999999995e-06,-0.03796969201503375,-0.053076391372364945
8.5396,8.5396e-06,-0.016017808284890744,-0.05189819675536561
8.540399999999998,8.540399999999997e-06,-0.04231093131359387,-0.050717312808496014
8.541199999999996,8.541199999999995e-06,-0.026833741138184042,-0.04953341568380476
8.542000000000002,8.542e-06,-0.0401615892629692,-0.04834623202158539
8.5428,8.542799999999999e-06,-0.054014479457454745,-0.047155539748317966
8.543599999999998,8.543599999999997e-06,-0.08521360219165469,-0.04596116886759205
8.544399999999996,8.544399999999996e-06,-0.043478846290482376,-0.04476300230318532
8.545200000000001,8.5452e-06,-0.004269056595179177,-0.04356097689524173
8.546,8.546e-06,0.00045612892701485386,-0.04235508476923542
8.546799999999998,8.546799999999998e-06,-0.012650998165797178,-0.04114537541903411
8.547599999999996,8.547599999999996e-06,0.01406352039529346,-0.039931958866830916
8.5484,8.548400000000001e-06,-0.016793454969555532,-0.0387150101378588
8.549199999999999,8.5492e-06,-0.023833665274152427,-0.03749477505359814
8.549999999999997,8.549999999999996e-06,-0.037822166106189936,-0.0362715770751169
8.550799999999995,8.550799999999994e-06,-0.04380094483128627,-0.03504582468393529
8.5516,8.5516e-06,-0.058221620804218,-0.03381801862396029
8.552399999999999,8.552399999999998e-06,-0.0810372892820449,-0.03258875827729804
8.553199999999997,8.553199999999996e-06,-0.0500564300398012,-0.03135874651922696
8.553999999999995,8.553999999999995e-06,0.00907467932385786,-0.030128792586893362
8.5548,8.5548e-06,0.007274482536953508,-0.028899812764518206
8.555599999999998,8.555599999999998e-06,-0.05577647059287838,-0.02767282894462498
8.556399999999996,8.556399999999997e-06,-0.0024834234282067325,-0.02644896527089792
8.557199999999995,8.557199999999995e-06,-0.02785772340913084,-0.025229443087987594
8.558,8.558e-06,-0.003908752402894344,-0.02401557439297626
8.558799999999998,8.558799999999998e-06,-0.035053781691261165,-0.022808753971858373
8.559599999999996,8.559599999999995e-06,0.0059229165166877484,-0.02161045041627234
8.560400000000001,8.5604e-06,0.008363149350805177,-0.02042219622837145
8.5612,8.561199999999999e-06,-0.00993481519098871,-0.01924557722148733
8.562000000000005,8.562000000000004e-06,-0.04207091779590144,-0.018082221397710284
8.562799999999996,8.562799999999995e-06,-0.00886979040858582,-0.016933787428838085
8.563600000000001,8.5636e-06,0.01424017354430096,-0.01580195281916263
8.5644,8.564399999999999e-06,0.014918415242994865,-0.014688401826202267
8.565200000000004,8.565200000000004e-06,-0.055629701026862044,-0.013594813242021102
8.565999999999995,8.565999999999996e-06,0.016201135685861123,-0.012522848141511667
8.5668,8.5668e-06,0.01195654503044441,-0.011474137678240317
8.567599999999999,8.567599999999999e-06,0.026850817975983765,-0.010450270991955616
8.568399999999997,8.568399999999996e-06,-0.0038245868627353463,-0.0094527832869216
8.569199999999995,8.569199999999994e-06,-0.023444045330468954,-0.008483144099090253
8.57,8.57e-06,0.0162177798230404,-0.007542745677149578
8.570799999999998,8.570799999999998e-06,-0.035560855449562445,-0.0066328913099626945
8.571599999999997,8.571599999999996e-06,-0.014111884443425704,-0.005754783399709846
8.572399999999995,8.572399999999994e-06,0.0006049790102787833,-0.004909511119915665
8.5732,8.5732e-06,0.006641444384010042,-0.004098037593628756
8.573999999999998,8.573999999999998e-06,-0.006667490574913448,-0.003321186652202475
8.574799999999996,8.574799999999996e-06,0.025741345990557885,-0.002579629351940611
8.575599999999994,8.575599999999995e-06,-0.04141083292004166,-0.0018738705038948062
8.5764,8.5764e-06,0.01851464778260903,-0.0012042355139390574
8.577199999999998,8.577199999999998e-06,0.007149842316631294,-0.0005708578664429293
8.577999999999996,8.577999999999995e-06,0.0317123704784571,2.6332360026421766e-05
8.578800000000001,8.5788e-06,0.021366629906304224,0.0005876184960033552
8.5796,8.579599999999998e-06,0.01069122506758513,0.0011135053331982369
8.580400000000004,8.580400000000003e-06,0.010743426507705434,0.0016047248010488554
8.581199999999995,8.581199999999995e-06,0.04974308626830748,0.002062238937594714
8.582,8.582e-06,-0.0008265915158510717,0.00248723992904114
8.582799999999999,8.582799999999999e-06,0.013959873857880223,0.002881147093334016
8.583600000000004,8.583600000000004e-06,0.049206128927014814,0.0032456007878066562
8.584399999999995,8.584399999999995e-06,0.036582245049620266,0.0035824533298949787
8.5852,8.5852e-06,0.001148934245740807,0.003893757133311917
8.585999999999999,8.585999999999999e-06,-0.0375899068255946,0.004181750393560967
8.586800000000004,8.586800000000004e-06,-0.00616609053666195,0.0044488407924548135
8.587599999999995,8.587599999999994e-06,0.008508406231166776,0.004697587760450172
8.5884,8.588399999999999e-06,0.03371078192877086,0.004930683777160883
8.589199999999998,8.589199999999997e-06,0.003765820228865846,0.005150935037541169
8.589999999999996,8.589999999999996e-06,0.026289462260414842,0.005361241666213247
8.590799999999994,8.590799999999994e-06,0.012094236185043683,0.005564577596034614
8.5916,8.5916e-06,0.013470768411078415,0.0057639702325367375
8.592399999999998,8.592399999999998e-06,0.009482267579140835,0.005962480059814191
8.593199999999996,8.593199999999996e-06,-0.0015326362803891325,0.006163180373516493
8.593999999999994,8.593999999999994e-06,0.001820178050165211,0.0063691373366058365
8.5948,8.5948e-06,0.023538289814057922,0.006583390532482511
8.595599999999997,8.595599999999998e-06,0.016372871457746463,0.006808934136449923
8.596399999999996,8.596399999999994e-06,0.00047560992426909365,0.007048698758539499
8.5972,8.5972e-06,0.02495529672015595,0.007305533956463577
8.597999999999999,8.597999999999998e-06,0.01778912202091698,0.007582191388060558
8.598800000000004,8.598800000000003e-06,0.0032065450304443743,0.007881308557671197
8.599599999999995,8.599599999999995e-06,0.04251998126316081,0.00820539310134294
8.6004,8.6004e-06,0.031394432972048136,0.008556807554882669
8.601199999999999,8.601199999999998e-06,0.009742329925379933,0.008937754566538097
8.602000000000004,8.602000000000003e-06,0.005097148909050109,0.009350262562821466
8.602799999999995,8.602799999999995e-06,0.004578916222184426,0.009796171944091409
8.6036,8.6036e-06,0.008277471124891411,0.010277121937464237
8.604399999999998,8.604399999999998e-06,0.04134015101478039,0.010794538229789749
8.605200000000004,8.605200000000004e-06,0.010215359066495178,0.011349621447508923
8.605999999999995,8.605999999999993e-06,0.04462203925088748,0.011943336488635202
8.6068,8.606799999999999e-06,0.004212370478457128,0.012576402688656636
8.607599999999998,8.607599999999997e-06,0.041729770958564005,0.013249284826068323
8.608400000000003,8.608400000000002e-06,0.018600893839915367,0.013962185023577668
8.609199999999994,8.609199999999994e-06,0.030455372584187512,0.01471503565445756
8.61,8.609999999999999e-06,0.03847909047966813,0.015507493412680717
8.610799999999998,8.610799999999997e-06,0.008573090774171455,0.016338934754875627
8.611599999999996,8.611599999999996e-06,-0.0026859876372455904,0.01720845297330246
8.612399999999994,8.612399999999994e-06,0.00971736371961085,0.01811485719630769
8.613199999999999,8.613199999999999e-06,0.03862661638861187,0.019056673603312993
8.613999999999997,8.613999999999997e-06,0.045055350054666876,0.020032149066752193
8.614799999999995,8.614799999999994e-06,0.025377448595470864,0.0210392573262869
8.6156,8.615600000000001e-06,0.008486088373937717,0.02207570772638884
8.616399999999999,8.616399999999998e-06,-0.008676493122399043,0.023138956534233174
8.617200000000004,8.617200000000003e-06,0.03048941720137366,0.024226220854862625
8.617999999999995,8.617999999999994e-06,0.09609805697994056,0.025334495106667198
8.6188,8.6188e-06,0.029306938604453325,0.02646056990837213
8.619599999999998,8.619599999999998e-06,0.01477372619402606,0.02760105313942092
8.620400000000004,8.620400000000003e-06,0.02463943973089422,0.028752392944072773
8.621199999999995,8.621199999999995e-06,0.059915578382920276,0.02991090252761161
8.622,8.622e-06,0.009218612029899376,0.031072786646583604
8.622799999999998,8.622799999999998e-06,0.03484597646279319,0.03223416968214958
8.623600000000003,8.623600000000003e-06,0.05783640608391505,0.03339112513735673
8.624399999999994,8.624399999999993e-06,0.062065676776472345,0.034539706347859404
8.6252,8.625199999999998e-06,0.03309306373878684,0.03567597815615156
8.625999999999998,8.625999999999997e-06,0.06711088032222301,0.03679604929489987
8.626800000000003,8.626800000000002e-06,0.027926056832688895,0.037896105269177624
8.627599999999994,8.627599999999993e-06,-0.0012266140453717211,0.03897244159545505
8.6284,8.628399999999999e-06,0.03719296534533456,0.040021497298017905
8.629199999999997,8.629199999999997e-06,0.02654536357235926,0.04103988853398076
8.630000000000003,8.630000000000002e-06,0.07408773025823523,0.042024442095267116
8.630799999999994,8.630799999999994e-06,0.043300356813513186,0.04297222835347034
8.631599999999999,8.631599999999999e-06,0.044297860192936134,0.04388059304748942
8.632399999999997,8.632399999999997e-06,0.10476048674831417,0.04474718722096309
8.633200000000002,8.633200000000002e-06,0.05199323799627065,0.045569994600633365
8.634,8.634e-06,0.048313596259324965,0.04634735575083107
8.634799999999998,8.634799999999997e-06,0.07601805247407656,0.047077988433281745
8.635600000000004,8.635600000000002e-06,0.057198450553849534,0.047761003723141966
8.636399999999995,8.636399999999994e-06,0.0491266922525434,0.0483959175437478
8.6372,8.6372e-06,0.0756382672846373,0.04898265736585105
8.637999999999998,8.637999999999998e-06,0.07075723378490983,0.0495215638809863
8.638800000000003,8.638800000000003e-06,0.06747534554880286,0.05001338751669285
8.639599999999994,8.639599999999994e-06,0.05516183345205483,0.05045927972790645
8.6404,8.6404e-06,0.08888951559489577,0.05086077908497566
8.641199999999998,8.641199999999998e-06,0.08235146167140805,0.05121979227969044
8.642000000000003,8.642000000000003e-06,0.0294035872474967,0.051538570278353533
8.642799999999994,8.642799999999993e-06,0.10029044619523697,0.05181967996825075
8.6436,8.6436e-06,0.09092972589955262,0.05206597176748651
8.644399999999997,8.644399999999996e-06,0.03752262961180075,0.05228054378588727
8.645200000000003,8.645200000000002e-06,0.029064844569613446,0.0524667032404378
8.645999999999994,8.645999999999993e-06,0.04161761384112639,0.05262792594106237
8.646799999999999,8.646799999999998e-06,0.03916149321265705,0.052767814722034
8.647599999999997,8.647599999999997e-06,0.08896119803220026,0.05289005764498627
8.648400000000002,8.648400000000002e-06,0.05937086680453074,0.052998386659601965
8.649199999999993,8.649199999999993e-06,0.054100969703947066,0.05309653726302205
8.649999999999999,8.649999999999998e-06,0.043969520100789916,0.05318820961902215
8.650799999999997,8.650799999999997e-06,0.05246626713738567,0.05327703158085933
8.651600000000002,8.651600000000002e-06,0.03917057162407389,0.053366524051328024
8.652399999999993,8.652399999999992e-06,0.10188751094174009,0.05346006906359372
8.653199999999998,8.653199999999997e-06,0.05721528320246361,0.053560880882025486
8.654000000000003,8.654000000000004e-06,0.043538857645550655,0.05367198034941208
8.654800000000002,8.6548e-06,0.029260978715775265,0.05379617268329818
8.6556,8.655599999999999e-06,0.019139931698355372,0.05393602892929323
8.656399999999998,8.656399999999997e-06,0.08017828907779945,0.054093871240967165
8.657200000000003,8.657200000000002e-06,0.04238002107997918,0.05427176202438472
8.657999999999994,8.657999999999994e-06,0.09026188678656588,0.05447149679045424
8.6588,8.6588e-06,0.09371210610306091,0.05469460038338479
8.659599999999998,8.659599999999998e-06,0.07709064298224144,0.05494232616776061
8.660400000000003,8.660400000000003e-06,0.04309722477308153,0.055215657782075156
8.661199999999994,8.661199999999993e-06,0.06784189129252993,0.055515313178465434
8.661999999999999,8.662e-06,0.017125443942255014,0.05584175080134676
8.662799999999997,8.662799999999996e-06,0.08748366761739257,0.056195177834692134
8.663600000000002,8.663600000000001e-06,0.046413913969202136,0.056575560432029784
8.664399999999993,8.664399999999993e-06,0.08101880881690393,0.056982635759425276
8.665199999999999,8.665199999999998e-06,0.049817417054122015,0.05741592558694234
8.665999999999997,8.665999999999996e-06,0.05796917986139216,0.05787475110081519
8.666800000000002,8.666800000000001e-06,0.08821127389620187,0.05835824857857076
8.667599999999993,8.667599999999993e-06,0.09950572109915512,0.058865385552579946
8.668399999999998,8.668399999999998e-06,0.02485921590850504,0.05939497708334711
8.669199999999996,8.669199999999997e-06,0.06713036131947725,0.05994570179299655
8.670000000000002,8.670000000000002e-06,0.07968029373101526,0.06051611736555444
8.670799999999993,8.670799999999992e-06,0.13860770322282023,0.06110467525924732
8.671599999999998,8.671599999999998e-06,0.032341059085670976,0.061709734385980035
8.672400000000003,8.672400000000004e-06,0.06071543493052678,0.06232957355115297
8.673200000000001,8.6732e-06,0.0782008713104948,0.06296240254948839
8.674,8.673999999999999e-06,0.06920045520706519,0.06360637192459442
8.674799999999998,8.674799999999997e-06,0.10255667422898684,0.06425958145004558
8.675600000000003,8.675600000000002e-06,0.0605575064358459,0.06492008738760352
8.676400000000001,8.6764e-06,0.04494470562298414,0.06558590858503821
8.6772,8.677199999999999e-06,0.07234389594564572,0.06625503151243253
8.677999999999997,8.677999999999997e-06,0.09985354218852549,0.0669254143620731
8.678800000000003,8.678800000000002e-06,0.08881083526328182,0.06759499031689058
8.679599999999994,8.679599999999994e-06,0.09080300516215323,0.06826167005263503
8.680399999999999,8.680399999999999e-06,0.11301305923289262,0.06892334354549798
8.681199999999997,8.681199999999996e-06,0.05749898758025174,0.06957788134320358
8.682000000000002,8.682000000000003e-06,0.07787385539256864,0.07022313560082279
8.682799999999993,8.682799999999992e-06,0.039858459565677684,0.07085694133083875
8.683599999999998,8.683599999999998e-06,0.1063448798804979,0.07147711841418597
8.684399999999997,8.684399999999996e-06,0.0791942136555931,0.07208147493123084
8.685200000000002,8.685200000000001e-06,0.08085104556797851,0.0726678123189973
8.685999999999993,8.685999999999993e-06,0.022384182114274176,0.07323393280263704
8.686799999999998,8.686799999999998e-06,0.025265291478033247,0.07377764951232194
8.687599999999996,8.687599999999996e-06,0.10072092013904166,0.07429679963180706
8.688400000000001,8.688400000000001e-06,0.02982573912271158,0.07478926075990333
8.689199999999992,8.689199999999991e-06,0.07513875925199842,0.0752529704003285
8.689999999999998,8.689999999999998e-06,0.10233614170847871,0.07568594820377647
8.690799999999996,8.690799999999995e-06,0.10231949757129932,0.07608632033925364
8.691600000000001,8.6916e-06,0.04690699193896419,0.07645234520098906
8.6924,8.692399999999998e-06,0.138053345401551,0.07678243957538886
8.693199999999997,8.693199999999997e-06,0.085328651846718,0.07707520438998608
8.694000000000003,8.694000000000002e-06,0.09260736298335237,0.07732944921115434
8.6948,8.6948e-06,0.1225294389946357,0.07754421473298811
8.695599999999999,8.695599999999999e-06,0.05070011496756732,0.07771879260910444
8.696399999999997,8.696399999999997e-06,0.1112858690575127,0.0778527421096663
8.697200000000002,8.697200000000002e-06,0.11436594942740841,0.07794590320755555
8.698,8.698e-06,0.08084272349938881,0.07799840579346334
8.698799999999999,8.698799999999999e-06,0.06515899659208002,0.0780106748033211
8.699599999999997,8.699599999999995e-06,0.10238342577144677,0.07798343113189796
8.700400000000002,8.700400000000002e-06,0.09569311707329786,0.07791768828913834
8.701199999999993,8.701199999999992e-06,0.08840116649095131,0.07781474480330289
8.701999999999998,8.701999999999997e-06,0.10053386440436674,0.07767617239869568
8.702799999999996,8.702799999999996e-06,0.08765615973210517,0.07750380001409221
8.703600000000002,8.7036e-06,0.14702936313063408,0.07729969379717874
8.704399999999993,8.704399999999992e-06,0.06448283541053346,0.07706613330726284
8.705199999999998,8.705199999999998e-06,0.11380667422898683,0.07680558428940451
8.705999999999996,8.705999999999996e-06,0.05955792253927539,0.07652066854989087
8.706800000000001,8.706800000000001e-06,0.07970053107099684,0.07621413163335884
8.707599999999992,8.707599999999993e-06,0.03715740804239376,0.07588880912237808
8.708399999999997,8.708399999999998e-06,0.06564091563317753,0.07554759241242782
8.709199999999996,8.709199999999994e-06,0.08705716619644788,0.07519339474724843
8.71,8.71e-06,0.09129683947464251,0.0748291181484883
8.710799999999999,8.710799999999998e-06,0.09807415057302526,0.07445762169404863
8.711599999999997,8.711599999999996e-06,0.05961012397939558,0.07408169146551472
8.712400000000002,8.712400000000001e-06,0.07578919788494853,0.0737040124354402
8.7132,8.7132e-06,0.07419345731269555,0.07332714257207493
8.713999999999999,8.713999999999998e-06,0.08082664719360222,0.07295348944136754
8.714799999999997,8.714799999999997e-06,0.09867446828300241,0.07258528955152121
8.715600000000002,8.715600000000002e-06,0.08550814185570033,0.07222459063345729
8.7164,8.7164e-06,0.04692079921606884,0.07187323702115626
8.717199999999998,8.717199999999998e-06,0.07101597195692899,0.07153285830300662
8.717999999999996,8.717999999999997e-06,0.06524316213223902,0.0712048614272588
8.718800000000002,8.718800000000002e-06,0.03167189579839402,0.0708904264108279
8.7196,8.719599999999999e-06,0.0849509471744263,0.07059050569763864
8.720399999999998,8.720399999999997e-06,0.041723340895686856,0.0703058270533515
8.721199999999996,8.721199999999995e-06,0.11997458920594539,0.070036899693978
8.722000000000001,8.722e-06,0.12703144364778152,0.06978402316311147
8.7228,8.722799999999999e-06,0.06311462525308842,0.06954729835377862
8.723599999999998,8.723599999999997e-06,0.11386436087769203,0.06932664007335555
8.724399999999996,8.724399999999996e-06,0.0674452734544767,0.0691217906781598
8.725200000000001,8.7252e-06,0.007225685788200598,0.06893233449092945
8.725999999999992,8.725999999999992e-06,0.09801570758146272,0.06875771286457975
8.726799999999997,8.726799999999997e-06,0.05590608386807361,0.06859723980027044
8.727599999999995,8.727599999999994e-06,0.09083913029648666,0.06845011795361255
8.7284,8.728400000000001e-06,0.06915506314977998,0.06831545472494704
8.729199999999999,8.729199999999998e-06,0.12179426699010398,0.06819227801354294
8.729999999999997,8.729999999999996e-06,0.07453919788494856,0.0680795511715277
8.730800000000002,8.730800000000001e-06,0.06575288423918024,0.06797618672587132
8.7316,8.7316e-06,0.06826479951057207,0.0678810585270396
8.732399999999998,8.732399999999998e-06,0.0951450008034408,0.06779301208824018
8.733199999999997,8.733199999999996e-06,0.06815075038752194,0.06771087294932798
8.734000000000002,8.734000000000001e-06,0.09670385989846275,0.06763345292455852
8.7348,8.7348e-06,0.09834764087651116,0.06755955410970284
8.735599999999998,8.735599999999998e-06,0.07606117550267955,0.0674879705689628
8.736399999999996,8.736399999999997e-06,0.09506159160613903,0.06741748770784145
8.737200000000001,8.737200000000002e-06,0.08729093816269817,0.0673468794572923
8.738,8.737999999999998e-06,0.10745454037732849,0.06727490353009667
8.738799999999998,8.738799999999997e-06,0.08064450883607954,0.06720029515122579
8.739599999999996,8.739599999999995e-06,0.05968596745096477,0.06712175981359811
8.740400000000001,8.7404e-06,0.037463430277310916,0.06703796576534927
8.7412,8.741199999999999e-06,0.02514367662922068,0.06694753705376191
8.741999999999997,8.741999999999997e-06,0.07233406119130126,0.06684904796857113
8.742799999999995,8.742799999999995e-06,0.04066398983323394,0.06674101960533814
8.7436,8.7436e-06,0.05107365860556423,0.06662191903660995
8.744399999999999,8.744399999999999e-06,0.0768145043301155,0.06649016130739613
8.745199999999997,8.745199999999997e-06,0.12928594492151424,0.0663441142228093
8.745999999999995,8.745999999999996e-06,0.07186462525308845,0.06618210570673869
8.7468,8.7468e-06,0.06538293380398563,0.06600243342125328
8.747599999999998,8.747599999999997e-06,0.06836220449654307,0.06580337636786696
8.748399999999997,8.748399999999996e-06,0.04342972589952265,0.06558320829310332
8.749200000000002,8.749200000000001e-06,0.06642772124640683,0.06534021279489866
8.75,8.75e-06,0.07706700095069252,0.06507270001450038
8.750799999999998,8.750799999999998e-06,0.052601309943344776,0.06477902471266614
8.751599999999996,8.751599999999996e-06,0.05794761834699058,0.0644576054162412
8.752400000000002,8.752400000000001e-06,0.10633239677761341,0.0641069442182827
8.7532,8.7532e-06,0.0634728489282258,0.06372564673295521
8.753999999999998,8.753999999999998e-06,0.09285437439541433,0.06331244165316732
8.754799999999996,8.754799999999996e-06,0.0596415202480417,0.06286619935363288
8.755600000000001,8.755600000000001e-06,0.0950031486145767,0.06238594902989963
8.7564,8.7564e-06,0.07657732767249792,0.06187089394062949
8.757199999999997,8.757199999999996e-06,0.11794553782987305,0.061320424403571966
8.757999999999996,8.757999999999995e-06,0.0717713813015124,0.06073412829337268
8.7588,8.7588e-06,0.04463376601084457,0.06011179892500526
8.759599999999999,8.759599999999998e-06,0.05641939917781713,0.059453440376555484
8.760399999999997,8.760399999999997e-06,0.08357857598275642,0.05875927045738148
8.761199999999995,8.761199999999995e-06,0.026198866657278996,0.05802972160178235
8.762,8.762e-06,0.058066584847263014,0.05726543995565266
8.762799999999999,8.762799999999999e-06,0.08552970337010202,0.05646728286116061
8.763599999999997,8.763599999999997e-06,0.07141731866066969,0.055636314864316194
8.764399999999995,8.764399999999995e-06,0.07689942621320178,0.054773802297755345
8.7652,8.7652e-06,0.04741690255724018,0.053881206463838496
8.765999999999998,8.765999999999997e-06,0.03279536357235924,0.05296017547824846
8.766799999999996,8.766799999999995e-06,0.0165843255667677,0.05201253489095133
8.767600000000002,8.7676e-06,0.05422617775566174,0.051040277206049756
8.7684,8.768399999999999e-06,0.06284680866965209,0.050045550326891834
8.769199999999998,8.769199999999997e-06,0.12133655781190811,0.04903064477823127
8.769999999999996,8.769999999999996e-06,0.08110921590853504,0.04799797939301827
8.770800000000001,8.7708e-06,0.050889439730894215,0.046950085104960376
8.7716,8.7716e-06,0.03005118902037207,0.04588958660280175
8.772399999999998,8.772399999999998e-06,0.09714908597377403,0.044819181813725656
8.773199999999996,8.773199999999996e-06,0.045209117515052855,0.043741619374296686
8.774000000000001,8.774000000000001e-06,0.07354736822554508,0.04265967436136159
8.774799999999999,8.7748e-06,0.06633598998048562,0.041576122631000335
8.775599999999997,8.775599999999996e-06,0.07827104106201432,0.04049371420920439
8.776399999999995,8.776399999999994e-06,0.006361712529081909,0.03941514630878997
8.7772,8.7772e-06,-0.0018401712010609472,0.03834303669182983
8.777999999999999,8.777999999999998e-06,-0.0024251689480789818,0.03727989820359741
8.778799999999997,8.778799999999996e-06,0.025158996592079985,0.036228115293471794
8.779599999999995,8.779599999999995e-06,0.03548393199285871,0.035189923161963566
8.7804,8.7804e-06,0.10763119352630612,0.03416738987783139
8.781199999999998,8.781199999999998e-06,0.029640763905214307,0.033162401520592306
8.781999999999996,8.781999999999997e-06,0.04196127389623183,0.032176650242248944
8.782799999999995,8.782799999999995e-06,-0.004011074765987388,0.031211625142997863
8.7836,8.7836e-06,0.020788441542121228,0.03026860594317998
8.784399999999998,8.784399999999998e-06,0.02177629867863451,0.029348659481482332
8.785199999999996,8.785199999999995e-06,0.058982759546501784,0.028452639005182474
8.786000000000001,8.786e-06,0.06068630769046279,0.02758118607222047
8.7868,8.786799999999999e-06,0.03924849561289068,0.026734734749833785
8.787600000000005,8.787600000000004e-06,0.02774108161509159,0.025913517749607658
8.788399999999996,8.788399999999995e-06,0.02883390946333808,0.025117574193852694
8.789200000000001,8.7892e-06,0.05375882233459628,0.024346758805818023
8.79,8.789999999999999e-06,0.022678477589234136,0.023600752392843632
8.790800000000004,8.790800000000004e-06,0.033694705622984045,0.022879073533141878
8.791599999999995,8.791599999999996e-06,0.01547409723851434,0.022181091406529765
8.7924,8.7924e-06,0.028760902851743597,0.02150603973711415
8.793199999999999,8.793199999999999e-06,0.031189220414469254,0.020853031826383404
8.793999999999997,8.793999999999996e-06,-0.008385034507413791,0.020221076636955514
8.794799999999995,8.794799999999994e-06,0.01791849110692656,0.019609095845314693
8.7956,8.7956e-06,0.018107627358818768,0.019015941717544383
8.796399999999998,8.796399999999998e-06,0.033408164385221095,0.018440415566281412
8.797199999999997,8.797199999999996e-06,0.0598348175342287,0.017881286428533958
8.797999999999995,8.797999999999994e-06,0.021198298825886197,0.017337309506543178
8.7988,8.7988e-06,0.03197243282479634,0.016807243887251282
8.799599999999998,8.799599999999998e-06,0.019533712676333748,0.0162898691101056
8.800399999999996,8.800399999999996e-06,0.03603129191978849,0.0157840002483866
8.801199999999994,8.801199999999995e-06,0.01578503685065369,0.015288501255069425
8.802,8.802e-06,0.02384298787475514,0.014802296380001481
8.802799999999998,8.802799999999998e-06,0.04595828530819379,0.01432437950044593
8.803599999999996,8.803599999999995e-06,0.0270789162221845,0.013853821237034462
8.804400000000001,8.8044e-06,0.05129286695178237,0.01338977376775655
8.8052,8.805199999999998e-06,0.010777471124891469,0.012931473323232443
8.806000000000004,8.806000000000003e-06,0.060421895798393965,0.012478240455807572
8.806799999999996,8.806799999999995e-06,0.018356719287928258,0.012029478310522142
8.8076,8.8076e-06,-0.008257745938551553,0.011584669268103854
8.808399999999999,8.808399999999999e-06,-0.011912421469828072,0.01114337045980946
8.809200000000004,8.809200000000004e-06,-0.0017552493179745499,0.010705208735973573
8.809999999999995,8.809999999999995e-06,0.00733973491135087,0.010269875656635038
8.8108,8.8108e-06,0.011891104144612252,0.00983712295051385
8.811599999999999,8.811599999999999e-06,0.023257990127737327,0.009406758706244371
8.812400000000004,8.812400000000004e-06,-0.004530631627173154,0.008978644388049092
8.813199999999995,8.813199999999994e-06,0.01931734119019024,0.008552692646768598
8.814,8.813999999999999e-06,0.022211122168168673,0.008128865822095951
8.814799999999998,8.814799999999997e-06,0.02415600800404205,0.00770717498073451
8.815599999999996,8.815599999999996e-06,0.02909548449533217,0.007287679301182303
8.816399999999994,8.816399999999994e-06,-0.027713034360162037,0.006870485611724632
8.8172,8.8172e-06,0.003881193526336091,0.006455747914108155
8.817999999999998,8.817999999999998e-06,0.03318214665616803,0.0060436667450146885
8.818799999999996,8.818799999999996e-06,0.0053782049382982144,0.005634488198630599
8.819599999999994,8.819599999999994e-06,0.007882365972593064,0.005228502362473204
8.8204,8.8204e-06,0.049316017015870295,0.00482604085593283
8.821199999999997,8.821199999999998e-06,0.028271229573449297,0.0044274731439835
8.821999999999996,8.821999999999994e-06,0.03349308626830738,0.0040332013337118595
8.8228,8.8228e-06,0.007338410737030787,0.0036436532529829503
8.823599999999999,8.823599999999998e-06,0.002524142297455567,0.003259273754825399
8.824400000000004,8.824400000000003e-06,0.012882365972593068,0.0028805143489983908
8.825199999999995,8.825199999999995e-06,0.01590684021090094,0.0025078213793885825
8.826,8.826e-06,0.029336822187344458,0.0021416230209837838
8.826799999999999,8.826799999999998e-06,0.026973189167623812,0.0017823153904584794
8.827600000000004,8.827600000000003e-06,-0.013035132900965918,0.001430248096863007
8.828399999999995,8.828399999999995e-06,-0.012180238053264292,0.0010857096257550782
8.8292,8.8292e-06,0.005490929887128404,0.0007489130242468744
8.829999999999998,8.829999999999998e-06,0.005945802205309381,0.00041998238152669495
8.830800000000004,8.830800000000004e-06,0.005164670312129638,9.894055469854691e-05
8.831599999999995,8.831599999999994e-06,0.009283296572904276,-0.00021430149494747804
8.8324,8.832399999999999e-06,-0.0025189807311476464,-0.0005199534649038592
8.833199999999998,8.833199999999997e-06,-0.0035845733450429185,-0.0008183523286733453
8.834000000000003,8.834000000000002e-06,-0.019353978478265477,-0.0011099665930231254
8.834799999999994,8.834799999999994e-06,0.027027471124891456,-0.0013953980229424502
8.8356,8.835599999999999e-06,-0.008742501839723915,-0.0016753807298923137
8.836399999999998,8.836399999999997e-06,-0.0030650164838571525,-0.0019507776026007203
8.837199999999996,8.837199999999996e-06,0.0216282049382982,-0.0022225741327657343
8.837999999999994,8.837999999999994e-06,-0.004092403446171566,-0.0024918697366862266
8.838799999999999,8.838799999999999e-06,-0.025819593621581483,-0.002759866704029684
8.839599999999997,8.839599999999997e-06,0.026762491401430055,-0.003027856928280867
8.840399999999995,8.840399999999994e-06,0.010788630053555903,-0.0032972066031976568
8.8412,8.841200000000001e-06,0.013875708317721336,-0.003569339110513735
8.841999999999999,8.841999999999998e-06,-0.010072506345587984,-0.0038457163532329766
8.842800000000004,8.842800000000003e-06,-0.005459289429296632,-0.004127818779101729
8.843599999999995,8.843599999999994e-06,-0.014353222135338184,-0.004417124304778278
8.8444,8.8444e-06,0.0094071804503989,-0.0047150863394928265
8.845199999999998,8.845199999999998e-06,-0.0002311911830961133,-0.005023111143962136
8.846000000000004,8.846000000000003e-06,-0.026709289429296623,-0.0053425348300526875
8.846799999999995,8.846799999999995e-06,0.026924580930405728,-0.0056746003780185055
8.8476,8.8476e-06,0.027611144697689438,-0.006020435106624268
8.848399999999998,8.848399999999998e-06,0.013916750829277125,-0.00638102907028976
8.849200000000003,8.849200000000003e-06,-0.010694385569866682,-0.006757214851300986
8.849999999999994,8.849999999999993e-06,0.0072716456768787685,-0.007149649142626035
8.8508,8.850799999999998e-06,-0.006000407804884089,-0.007558796405422941
8.851599999999998,8.851599999999997e-06,-0.0016272044062851654,-0.007984914793483323
8.852400000000003,8.852400000000002e-06,0.007586746323313021,-0.008428044493778989
8.853199999999994,8.853199999999993e-06,-0.018181902466982258,-0.008887998623788368
8.854,8.853999999999999e-06,-0.01896095384301455,-0.009364356829782207
8.854799999999997,8.854799999999997e-06,0.037517144403185876,-0.00985646174084491
8.855600000000003,8.855600000000002e-06,0.01524051378369895,-0.010363418454636562
8.856399999999994,8.856399999999994e-06,-0.01334531617017809,-0.010884097244590201
8.857199999999999,8.857199999999999e-06,0.023011735058602545,-0.011417139644419145
8.857999999999997,8.857999999999997e-06,0.013622455354316942,-0.011960967970306786
8.858800000000002,8.858800000000002e-06,0.0005813369787296407,-0.012513798213664867
8.8596,8.8596e-06,-0.013138779438279014,-0.013073656106531203
8.860399999999998,8.860399999999997e-06,-0.010413329540618577,-0.01363839603442737
8.861200000000004,8.861200000000003e-06,-0.032166242264625056,-0.014205722364137037
8.861999999999995,8.861999999999994e-06,0.008008330367135219,-0.014773212698183092
8.8628,8.8628e-06,-0.026220183982494816,-0.015338342577499766
8.863599999999998,8.863599999999998e-06,-0.028174904572712656,-0.015898511209550693
8.864400000000003,8.864400000000003e-06,0.00610448704281763,-0.01645106787086386
8.865199999999994,8.865199999999994e-06,-0.013982515357416236,-0.01699333870588878
8.866,8.866e-06,-0.05701115063001905,-0.01752265371557378
8.866799999999998,8.866799999999998e-06,0.04263478672913834,-0.01803637379481854
8.867600000000003,8.867600000000003e-06,-0.00030760248615802066,-0.018531917736360648
8.868399999999994,8.868399999999993e-06,0.016557278843851053,-0.01900678916131262
8.8692,8.8692e-06,-0.013054613898120015,-0.019458603326577523
8.869999999999997,8.869999999999996e-06,-0.02501614387117279,-0.01988511366517957
8.870800000000003,8.870800000000002e-06,-0.009952783502488072,-0.020284237768305145
8.871599999999994,8.871599999999993e-06,-0.018373875578849286,-0.020654082391967008
8.872399999999999,8.872399999999998e-06,-0.023699378811020688,-0.020992967013103984
8.873199999999997,8.873199999999997e-06,-0.030929481710436968,-0.021299445462781594
8.874000000000002,8.874000000000002e-06,0.009020397366590216,-0.02157232520104161
8.874799999999993,8.874799999999993e-06,-0.020149673991477268,-0.021810683850942172
8.875599999999999,8.875599999999999e-06,-0.021562519863280283,-0.02201388266195263
8.876399999999997,8.876399999999997e-06,-0.0327067928087198,-0.02218157660512273
8.877200000000002,8.877200000000002e-06,-0.04764475661435508,-0.022313720816653712
8.877999999999993,8.877999999999992e-06,-0.0751211145828059,-0.022410573141186572
8.878799999999998,8.878799999999997e-06,0.005719784476256318,-0.022472692629373247
8.879600000000003,8.879600000000004e-06,-0.01239377267943298,-0.022500934034633775
8.880400000000002,8.8804e-06,-0.003540126142119737,-0.022496438592742203
8.8812,8.881199999999999e-06,0.01913860752403529,-0.022460621567542534
8.881999999999998,8.881999999999997e-06,-0.02075907011287159,-0.022395157131693193
8.882800000000003,8.882800000000002e-06,-0.0067412535294353315,-0.02230196111562152
8.883599999999994,8.883599999999994e-06,-0.00023875690885832856,-0.02218317204960181
8.8844,8.8844e-06,-0.0072504078048840626,-0.022041130800489674
8.885199999999998,8.885199999999998e-06,-0.03068946819274454,-0.021878358998715857
8.886000000000003,8.886000000000003e-06,-0.002895929060611979,-0.02169753636702048
8.886799999999994,8.886799999999993e-06,-0.0400605910740961,-0.02150147700015141
8.887599999999999,8.8876e-06,0.0007977084649730681,-0.021293104614894264
8.888399999999997,8.888399999999996e-06,-0.06901580363177484,-0.021075426799560266
8.889200000000002,8.889200000000001e-06,0.03371078192877086,-0.020851508337211798
8.889999999999993,8.889999999999993e-06,-0.02130510586558121,-0.020624443748500837
8.890799999999999,8.890799999999998e-06,-0.005232515357416201,-0.02039732927704075
8.891599999999997,8.891599999999996e-06,-0.005164993954336561,-0.020173234585089003
8.892400000000002,8.892400000000001e-06,-0.04785488654905612,-0.019955174417961234
8.893199999999993,8.893199999999993e-06,-0.010850801378792907,-0.019746080456626423
8.893999999999998,8.893999999999998e-06,-0.029506233252896807,-0.01954877356030247
8.894799999999996,8.894799999999997e-06,0.00022595016366699916,-0.019365936636606046
8.895600000000002,8.895600000000002e-06,-0.011976349669905462,-0.019200088455931973
8.896399999999993,8.896399999999992e-06,-0.005133029854297866,-0.019053558808648476
8.897199999999998,8.897199999999998e-06,-0.034831168653575495,-0.018928465451729576
8.898000000000003,8.898000000000004e-06,0.006689484789835554,-0.01882669330136067
8.898800000000001,8.8988e-06,0.011728446784243896,-0.01874987632287077
8.8996,8.899599999999999e-06,0.027085914116454002,-0.01869938256249505
8.900399999999998,8.900399999999997e-06,-0.012516143871172725,-0.018676302731759818
8.901200000000003,8.901200000000002e-06,0.002706469166512848,-0.01868144265490582
8.902000000000001,8.902e-06,-0.015251996354570307,-0.018715319723845842
8.9028,8.902799999999999e-06,0.009606907799363018,-0.018778163325244353
8.903599999999997,8.903599999999997e-06,-0.007101557721620355,-0.018869919060089807
8.904400000000003,8.904400000000002e-06,0.0053984422783797115,-0.01899025647253303
8.905199999999994,8.905199999999994e-06,-0.04031876141472257,-0.019138579916458523
8.905999999999999,8.905999999999999e-06,-0.04146435853448205,-0.01931404210315677
8.906799999999997,8.906799999999996e-06,-0.014546519421525073,-0.019515559816619614
8.907600000000002,8.907600000000003e-06,-0.02554761600385047,-0.019741831296572823
8.908399999999993,8.908399999999992e-06,-0.021689052089315042,-0.019991354884494873
8.909199999999998,8.909199999999998e-06,0.04191342200184123,-0.0202624486634645
8.909999999999997,8.909999999999996e-06,-0.014864456927934255,-0.020553270935055025
8.910800000000002,8.910800000000001e-06,-0.04342740119328947,-0.02086184141615524
8.911599999999993,8.911599999999993e-06,0.009357059527426048,-0.02118606299457944
8.912399999999998,8.912399999999998e-06,-0.01436854209829741,-0.021523743798198908
8.913199999999996,8.913199999999996e-06,-0.025921727473239953,-0.021872619271644238
8.914000000000001,8.914000000000001e-06,-0.060199038571622676,-0.02223037393713076
8.914799999999993,8.914799999999991e-06,-0.0317230967065012,-0.022594662528877422
8.915599999999998,8.915599999999998e-06,0.00023011119796179091,-0.022963130247510486
8.916399999999996,8.916399999999995e-06,-0.01702855111002577,-0.023333432003806744
8.917200000000001,8.9172e-06,0.004538630053555925,-0.023703250676475003
8.918,8.917999999999998e-06,-0.013933718608663437,-0.024070314519835916
8.918799999999997,8.918799999999997e-06,-0.028568497039256235,-0.024432413880312864
8.919600000000003,8.919600000000002e-06,0.0013764646605486375,-0.024787417335775913
8.9204,8.9204e-06,-0.018919154988631393,-0.025133287307850374
8.921199999999999,8.921199999999999e-06,0.0058909524166490534,-0.02546809514503347
8.921999999999997,8.921999999999997e-06,-0.02924257770365546,-0.02579003562963412
8.922800000000002,8.922800000000002e-06,-0.02193038978122752,-0.026097440805786763
8.9236,8.9236e-06,-0.009562595727311995,-0.026388792959310643
8.924399999999999,8.924399999999999e-06,-0.021036532939217478,-0.02666273652468701
8.925199999999997,8.925199999999995e-06,-0.03977537401065301,-0.02691808866506285
8.926000000000002,8.926000000000002e-06,-0.04189010361259904,-0.027153848264564757
8.926799999999993,8.926799999999992e-06,0.010294795740966589,-0.02736920308803483
8.927599999999998,8.927599999999997e-06,-0.05198259122134785,-0.027563534911321182
8.928399999999996,8.928399999999996e-06,-0.04484497593078007,-0.027736422498698038
8.929200000000002,8.9292e-06,-0.019956944536782983,-0.027887642380987974
8.929999999999993,8.929999999999992e-06,0.0005418071529287305,-0.028017167468108874
8.930799999999998,8.930799999999998e-06,-0.0003146003804277431,-0.02812516362306123
8.931599999999996,8.931599999999996e-06,-0.03531592455474786,-0.0282119844021159
8.932400000000001,8.932400000000001e-06,-0.024156331646349005,-0.02827816417890083
8.933199999999992,8.933199999999993e-06,-0.010434891055020268,-0.02832440981883632
8.933999999999997,8.933999999999998e-06,-0.04044737415790478,-0.028351591009904094
8.934799999999996,8.934799999999994e-06,-0.018144264646893893,-0.028360729329398225
8.9356,8.9356e-06,0.003440316996694448,-0.028352986132780762
8.936399999999999,8.936399999999998e-06,-0.02520811698303982,-0.02832964936779877
8.937199999999997,8.937199999999996e-06,-0.022980094600770773,-0.02829211942136306
8.938000000000002,8.938000000000001e-06,-0.013670819402349377,-0.028241894082342584
8.9388,8.9388e-06,-0.02175165611517238,-0.028180552657681626
8.939599999999999,8.939599999999998e-06,-0.052328331793600635,-0.028109739237773202
8.940399999999997,8.940399999999997e-06,-0.03829519524720515,-0.028031145089780402
8.941200000000002,8.941200000000002e-06,-0.010192797020180389,-0.027946490178653062
8.942,8.942e-06,-0.0237674680454929,-0.027857503886334407
8.942799999999998,8.942799999999998e-06,-0.021360711997068904,-0.027765905104182906
8.943599999999996,8.943599999999997e-06,-0.01782008558904269,-0.027673381966006817
8.944400000000002,8.944400000000002e-06,-0.02491798254237465,-0.027581571537771438
8.9452,8.945199999999999e-06,-0.02480809445351917,-0.027492039793663357
8.945999999999998,8.945999999999997e-06,-0.03333132038163866,-0.027406262212243418
8.946799999999996,8.946799999999995e-06,0.0012658202288657883,-0.02732560533813351
8.947600000000001,8.9476e-06,-0.010861203964529942,-0.02725130967756327
8.9484,8.948399999999999e-06,0.0038465810776573406,-0.027184474314831
8.949199999999998,8.949199999999997e-06,-0.03887603196002809,-0.02712604362134516
8.949999999999996,8.949999999999996e-06,0.01390842876068732,-0.027076796363333946
8.950800000000001,8.9508e-06,0.005711462407666623,-0.027037337415676252
8.951599999999992,8.951599999999992e-06,-0.011912989301220756,-0.027008092181540953
8.952399999999997,8.952399999999997e-06,-0.037908412163496386,-0.026989303698064113
8.953199999999995,8.953199999999994e-06,-0.016597888654786508,-0.02698103226990396
8.954,8.954000000000001e-06,-0.0028096830033055298,-0.026983157343668553
8.954799999999999,8.954799999999998e-06,-0.026045611350634545,-0.02699538125759865
8.955599999999997,8.955599999999996e-06,-0.05735197382504975,-0.027017234471734562
8.956400000000002,8.956400000000001e-06,-0.02565674774977844,-0.027048081876509866
8.9572,8.9572e-06,-0.0271161213416522,-0.027087129795105795
8.957999999999998,8.957999999999998e-06,-0.05354409866497978,-0.027133433364978074
8.958799999999997,8.958799999999996e-06,-0.04834247931020319,-0.027185904108370986
8.959600000000002,8.959600000000001e-06,-0.020557262246660213,-0.027243317656384596
8.9604,8.9604e-06,0.008154532101758871,-0.027304321762939607
8.961199999999998,8.961199999999998e-06,0.0020359817049158124,-0.027367444917145926
8.961999999999996,8.961999999999997e-06,-0.010732591221347842,-0.02743110598235813
8.962800000000001,8.962800000000002e-06,0.004670835999540324,-0.02749362530057905
8.9636,8.963599999999998e-06,-0.025237244223103694,-0.027553237600839872
8.964399999999998,8.964399999999997e-06,-0.005694385569866678,-0.027608106893646817
8.965199999999996,8.965199999999995e-06,-0.030937803779026662,-0.027656343378126676
8.966000000000001,8.966e-06,-0.011063011830741432,-0.027696022264985055
8.9668,8.966799999999999e-06,-0.04254527111123663,-0.027725204335770734
8.967599999999997,8.967599999999997e-06,-0.0012536607682883671,-0.027741958015735754
8.968399999999995,8.968399999999995e-06,0.0345121511620321,-0.027744382724448673
8.9692,8.9692e-06,-0.0004252448121105923,-0.02773063325706155
8.969999999999999,8.969999999999999e-06,-0.05825207221860185,-0.027698944888379824
8.970799999999997,8.970799999999997e-06,-0.045402170612054205,-0.02764765875261781
8.971599999999995,8.971599999999996e-06,-0.04813518623547686,-0.02757524689035948
8.9724,8.9724e-06,-0.02982625127645333,-0.02748033628437417
8.973199999999999,8.973199999999997e-06,-0.03589184389034861,-0.02736173128532849
8.973999999999997,8.973999999999996e-06,-0.01124042132257641,-0.027218434009263073
8.974800000000002,8.974800000000001e-06,0.007026146950671497,-0.027049662480544433
8.9756,8.9756e-06,-0.011858707343953001,-0.026854866431344382
8.976399999999998,8.976399999999998e-06,-0.03572351280993069,-0.02663374072071431
8.977199999999996,8.977199999999996e-06,-0.024493750150012206,-0.026386236306313066
8.978000000000002,8.978000000000001e-06,-0.0156338620611568,-0.026112568635436262
8.9788,8.9788e-06,-0.011872703132592366,-0.025813223279760534
8.979599999999998,8.979599999999998e-06,-0.013085821655331453,-0.025488958640634933
8.980399999999996,8.980399999999996e-06,-0.016820501692472067,-0.025140805568816024
8.981200000000001,8.981200000000001e-06,-0.03822559332707809,-0.024770063740661312
8.982,8.982e-06,-0.017168322781772383,-0.02437829461342795
8.982799999999997,8.982799999999996e-06,-0.04661037175767091,-0.02396731077491478
8.983599999999996,8.983599999999995e-06,-0.014248819255097578,-0.023539161534895693
8.9844,8.9844e-06,-0.01034297127766437,-0.023096114682759836
8.985199999999999,8.985199999999998e-06,-0.03153320411178162,-0.022640634438064328
8.985999999999997,8.985999999999997e-06,-0.05200207221860187,-0.022175355718620865
8.986799999999995,8.986799999999995e-06,-0.034442872884112075,-0.021703054933351847
8.9876,8.9876e-06,-0.01725040780488407,-0.02122661760119696
8.988399999999999,8.988399999999999e-06,-0.007658752402894264,-0.02074900323643331
8.989199999999997,8.989199999999997e-06,0.010952800099578996,-0.020273208111253403
8.989999999999995,8.989999999999995e-06,-0.018254152735749374,-0.01980222664675032
8.9908,8.9908e-06,-0.004556354175869637,-0.019339012241194872
8.991599999999998,8.991599999999997e-06,-0.024359463686780436,-0.018886438320801745
8.992399999999996,8.992399999999995e-06,0.014297292361543423,-0.018447260337952163
8.993200000000002,8.9932e-06,-0.006014971424915916,-0.0180240793884743
8.994,8.993999999999999e-06,-0.007706036465892296,-0.017619308079687857
8.994799999999998,8.994799999999997e-06,-0.018050264352390655,-0.017235139233751088
8.995599999999996,8.995599999999996e-06,0.00642923393216166,-0.01687351794766023
8.996400000000001,8.9964e-06,0.022419927928649774,-0.016536117468068774
8.9972,8.9972e-06,-0.0186019738250498,-0.016224319284173803
8.997999999999998,8.997999999999998e-06,-0.010062671591243522,-0.015939197775192974
8.998799999999996,8.998799999999996e-06,0.011269981263160811,-0.015681509655171972
8.999600000000001,8.999600000000001e-06,0.011667923275533898,-0.015451688356543127
9.000399999999999,9.0004e-06,0.018373551936542443,-0.015249843406388103
9.001199999999997,9.001199999999996e-06,-0.008256989595724185,-0.015075764758285665
9.001999999999995,9.001999999999994e-06,-0.017956452569321768,-0.014928931917626153
9.0028,9.0028e-06,0.027004585436269934,-0.014808527547354934
9.003599999999999,9.003599999999998e-06,-0.015694385569866687,-0.014713455104860156
9.004399999999997,9.004399999999996e-06,-0.030764555321486475,-0.014642359962064224
9.005199999999995,9.005199999999995e-06,-0.01780136093471585,-0.014593653392116655
9.006,9.006e-06,-0.010370962854842847,-0.014565538768966112
9.006799999999998,9.006799999999998e-06,-0.03421061360361666,-0.014556039343195819
9.007599999999996,9.007599999999997e-06,0.021836254355951823,-0.01456302703229152
9.008399999999995,9.008399999999995e-06,-0.019517392181461313,-0.014584251762933216
9.0092,9.0092e-06,0.011154607965790486,-0.014617370985494853
9.009999999999998,9.009999999999998e-06,-0.012653835025772109,-0.01465997902042087
9.010799999999996,9.010799999999995e-06,-0.0464622780173346,-0.014709635890277135
9.011600000000001,9.0116e-06,-0.014605718755914987,-0.014763895268021566
9.0124,9.012399999999999e-06,-0.006242501839723857,-0.014820331179028916
9.013200000000005,9.013200000000004e-06,-0.01893863598588552,-0.014876563162955608
9.013999999999996,9.013999999999995e-06,-0.003215190741341023,-0.01493027971464279
9.014800000000001,9.0148e-06,-0.019981342911059352,-0.014979259932359917
9.0156,9.015599999999999e-06,0.010947314891064264,-0.015021393376656431
9.016400000000004,9.016400000000004e-06,0.004526903293498807,-0.01505469818611432
9.017199999999995,9.017199999999996e-06,-0.011028967213455254,-0.015077337512075304
9.018,9.018e-06,-0.011721772532181207,-0.015087634316467688
9.018799999999999,9.018799999999999e-06,-0.0034962467705891287,-0.01508408452891294
9.019599999999997,9.019599999999996e-06,-0.005171991848706314,-0.015065368507249549
9.020399999999995,9.020399999999994e-06,-0.009096564480466363,-0.015030360713330897
9.0212,9.0212e-06,-0.035263723114627554,-0.014978137503046333
9.021999999999998,9.021999999999998e-06,-0.0017106136036166841,-0.01490798292802048
9.022799999999997,9.022799999999996e-06,-0.030449454675052223,-0.014819392464884566
9.023599999999995,9.023599999999994e-06,-0.01766707447148408,-0.0147120746410113
9.0244,9.0244e-06,0.003036133432979038,-0.014585950610773838
9.025199999999998,9.025199999999998e-06,0.017262567265461604,-0.01444115183366804
9.025999999999996,9.025999999999996e-06,0.00021687175224982536,-0.014278016084950761
9.026799999999994,9.026799999999995e-06,0.012686988169258617,-0.014097082054886682
9.0276,9.0276e-06,0.006365305731984128,-0.013899082742845419
9.028399999999998,9.028399999999998e-06,-0.03937818834110718,-0.013684937742724976
9.029199999999996,9.029199999999995e-06,-0.015240837426005904,-0.01345574439138661
9.030000000000001,9.03e-06,-0.018910832920041698,-0.013212767664726276
9.0308,9.030799999999998e-06,-0.019325419069594285,-0.012957428696743881
9.031600000000005,9.031600000000003e-06,-0.0024124973337597,-0.012691291868087989
9.032399999999996,9.032399999999995e-06,0.004599153562265812,-0.012416050523323322
9.0332,9.0332e-06,0.03570654503044446,-0.012133511479357591
9.033999999999999,9.033999999999999e-06,-0.021637606992022107,-0.011845578539825416
9.034800000000004,9.034800000000004e-06,-0.024553517315794804,-0.011554235208985998
9.035599999999995,9.035599999999995e-06,0.023815184809011236,-0.011261526720029887
9.0364,9.0364e-06,-0.021597888654786512,-0.010969541413416455
9.037199999999999,9.037199999999999e-06,-0.017742161600225903,-0.010680391466314706
9.038000000000004,9.038000000000004e-06,-0.015709705532726104,-0.010396192980373475
9.038799999999995,9.038799999999994e-06,-0.02723092680762973,-0.010119045465114019
9.0396,9.039599999999999e-06,-0.005123951442880803,-0.009851010816481221
9.040399999999998,9.040399999999997e-06,0.012037305879235904,-0.009594091993423468
9.041199999999996,9.041199999999996e-06,0.031706128927014854,-0.009350211716355427
9.041999999999994,9.041999999999994e-06,0.026402187209245143,-0.009121191597986519
9.0428,9.0428e-06,-0.016866461581150127,-0.008908732116125515
9.043599999999998,9.043599999999998e-06,0.005314276738120793,-0.008714393734636965
9.044399999999996,9.044399999999996e-06,-0.03137111458280595,-0.00853957932064138
9.045199999999994,9.045199999999994e-06,-0.0008682018587995444,-0.008385517876121839
9.046,9.046e-06,0.0024295741715595343,-0.008253249555708221
9.046799999999998,9.046799999999998e-06,-0.013884354028617873,-0.008143611974921517
9.047599999999996,9.047599999999994e-06,0.006298540671831998,-0.008057227880273935
9.0484,9.048400000000001e-06,-0.004895853196580258,-0.00799449431249732
9.049199999999999,9.049199999999998e-06,0.00794364582413043,-0.007955573431707113
9.050000000000004,9.050000000000003e-06,0.009188728447008243,-0.007940385191076912
9.050799999999995,9.050799999999995e-06,-0.030731267047127697,-0.007948602045052783
9.0516,9.0516e-06,0.009158844864116888,-0.007979645862094507
9.052399999999999,9.052399999999998e-06,0.0082948716049982,-0.008032687196875023
9.053200000000004,9.053200000000003e-06,0.013038213950126387,-0.008106647080106012
9.053999999999995,9.053999999999995e-06,-0.0022163631875978806,-0.008200201494833831
9.0548,9.0548e-06,-0.010318761414722544,-0.008311788694153312
9.055599999999998,9.055599999999998e-06,0.00803197239868414,-0.008439619467798105
9.056400000000004,9.056400000000004e-06,0.011673408484148884,-0.008581690411026455
9.057199999999995,9.057199999999994e-06,0.014814768705581849,-0.00873580021144825
9.058,9.057999999999999e-06,0.019532388502113696,-0.008899568934214095
9.058799999999998,9.058799999999997e-06,0.006000084162577135,-0.009070460220891568
9.059600000000003,9.059600000000002e-06,-0.021568761414722526,-0.009245806208914159
9.060399999999994,9.060399999999994e-06,0.013278227467818815,-0.00942283484762607
9.0612,9.061199999999999e-06,-0.020761150630018932,-0.009598699175136428
9.061999999999998,9.061999999999997e-06,-0.007262323076275834,-0.00977050805912241
9.062799999999996,9.062799999999996e-06,-0.05570686867275132,-0.00993535789795897
9.063599999999994,9.063599999999994e-06,0.01763403038631084,-0.010090364819133094
9.0644,9.064399999999999e-06,0.032752996886583396,-0.010232697000574583
9.065199999999997,9.065199999999998e-06,-0.0034364796047066104,-0.01035960685791907
9.065999999999995,9.065999999999994e-06,0.005495090921423196,-0.01046846292216822
9.0668,9.066800000000001e-06,0.005588334873099288,-0.010556781218945478
9.067599999999999,9.067599999999998e-06,0.015876956628009697,-0.01062225586590508
9.068400000000004,9.068400000000003e-06,-0.03879810797121164,-0.010662788489406229
9.069199999999995,9.069199999999994e-06,-0.03191790667834293,-0.010676515967231216
9.07,9.07e-06,0.008102898493131172,-0.010661835953702768
9.070799999999998,9.070799999999998e-06,-0.009019396834577198,-0.010617429663535032
9.071600000000004,9.071600000000003e-06,0.01581227208500502,-0.010542281479636368
9.072399999999995,9.072399999999995e-06,-0.013446882190443765,-0.010435695052478832
9.0732,9.0732e-06,-0.02392539654007364,-0.010297305614887254
9.073999999999998,9.073999999999998e-06,-0.035381365440579904,-0.010127088244374374
9.074800000000003,9.074800000000003e-06,-0.023478846290482358,-0.009925361818572984
9.075599999999994,9.075599999999993e-06,-0.00048709249514056197,-0.00969278848450759
9.0764,9.076399999999998e-06,-0.009959781396757572,-0.009430368611318353
9.077199999999998,9.077199999999997e-06,-0.008819101654120476,-0.00913943137651287
9.078000000000003,9.078000000000002e-06,0.022072674670742032,-0.008821621289660055
9.078799999999994,9.078799999999993e-06,-0.004205128395001867,-0.00847888105404796
9.0796,9.079599999999999e-06,-0.008679897813866466,-0.008113431206211684
9.080399999999997,9.080399999999997e-06,0.003393032933796447,-0.007727746967845377
9.081200000000003,9.081200000000002e-06,-0.01567982194983486,-0.007324532717788776
9.081999999999994,9.081999999999994e-06,0.0172945313655003,-0.006906694474071489
9.082799999999999,9.082799999999999e-06,0.024454464513297025,-0.006477310780686214
9.083599999999997,9.083599999999997e-06,-0.011334989448472443,-0.006039602402454561
9.084400000000002,9.084400000000002e-06,0.011416750829277178,-0.005596901212556736
9.0852,9.0852e-06,-0.021469275911604302,-0.005152618601929312
9.085999999999999,9.085999999999997e-06,0.04009790525197743,-0.0047102136754663525
9.086800000000004,9.086800000000003e-06,0.01924925195571814,-0.004273161458478543
9.087599999999995,9.087599999999994e-06,-0.026803857555292687,-0.0038449213106990067
9.0884,9.0884e-06,-0.019218367840813766,-0.0034289057017413416
9.089199999999998,9.089199999999998e-06,0.0020601915678575278,-0.0030284494455889216
9.090000000000003,9.090000000000003e-06,0.02785872394114397,-0.002646779475705495
9.090799999999994,9.090799999999994e-06,-0.003628452716573527,-0.002286985295229412
9.0916,9.0916e-06,-0.007817437240402514,-0.0019519903129386776
9.092399999999998,9.092399999999998e-06,-0.002536381211254324,-0.0016445243156601634
9.093200000000003,9.093200000000003e-06,-0.0018643810640026626,-0.001367097334035674
9.093999999999994,9.093999999999993e-06,-0.009856134859344556,-0.0011219751770630997
9.0948,9.0948e-06,0.024171327967001388,-0.0009111569653258164
9.095599999999997,9.095599999999996e-06,0.004160925381264224,-0.0007363550671423136
9.096400000000003,9.096400000000002e-06,0.012897685935452374,-0.0005989779051481237
9.097199999999994,9.097199999999993e-06,0.033391520248041595,-0.0005001161283442277
9.097999999999999,9.097999999999998e-06,0.005274558400885088,-0.0004405326264266666
9.098799999999997,9.098799999999997e-06,0.03898559640657673,-0.00042065680223400724
9.099600000000002,9.099600000000002e-06,0.036651846969747215,-0.0004405834199810608
9.100399999999993,9.100399999999993e-06,0.01860713539135761,-0.0005000762131072418
9.101199999999999,9.101199999999999e-06,0.010415086415559105,-0.0005985762654998074
9.101999999999997,9.101999999999997e-06,0.01035872394114401,-0.0007352149831740748
9.102800000000002,9.102800000000002e-06,0.009389023627464743,-0.0009088312817328351
9.103599999999993,9.103599999999992e-06,0.013660093174405419,-0.0011179924652110415
9.104399999999998,9.104399999999997e-06,0.01674641509574326,-0.0013610181746819667
9.105200000000004,9.105200000000004e-06,-0.012847320823393793,-0.001636006720729135
9.106000000000002,9.106e-06,-0.0010512850706843047,-0.001940863061599291
9.1068,9.106799999999999e-06,-0.012059191035844408,-0.0022733276507605924
9.107599999999998,9.107599999999997e-06,-0.0025670211369730467,-0.002631005375098778
9.108400000000003,9.108400000000002e-06,-0.023839150482767413,-0.003011393852694083
9.109199999999994,9.109199999999994e-06,-0.021195217776725728,-0.003411910451035144
9.11,9.11e-06,-0.04018315077727075,-0.0038299175125149007
9.110799999999998,9.110799999999998e-06,0.020769149056301783,-0.004262745437254745
9.111600000000003,9.111600000000003e-06,0.03497893875170499,-0.0047077134740924126
9.112399999999994,9.112399999999993e-06,-0.00915425112920143,-0.005162148271533103
9.113199999999999,9.1132e-06,-0.008185307158449784,-0.0056234003712002665
9.113999999999997,9.113999999999996e-06,-0.008330752550146037,-0.006088858851115269
9.114800000000002,9.114800000000001e-06,0.0030854980130244902,-0.006555964291866743
9.115599999999993,9.115599999999993e-06,-0.017912005366398698,-0.007022220223232933
9.116399999999999,9.116399999999998e-06,0.014415502518988599,-0.007485203240265128
9.117199999999997,9.117199999999996e-06,0.022943645824130443,-0.00794257203107214
9.118000000000002,9.118000000000001e-06,-0.023364797167432227,-0.008392075598340003
9.118799999999993,9.118799999999993e-06,0.0044287419647005555,-0.0088315609600519
9.119599999999998,9.119599999999998e-06,0.014514231679179534,-0.009258980582559334
9.120399999999997,9.120399999999997e-06,0.02712903714515713,-0.009672399755065536
9.121200000000002,9.121200000000002e-06,-0.013616537445081622,-0.010070004070380657
9.121999999999993,9.121999999999992e-06,0.013093820081614194,-0.010450107111284057
9.122799999999998,9.122799999999998e-06,0.023637775317176368,-0.010811158339680117
9.123600000000003,9.123600000000004e-06,-0.02180253338097271,-0.011151751065611537
9.124400000000001,9.1244e-06,-0.030141351922887583,-0.011470630259472234
9.1252,9.125199999999999e-06,-0.019069517757549947,-0.011766699879587192
9.125999999999998,9.125999999999997e-06,0.0043292564615822204,-0.012039029348267633
9.126800000000003,9.126800000000002e-06,-0.008943553363007894,-0.01228685884835037
9.127600000000001,9.1276e-06,-0.0011416921622854348,-0.01250960320445567
9.1284,9.128399999999999e-06,-0.04228728928204484,-0.012706854198700554
9.129199999999997,9.129199999999997e-06,-0.0018212580352994223,-0.012878381221107835
9.130000000000003,9.130000000000002e-06,-0.006104810685124473,-0.01302413019618645
9.130799999999994,9.130799999999994e-06,0.015346240838259528,-0.01314422079071602
9.131599999999999,9.131599999999999e-06,-0.005373043371990294,-0.013238941981500565
9.132399999999997,9.132399999999996e-06,-0.023695974119553154,-0.013308746102024514
9.133200000000002,9.133200000000003e-06,-0.03175657349229455,-0.013354241475254897
9.133999999999993,9.133999999999993e-06,0.014497587542000145,-0.013376183712427983
9.134799999999998,9.134799999999998e-06,-0.019457625015578683,-0.01337546576719209
9.135599999999997,9.135599999999996e-06,0.004655516036681018,-0.013353106890182207
9.136400000000002,9.136400000000001e-06,-0.017066188930114135,-0.013310240691517549
9.137199999999993,9.137199999999993e-06,0.026578084015325465,-0.01324810255148583
9.137999999999998,9.137999999999998e-06,-0.011295459622671533,-0.013168016619169616
9.138799999999996,9.138799999999996e-06,0.00865309528003566,-0.013071382610961111
9.139600000000002,9.139600000000001e-06,0.0048843706257089,-0.012959662563782908
9.140399999999993,9.140399999999991e-06,-0.06388302985429783,-0.012834367617418664
9.141199999999998,9.141199999999998e-06,-0.007125956095996644,-0.012697044825867079
9.141999999999996,9.141999999999995e-06,0.034233175649931336,-0.012549263973012047
9.142800000000001,9.1428e-06,0.007174240691007805,-0.012392604413925017
9.1436,9.143599999999998e-06,0.0036691715858223617,-0.012228642033369439
9.144399999999997,9.144399999999997e-06,-0.03348508784192472,-0.012058936422807276
9.145200000000003,9.145200000000002e-06,0.010976442131128028,-0.011885018302275232
9.146,9.146e-06,-0.023230510704200236,-0.011708377119517242
9.146799999999999,9.146799999999999e-06,-0.02126406335402531,-0.011530448716545391
9.147599999999997,9.147599999999997e-06,-0.018323754655876434,-0.011352602974484163
9.148400000000002,9.148400000000002e-06,-0.03187345947541975,-0.011176131411313156
9.1492,9.1492e-06,0.018238509130583003,-0.011002234805371837
9.149999999999999,9.149999999999999e-06,0.00016467031212963334,-0.010832011042581104
9.150799999999997,9.150799999999995e-06,-0.021038045624972357,-0.010666443506094213
9.151600000000002,9.151600000000002e-06,0.029905175797182992,-0.010506390402963852
9.152399999999993,9.152399999999992e-06,0.012321010257024256,-0.010352575439179121
9.153199999999998,9.153199999999997e-06,0.020277963092352524,-0.010205580223526986
9.153999999999996,9.153999999999996e-06,-0.010446049983584782,-0.010065838705887875
9.154800000000002,9.1548e-06,0.013793623294709678,-0.009933633833698406
9.155599999999993,9.155599999999992e-06,-0.02144355336300785,-0.0098090964641083
9.156399999999998,9.156399999999998e-06,-0.007240761561974285,-0.009692206443404225
9.157199999999996,9.157199999999996e-06,-0.02164536122921923,-0.009582795691497559
9.158000000000001,9.158000000000001e-06,-0.012125956095996648,-0.00948055311640431
9.158799999999992,9.158799999999993e-06,0.01091383810527069,-0.009385031226326558
9.159599999999998,9.159599999999998e-06,-0.010547616003850457,-0.009295654385508948
9.160399999999996,9.160399999999994e-06,0.025007498160276143,-0.009211728739488436
9.161200000000001,9.161200000000001e-06,0.029406424107471518,-0.009132453878744971
9.161999999999999,9.161999999999998e-06,-0.012950967360707,-0.00905693629316368
9.162799999999997,9.162799999999996e-06,0.028605811217137567,-0.008984204586922102
9.163600000000002,9.163600000000002e-06,-0.01012811247717571,-0.008913226290425597
9.1644,9.1644e-06,-0.016571598274697452,-0.008842925959918087
9.165199999999999,9.165199999999998e-06,-0.022118958201726935,-0.008772204136352614
9.165999999999997,9.165999999999997e-06,-0.009946541951045718,-0.00869995667232324
9.166800000000002,9.166800000000002e-06,0.0014209118635719609,-0.008625093946338914
9.1676,9.1676e-06,-0.047337410205017805,-0.00854655956032124
9.168399999999998,9.168399999999998e-06,0.0065954844953320935,-0.008463348227120127
9.169199999999996,9.169199999999997e-06,0.03630194536329945,-0.008374522673301932
9.170000000000002,9.170000000000002e-06,-0.006387947231419999,-0.008279229493974243
9.1708,9.170799999999999e-06,-0.008963034360162103,-0.008176713970062578
9.171599999999998,9.171599999999997e-06,0.030088070497632957,-0.008066333859398107
9.172399999999996,9.172399999999995e-06,-0.01370637670529029,-0.007947572112553534
9.173200000000001,9.1732e-06,0.01193990089326502,-0.007820048388575217
9.174,9.173999999999999e-06,-0.00405627831183808,-0.007683529178878307
9.174799999999998,9.174799999999997e-06,-0.04519639022298261,-0.007537936290153038
9.175599999999996,9.175599999999996e-06,-0.008679897813866466,-0.00738335340251659
9.176400000000001,9.1764e-06,0.03143963651789872,-0.007220030436807094
9.177199999999992,9.177199999999992e-06,0.008271985916376567,-0.00704838554404852
9.177999999999997,9.177999999999998e-06,0.0026298693520161454,-0.0068690046256173875
9.178799999999995,9.178799999999994e-06,-0.0289199113315588,-0.0066826383334102225
9.1796,9.179600000000001e-06,-0.011538877831831273,-0.006490196469438
9.180399999999999,9.180399999999998e-06,-0.015062103759850731,-0.006292739667087066
9.181199999999997,9.181199999999996e-06,-0.03131210375985072,-0.006091468263093713
9.182000000000002,9.182000000000001e-06,0.011744334578595916,-0.005887708374714523
9.1828,9.1828e-06,-0.0017155309807388441,-0.005682895348309227
9.183599999999998,9.183599999999998e-06,0.016487676923724215,-0.005478554899763194
9.184399999999997,9.184399999999996e-06,-0.0029182469178409276,-0.005276282383149044
9.185200000000002,9.185200000000001e-06,-0.02454878845010733,-0.005077720677558543
9.186,9.186e-06,0.024699963239604328,-0.004884537185830181
9.186799999999998,9.186799999999998e-06,0.0013409073576078345,-0.004698400434003441
9.187599999999996,9.187599999999997e-06,0.008232267579140862,-0.004520956772124255
9.188400000000001,9.188400000000002e-06,0.003942473377873457,-0.0043538076903598495
9.1892,9.189199999999998e-06,0.028785869057512792,-0.004198488252643188
9.189999999999998,9.189999999999997e-06,0.0032559096105898577,-0.004056447108700031
9.190799999999996,9.190799999999995e-06,-0.01394771439730269,-0.003929028482758031
9.191600000000001,9.1916e-06,0.013852066286272224,-0.003817456461936994
9.1924,9.192399999999999e-06,0.03340135500238617,-0.0037228218376077304
9.193199999999997,9.193199999999997e-06,0.03193498351614277,-0.0036460717039159297
9.193999999999996,9.193999999999995e-06,0.006692889481302977,-0.003588001965787276
9.1948,9.1948e-06,-0.010496170906557523,-0.0035492528087019714
9.195599999999999,9.195599999999999e-06,-0.004062519863280323,-0.0035303070324744627
9.196399999999997,9.196399999999997e-06,0.038244750682025375,-0.0035314910093612387
9.197199999999995,9.197199999999996e-06,0.018815184809011343,-0.0035529779446957887
9.198,9.198e-06,0.004681994928104727,-0.003594793078323057
9.198799999999999,9.198799999999997e-06,-0.02779095834897871,-0.0036568204079084443
9.199599999999997,9.199599999999996e-06,-0.03787020651201545,-0.0037388104248713147
9.200400000000002,9.200400000000001e-06,0.03449758754200016,-0.0038403882893925374
9.2012,9.2012e-06,-0.01776239894030751,-0.003961061898772866
9.201999999999998,9.201999999999998e-06,-0.01885314627140655,-0.004100229415150588
9.202799999999996,9.202799999999996e-06,-0.021193137259578387,-0.00425718594707625
9.203600000000002,9.203600000000001e-06,0.0022521646797244443,-0.004431129187987703
9.2044,9.2044e-06,0.023454124273899035,-0.004621163925170316
9.205199999999998,9.205199999999998e-06,0.0018139364987227458,-0.004826305457804379
9.205999999999996,9.205999999999996e-06,-0.011083249170722786,-0.005045482063402601
9.206800000000001,9.206800000000001e-06,3.530122612005471e-05,-0.0052775366893963544
9.2076,9.2076e-06,-0.03382742372271019,-0.005521228038465861
9.208399999999997,9.208399999999996e-06,0.0076799902749890014,-0.005775231218457532
9.209199999999996,9.209199999999995e-06,0.0039411492035534845,-0.006038138178176526
9.21,9.21e-06,-0.002852806031908739,-0.006308458241046347
9.210799999999999,9.210799999999998e-06,-0.0012801396598121073,-0.006584619140272229
9.211599999999997,9.211599999999997e-06,0.005943721688161929,-0.006864969017120274
9.212399999999995,9.212399999999995e-06,0.03997477771741009,-0.007147779863173521
9.2132,9.2132e-06,0.016088410737030823,-0.007431252875047272
9.213999999999999,9.213999999999999e-06,0.03748101926885239,-0.0077135261325676505
9.214799999999997,9.214799999999997e-06,0.008513323608289047,-0.007992684882977736
9.215599999999995,9.215599999999995e-06,-0.00884898523711175,-0.00826677451476641
9.2164,9.2164e-06,-0.0015061573888652813,-0.008533816076549407
9.217199999999998,9.217199999999997e-06,-0.014496587009987016,-0.008791823999361946
9.217999999999996,9.217999999999995e-06,0.014464867099034051,-0.009038825559235429
9.218800000000002,9.2188e-06,-0.0003195177575499031,-0.009272881573842796
9.2196,9.219599999999999e-06,-0.026604886549056128,-0.009492107826524827
9.220399999999998,9.220399999999997e-06,0.01541224955548448,-0.009694696714318498
9.221199999999996,9.221199999999996e-06,-0.021784376558038554,-0.009878938615185844
9.222000000000001,9.222e-06,-0.02229012614211978,-0.010043242478815658
9.2228,9.2228e-06,-0.01111105223656672,-0.010186155176858688
9.223599999999998,9.223599999999998e-06,0.016604562906849307,-0.010306379205085942
9.224399999999996,9.224399999999996e-06,-0.04641783081441131,-0.010402788409083853
9.225200000000001,9.225200000000001e-06,0.015549372878690848,-0.01047444149073835
9.225999999999999,9.226e-06,0.009974777717410066,-0.010520593125845443
9.226799999999997,9.226799999999996e-06,-0.010612300546855136,-0.010540702578697232
9.227599999999995,9.227599999999994e-06,0.005188312343578749,-0.010534439732298919
9.2284,9.2284e-06,-0.014536873178615406,-0.010501688451299744
9.229199999999999,9.229199999999998e-06,-0.00594064063900146,-0.01044254716669743
9.229999999999997,9.229999999999996e-06,-0.019493750150012312,-0.010357326547286815
9.230799999999995,9.230799999999995e-06,-0.006465114877309386,-0.010246544126510748
9.2316,9.2316e-06,0.003477198473955556,-0.010110915789229057
9.232399999999998,9.232399999999998e-06,-0.0414539559487449,-0.009951344081763232
9.233199999999997,9.233199999999997e-06,-0.015051701174113807,-0.009768903377301932
9.233999999999995,9.233999999999995e-06,-0.03839051971602858,-0.009564822008420702
9.2348,9.2348e-06,-0.013266068007141363,-0.009340461591271238
9.235599999999998,9.235599999999998e-06,0.05031900560390823,-0.009097293926851924
9.236399999999996,9.236399999999995e-06,-0.02267066767438619,-0.008836876044735813
9.237200000000001,9.2372e-06,0.01715059865945867,-0.008560824086036669
9.238,9.237999999999999e-06,0.01144171703504604,-0.00827078675426889
9.238800000000005,9.238800000000004e-06,0.03672769044141655,-0.007968419006368915
9.239599999999996,9.239599999999995e-06,-0.011618125994868,-0.007655356555585232
9.240400000000001,9.2404e-06,0.0029192474498539456,-0.007333191634057802
9.2412,9.241199999999999e-06,0.0025353012261201124,-0.0070034503225731995
9.242000000000004,9.242000000000004e-06,-0.021004568839178783,-0.006667571627983145
9.242799999999995,9.242799999999996e-06,0.010194553895020997,-0.00632688841144112
9.2436,9.2436e-06,-0.002180238053264283,-0.00598261025046752
9.244399999999999,9.244399999999999e-06,-0.024141768026316957,-0.005635808336232423
9.245199999999997,9.245199999999996e-06,0.009642276590869137,-0.005287402542794735
9.245999999999995,9.245999999999994e-06,-0.013073338552446856,-0.004938150848763213
9.2468,9.2468e-06,0.06150299688658345,-0.004588641344717945
9.247599999999998,9.247599999999998e-06,-0.007790958348978694,-0.00423928710676062
9.248399999999997,9.248399999999996e-06,0.03570162765332208,-0.003890324216766947
9.249199999999995,9.249199999999994e-06,0.020460289961309663,-0.003541813130445627
9.25,9.25e-06,-0.013673656262424116,-0.003193643446604563
9.250799999999998,9.250799999999998e-06,-0.012205204259033375,-0.0028455419610928226
9.251599999999996,9.251599999999996e-06,0.02555069705301094,-0.0024970837472342647
9.252399999999994,9.252399999999995e-06,0.028223945510551074,-0.0021477059256690724
9.2532,9.2532e-06,0.007899766452599821,-0.0017967237629049613
9.253999999999998,9.253999999999998e-06,0.015691225067585135,-0.001443348714985522
9.254799999999996,9.254799999999995e-06,0.0010655250484092882,-0.0010867079635274637
9.255600000000001,9.2556e-06,-0.012149598127445649,-0.0007258648879600025
9.2564,9.256399999999998e-06,-0.01610064965082969,-0.00035983983037939104
9.257200000000005,9.257200000000003e-06,-0.04160696706620359,1.2369518762209435e-05
9.257999999999996,9.257999999999995e-06,-0.005355642891983425,0.00039176873002001733
9.2588,9.2588e-06,0.0077794757781072255,0.0007793487076239225
9.259599999999999,9.259599999999999e-06,0.01858708656281083,0.0011760694784925135
9.260400000000004,9.260400000000004e-06,0.0352592384380257,0.0015828457321901083
9.261199999999995,9.261199999999995e-06,-0.037598228894184405,0.002000533999111754
9.262,9.262e-06,0.02468256275959746,0.002429921307004385
9.262799999999999,9.262799999999999e-06,0.0230423749844213,0.002871715168993557
9.263600000000004,9.263600000000004e-06,0.026515479989468127,0.003326534767751736
9.264399999999995,9.264399999999994e-06,0.03990309528003566,0.0037949031989120566
9.2652,9.265199999999999e-06,-0.018854470445626714,0.004277240665314658
9.265999999999998,9.265999999999997e-06,-0.009671159641847282,0.004773858597986924
9.266799999999996,9.266799999999996e-06,0.030371963386855882,0.005284954780395228
9.267599999999995,9.267599999999994e-06,0.01171237047845708,0.005810609602346685
9.2684,9.2684e-06,0.02380270170612686,0.006350783549934679
9.269199999999998,9.269199999999998e-06,-0.010213034360162077,0.0069053159954846465
9.269999999999996,9.269999999999996e-06,0.009885694800028877,0.007473925335223342
9.270799999999994,9.270799999999994e-06,0.022352406525670276,0.0080562105250599
9.2716,9.2716e-06,0.03507085852906089,0.008651654051200133
9.272399999999998,9.272399999999998e-06,0.008308111050710054,0.00925962634010595
9.273199999999996,9.273199999999994e-06,4.22991203896661e-05,0.009879391595920098
9.274000000000001,9.274000000000001e-06,0.009818929739876747,0.010510115070466895
9.274799999999999,9.274799999999998e-06,0.015029059674677825,0.011150871791421529
9.275600000000004,9.275600000000003e-06,0.005550697053010922,0.011800656756941403
9.276399999999995,9.276399999999995e-06,-0.028353638238767798,0.012458396543231002
9.2772,9.2772e-06,0.024592912010823587,0.013122962180712256
9.277999999999999,9.277999999999998e-06,0.013847905251977433,0.013793183035341182
9.278800000000004,9.278800000000003e-06,0.02987529221429186,0.014467861280787829
9.279599999999995,9.279599999999995e-06,0.08240725631436041,0.015145786396279011
9.2804,9.2804e-06,0.046053609777017335,0.015825749037088683
9.281199999999998,9.281199999999998e-06,0.015179990274989064,0.016506553653528554
9.282000000000004,9.282000000000004e-06,0.047298124568402544,0.017187029387019912
9.282799999999995,9.282799999999994e-06,0.033196898787634765,0.01786603899432536
9.2836,9.283599999999999e-06,0.035188312343578776,0.01854248576231468
9.284399999999998,9.284399999999997e-06,0.010708625547591777,0.019215318534454885
9.285200000000003,9.285200000000002e-06,0.013062612324402867,0.01988353508489326
9.285999999999994,9.285999999999994e-06,0.02269531023784821,0.02054618415225673
9.2868,9.286799999999999e-06,0.007623627800573907,0.021202366466406258
9.287599999999998,9.287599999999997e-06,0.04840003082806621,0.021851235060874885
9.288399999999996,9.288399999999996e-06,0.0547487599882871,0.02249199508694886
9.289199999999994,9.289199999999994e-06,0.006482191715109331,0.023123903278005623
9.29,9.289999999999999e-06,0.03533167721822761,0.02374626719419849
9.290799999999997,9.290799999999998e-06,0.021242934540244174,0.024358444409274944
9.291599999999995,9.291599999999994e-06,0.011731851475711319,0.024959841840616385
9.2924,9.292400000000001e-06,0.03989761007152082,0.02554991542560861
9.293199999999999,9.293199999999998e-06,0.02386946676627899,0.026128170303904786
9.294000000000004,9.294000000000003e-06,0.028361636665150458,0.026694161596687752
9.294799999999995,9.294799999999994e-06,0.013880625694843496,0.027247495804359242
9.2956,9.2956e-06,0.02528779784669699,0.02778783278196115
9.296399999999998,9.296399999999998e-06,0.028166258861815896,0.028314888185670437
9.297200000000004,9.297200000000003e-06,0.058370715076567437,0.028828436200134012
9.297999999999995,9.297999999999995e-06,0.00652531474381246,0.02932831226438568
9.2988,9.2988e-06,0.10608633021991343,0.0298144154437534
9.299599999999998,9.299599999999998e-06,0.004270813470019674,0.03028671007260449
9.300400000000003,9.300400000000003e-06,0.05582059415359464,0.030745226326305625
9.301199999999994,9.301199999999993e-06,0.055134786729168384,0.031190059461072717
9.302,9.301999999999998e-06,0.033325511530716945,0.03162136756119615
9.302799999999998,9.302799999999997e-06,0.06223552054254522,0.03203936772810592
9.303600000000003,9.303600000000002e-06,0.04726616046833387,0.03244433073168994
9.304399999999994,9.304399999999993e-06,0.03972852264827542,0.0328365742332313
9.3052,9.305199999999999e-06,-0.0009892488762195395,0.03321645478394711
9.305999999999997,9.305999999999997e-06,0.06531427673815082,0.03358435888538095
9.306800000000003,9.306800000000002e-06,0.02681809753301767,0.033940693435754815
9.307599999999994,9.307599999999994e-06,0.03780103729240891,0.03428587586520948
9.308399999999999,9.308399999999999e-06,0.04314394100458696,0.034620324209236
9.309199999999997,9.309199999999997e-06,0.018933394966456407,0.03494444732089887
9.309999999999995,9.309999999999996e-06,0.05082834839076167,0.035258635385500996
9.3108,9.3108e-06,0.05574058964773043,0.035563250861586154
9.311599999999999,9.311599999999997e-06,0.05346112216816867,0.03585861992814588
9.312400000000004,9.312400000000003e-06,0.06833458994220398,0.03614502449302733
9.313199999999995,9.313199999999994e-06,0.06231684922272929,0.03642269484258389
9.314,9.314e-06,0.02461579769944522,0.03669180309932993
9.314799999999998,9.314799999999998e-06,0.009028151603787227,0.036952457782283954
9.315600000000003,9.315600000000003e-06,0.01745813358023074,0.03720469988101142
9.316399999999994,9.316399999999994e-06,0.012278643571248304,0.037448500889469376
9.3172,9.3172e-06,0.05600008416257718,0.037683763156468014
9.317999999999998,9.317999999999998e-06,0.025883954522279318,0.03791032271876835
9.318800000000003,9.318800000000003e-06,0.01667832586127105,0.03812795456343703
9.319599999999994,9.319599999999993e-06,0.04924092988712847,0.03833638007955525
9.3204,9.3204e-06,0.05170820944416232,0.038535276314793254
9.321199999999997,9.321199999999996e-06,0.034613717182297776,0.03872428653035367
9.322000000000003,9.322000000000002e-06,0.05800416933287034,0.03890303144829493
9.322799999999994,9.322799999999993e-06,0.10427497450434453,0.03907112052807353
9.323599999999999,9.323599999999998e-06,0.08261738624913162,0.039228162610677096
9.324399999999997,9.324399999999997e-06,0.04584839721933853,0.03937377535016144
9.325200000000002,9.325200000000002e-06,0.031840415390246624,0.03950759303392694
9.325999999999993,9.325999999999993e-06,0.044398858381809236,0.03962927264069792
9.326799999999999,9.326799999999999e-06,0.04457135049642191,0.0397384982028322
9.327599999999997,9.327599999999997e-06,0.04810214215020392,0.03983498365173811
9.328400000000002,9.328400000000002e-06,0.03777815160378717,0.03991847434025954
9.329199999999993,9.329199999999992e-06,0.04405519832670368,0.03998874741066987
9.329999999999998,9.329999999999997e-06,0.08571562344193151,0.04004561115080815
9.330800000000004,9.330800000000004e-06,0.06802989188150677,0.04008890346785679
9.331600000000002,9.3316e-06,0.0008777129708371634,0.04011848962847084
9.3324,9.332399999999999e-06,0.03605512246267206,0.04013425948196954
9.333199999999998,9.333199999999997e-06,0.04689129265604697,0.040136124466812965
9.334000000000003,9.334000000000002e-06,0.005856907799362987,0.04012401472521762
9.334799999999994,9.334799999999994e-06,0.03769039286072606,0.040097876579929394
9.3356,9.3356e-06,0.04926041088428257,0.0400576704905128
9.336399999999998,9.336399999999998e-06,0.06350632571401937,0.04000336944888076
9.337200000000003,9.337200000000003e-06,0.05026207529800053,0.03993495763038854
9.337999999999994,9.337999999999994e-06,0.08754570381182714,0.039852429027813864
9.338799999999999,9.3388e-06,0.04126998126316073,0.03975578579212226
9.339599999999997,9.339599999999996e-06,0.0658748761108624,0.039645036083609524
9.340400000000002,9.340400000000001e-06,0.03107668397707375,0.03952019136911204
9.341199999999994,9.341199999999993e-06,0.022271645676878782,0.03938126324157079
9.341999999999999,9.341999999999998e-06,0.061907180450368915,0.039228259940952866
9.342799999999997,9.342799999999996e-06,0.017040710570703332,0.039061182789540495
9.343600000000002,9.343600000000001e-06,0.07680637077299057,0.0388800227233639
9.344399999999993,9.344399999999993e-06,0.06499633923171166,0.03868475704202454
9.345199999999998,9.345199999999998e-06,0.01685781587025348,0.038475346459033805
9.345999999999997,9.345999999999997e-06,0.001599077698234419,0.03825173254144621
9.346800000000002,9.346800000000002e-06,0.06008258528901811,0.03801383565873127
9.347599999999993,9.347599999999992e-06,0.0722152832024936,0.03776155355326309
9.348399999999998,9.348399999999998e-06,0.013605811217137553,0.03749476056895416
9.349200000000003,9.349200000000004e-06,0.038760902851743606,0.03721330748229703
9.350000000000001,9.35e-06,0.054730603165422775,0.03691702183228018
9.3508,9.350799999999999e-06,0.03528155629525476,0.03660570863183097
9.351599999999998,9.351599999999997e-06,0.0414925943008464,0.036279151322871475
9.352400000000003,9.352400000000002e-06,0.10007974842904321,0.0359371128090982
9.353200000000001,9.3532e-06,0.027140196073721534,0.035579336395379524
9.354,9.353999999999999e-06,0.06054729236154355,0.035205546506741923
9.354799999999997,9.354799999999997e-06,0.053878545177726056,0.034815449161573836
9.355600000000003,9.355600000000002e-06,0.017581261114798186,0.03440873230965835
9.356399999999994,9.356399999999994e-06,0.0018292564615821627,0.03398506626939546
9.357199999999999,9.357199999999999e-06,0.03762703249204136,0.033544104566887396
9.357999999999997,9.357999999999996e-06,0.06845204375675173,0.03308548546360255
9.358800000000002,9.358800000000003e-06,0.023546044051255044,0.03260883436450216
9.359599999999993,9.359599999999993e-06,-0.009164653714938686,0.032113767182968087
9.360399999999998,9.360399999999998e-06,0.06783924294391985,0.03159989466053937
9.361199999999997,9.361199999999996e-06,0.05134790525197741,0.03106682758804684
9.362000000000002,9.362000000000001e-06,0.05646063020077763,0.030514182813615814
9.362799999999993,9.362799999999993e-06,0.05835539511370824,0.029941589875209798
9.363599999999998,9.363599999999998e-06,0.027094992527971096,0.029348698120358507
9.364399999999996,9.364399999999996e-06,0.004974777717410062,0.028735184280945302
9.365200000000002,9.365200000000001e-06,-0.011646685403439161,0.028100760593707776
9.365999999999993,9.365999999999991e-06,0.03468956065386697,0.027445183612836516
9.366799999999998,9.366799999999998e-06,0.0368731358331128,0.02676826379655432
9.367599999999996,9.367599999999995e-06,0.049225609924269165,0.026069875784001082
9.368400000000001,9.3684e-06,0.03828238850211374,0.02534996909998042
9.3692,9.369199999999998e-06,0.006984348096288229,0.024608578920855193
9.369999999999997,9.369999999999997e-06,0.0062699812631608065,0.02384583652106363
9.370800000000003,9.370800000000002e-06,0.05935914004457343,0.023061979039017334
9.3716,9.3716e-06,0.05822262133623102,0.022257358189540152
9.372399999999999,9.372399999999999e-06,0.036807694947280645,0.021432447508872132
9.373199999999997,9.373199999999997e-06,0.03700458543626994,0.02058784771369959
9.374000000000002,9.374000000000002e-06,0.034768240985511234,0.019724289837053696
9.3748,9.3748e-06,0.05151699267519272,0.018842635947020583
9.375599999999999,9.375599999999999e-06,0.029732683682570316,0.01794387740346714
9.376399999999997,9.376399999999995e-06,0.02495529672015595,0.01702913074167403
9.377200000000002,9.377200000000002e-06,-0.012081320381638672,0.01609963139677551
9.377999999999993,9.377999999999992e-06,0.0160008405054044,0.015156725588208773
9.378799999999998,9.378799999999997e-06,0.03519871492931581,0.014201860731635605
9.379599999999996,9.379599999999996e-06,0.0019378203761175605,0.013236574716676754
9.380400000000002,9.380400000000001e-06,0.04684249590739409,0.01226248431354463
9.381199999999993,9.381199999999992e-06,0.03213471086520692,0.011281272908683485
9.381999999999998,9.381999999999998e-06,-0.026238340805428972,0.010294677754933243
9.382799999999996,9.382799999999996e-06,0.05785323873252923,0.009304476952376088
9.383600000000001,9.383600000000001e-06,-0.0030385375923334124,0.008312476421969518
9.384399999999992,9.384399999999993e-06,-0.016155499439490018,0.007320497163598364
9.385199999999998,9.385199999999998e-06,0.00366009317440541,0.00633036309191806
9.385999999999996,9.385999999999994e-06,-0.011136774785163284,0.0053438897127451885
9.386800000000001,9.386800000000001e-06,0.03167208430982882,0.004362873824150294
9.387599999999999,9.387599999999998e-06,-0.003481683150557191,0.00338908430227774
9.388399999999997,9.388399999999996e-06,-0.017989173012287973,0.0024242539035553767
9.389200000000002,9.389200000000002e-06,0.010504169332840263,0.0014700719200119094
9.39,9.39e-06,0.04942250041325824,0.000528177456103931
9.390799999999999,9.390799999999998e-06,0.03553197239868422,-0.00039984696511943026
9.391599999999997,9.391599999999997e-06,0.0014751938208394932,-0.0013124817848453874
9.392400000000002,9.392400000000002e-06,-0.012075835173023908,-0.0022082770384708487
9.3932,9.3932e-06,-0.0021308734731187995,-0.0030858593515073734
9.393999999999998,9.393999999999998e-06,0.026026563054100893,-0.003943939284067849
9.394799999999996,9.394799999999997e-06,-0.0004411326064625021,-0.004781318942641745
9.395600000000002,9.395600000000002e-06,0.04446486709903408,-0.005596899770660989
9.3964,9.396399999999999e-06,-0.019417906678342978,-0.006389690412112644
9.397199999999998,9.397199999999997e-06,-0.0392251772236486,-0.007158814475097252
9.397999999999996,9.397999999999995e-06,-0.01184073903245364,-0.007903517929677108
9.398800000000001,9.3988e-06,-0.0025099023197304726,-0.008623175826656768
9.3996,9.399599999999999e-06,-0.012557942725555993,-0.00931729807255621
9.400399999999998,9.400399999999997e-06,0.016624043904003405,-0.00998553411867054
9.401199999999996,9.401199999999996e-06,-0.018311271552991837,-0.010627676545533269
9.402000000000001,9.402e-06,0.028709457754450773,-0.011243663595595685
9.402799999999992,9.402799999999992e-06,-0.021005325182006263,-0.011833580720703727
9.403599999999997,9.403599999999998e-06,-0.01891291343718915,-0.012397661183924108
9.404399999999995,9.404399999999994e-06,0.0038416637005351806,-0.012936285711000927
9.4052,9.405200000000001e-06,0.005132706211990912,-0.013449981153930757
9.405999999999999,9.405999999999998e-06,-0.02146435853448203,-0.013939418123346987
9.406799999999997,9.406799999999996e-06,-0.019118125994868063,-0.014405407553006528
9.407600000000002,9.407600000000001e-06,-0.013593651756460101,-0.014848896160653189
9.4084,9.4084e-06,0.009421744070430838,-0.015270960776303102
9.409199999999998,9.409199999999998e-06,0.00869981151164112,-0.015672801538133864
9.409999999999997,9.409999999999996e-06,-0.010361128100498385,-0.016055733987425966
9.410800000000002,9.410800000000001e-06,-0.020717271258488323,-0.016421180086400575
9.4116,9.4116e-06,-0.03577079687292872,-0.01677065812932936
9.412399999999998,9.412399999999998e-06,-0.015946882190443712,-0.017105771462692612
9.413199999999996,9.413199999999997e-06,-0.025008578145410465,-0.01742819593003183
9.414000000000001,9.414000000000002e-06,0.005266236332295282,-0.017739666027452007
9.4148,9.414799999999998e-06,-0.03555385755529272,-0.018041959863994685
9.415599999999998,9.415599999999997e-06,-0.005014063354025322,-0.01833688312050969
9.416399999999996,9.416399999999995e-06,0.011485596406576759,-0.018626252267777362
9.417200000000001,9.4172e-06,0.011788213950126414,-0.01891187734058876
9.418,9.417999999999999e-06,-0.06569570974418681,-0.0191955445660308
9.418799999999997,9.418799999999997e-06,0.0045282274678187795,-0.01947899910366626
9.419599999999996,9.419599999999995e-06,-0.03407708348331229,-0.019763928099370855
9.4204,9.4204e-06,-0.017305446104978972,-0.020051944239656574
9.421199999999999,9.421199999999999e-06,-0.013539369799192347,-0.02034457004177514
9.421999999999997,9.421999999999997e-06,0.020352482389701776,-0.020643223193741934
9.422799999999995,9.422799999999996e-06,-0.024522309558583477,-0.020949203320968075
9.4236,9.4236e-06,0.014778643571248251,-0.021263680570236105
9.424399999999999,9.424399999999997e-06,0.005974361613980572,-0.021587686353837492
9.425199999999997,9.425199999999996e-06,0.006130209591414193,-0.02192210649518449
9.426000000000002,9.426000000000001e-06,-0.029865213270861668,-0.022267676879317543
9.4268,9.4268e-06,0.012630625694843522,-0.022624981551773175
9.427599999999998,9.427599999999998e-06,-0.017264403593423183,-0.022994453049472563
9.428399999999996,9.428399999999996e-06,-0.025144188782862398,-0.023376374613922696
9.429200000000002,9.429200000000001e-06,-0.01980052872785676,-0.023770883838540376
9.43,9.43e-06,-0.04353936979919226,-0.024177977236033484
9.430799999999998,9.430799999999998e-06,-0.048403759161740556,-0.024597515188705937
9.431599999999996,9.431599999999996e-06,-0.06336895820172694,-0.025029226784186613
9.432400000000001,9.432400000000001e-06,-0.03352480617916043,-0.025472714156892107
9.4332,9.4332e-06,0.0075074981602761826,-0.025927456152651823
9.433999999999997,9.433999999999996e-06,-0.03377862697405731,-0.026392811377414106
9.434799999999996,9.434799999999995e-06,-0.050752828561429264,-0.02686802091040331
9.4356,9.4356e-06,0.005049864846152108,-0.027352211101614746
9.436399999999999,9.436399999999998e-06,-0.0034149180904050613,-0.027844396943478886
9.437199999999997,9.437199999999997e-06,0.017099909905093247,-0.028343486545690282
9.437999999999995,9.437999999999995e-06,-0.011458873325867036,-0.028848287242412615
9.4388,9.4388e-06,-0.03696802760131579,-0.029357513780305308
9.439599999999999,9.439599999999999e-06,-0.010053025348433775,-0.029869798876487812
9.440399999999997,9.440399999999997e-06,0.0037574981602761515,-0.030383706261206248
9.441199999999995,9.441199999999995e-06,-0.010257481563185289,-0.030897746187431685
9.442,9.442e-06,0.001788213950126405,-0.03141039329110258
9.442799999999998,9.442799999999997e-06,-0.04382950423985754,-0.031920106573131435
9.443599999999996,9.443599999999995e-06,0.009726442131128055,-0.03242535112690054
9.444400000000002,9.4444e-06,-0.03679061810948081,-0.03292462107940016
9.4452,9.445199999999999e-06,-0.04182409489527439,-0.03341646308423769
9.445999999999998,9.445999999999997e-06,-0.03037720440628522,-0.03389949961228157
9.446799999999996,9.446799999999996e-06,-0.04340375916174055,-0.03437245123566822
9.447600000000001,9.4476e-06,-0.04561929844112489,-0.03483415710420829
9.4484,9.4484e-06,-0.01643031391729599,-0.0352835928700672
9.449199999999998,9.449199999999998e-06,-0.06953403631864064,-0.03571988540763763
9.449999999999996,9.449999999999996e-06,-0.025541374452408117,-0.03614232377833243
9.450800000000001,9.450800000000001e-06,-0.0587077008796103,-0.036550365995786975
9.4516,9.4516e-06,-0.06385863147992155,-0.03694364126278907
9.452399999999997,9.452399999999996e-06,-0.05171553098073889,-0.03732194749081412
9.453199999999995,9.453199999999994e-06,-0.015098985237111728,-0.03768524408559029
9.454,9.454e-06,-0.03734781279075483,-0.03803364018068059
9.454799999999999,9.454799999999998e-06,-0.05651031842316012,-0.03836737869088661
9.455599999999997,9.455599999999996e-06,-0.07181709700100469,-0.03868681669805476
9.456399999999995,9.456399999999995e-06,-0.03785980392627841,-0.03899240278059919
9.4572,9.4572e-06,-0.006963866567020971,-0.03928465200958677
9.457999999999998,9.457999999999998e-06,-0.0006819024669822982,-0.03956411948444679
9.458799999999997,9.458799999999997e-06,0.017466455648820323,-0.039831373413675694
9.459599999999995,9.459599999999995e-06,-0.05220596060186089,-0.040086968767556345
9.4604,9.4604e-06,-0.053873195099953364,-0.040331422405522004
9.461199999999998,9.461199999999998e-06,-0.0194457097441868,-0.04056519037477094
9.461999999999996,9.461999999999995e-06,-0.01714051971602859,-0.04078864790264546
9.462800000000001,9.4628e-06,0.001494674817993702,-0.04100207252277873
9.4636,9.463599999999999e-06,-0.005315356723255227,-0.041205630738767
9.464400000000005,9.464400000000004e-06,-0.05141083292004167,-0.041399368549873576
9.465199999999996,9.465199999999995e-06,-0.004893772679433028,-0.04158320600459079
9.466000000000001,9.466e-06,-0.04274915949459557,-0.0417569357500248
9.4668,9.466799999999999e-06,-0.024027718903166684,-0.041920225370156876
9.467600000000004,9.467600000000004e-06,-0.02080503000154954,-0.04207262317995803
9.468399999999995,9.468399999999996e-06,-0.03568455081552235,-0.04221356705067402
9.4692,9.4692e-06,-0.04108324917072281,-0.042342395762115806
9.469999999999999,9.469999999999999e-06,-0.0197587298734736,-0.042458362302450106
9.470799999999997,9.470799999999996e-06,-0.06775332052889038,-0.042560648471811215
9.471599999999995,9.471599999999994e-06,-0.07924825142370506,-0.04264838010730108
9.4724,9.4724e-06,-0.02472752211626239,-0.04272064225276958
9.473199999999999,9.473199999999998e-06,-0.05320138346413639,-0.042776493669529216
9.473999999999997,9.473999999999996e-06,-0.039868050130836385,-0.04281498022319159
9.474799999999995,9.474799999999994e-06,-0.08192074353841783,-0.04283514684432558
9.4756,9.4756e-06,-0.044345656409675804,-0.04283604790474961
9.476399999999998,9.476399999999998e-06,-0.07011430519997114,-0.04281675598666015
9.477199999999996,9.477199999999996e-06,0.005618218455990642,-0.042776369183628545
9.477999999999994,9.477999999999995e-06,-0.016087410205017805,-0.042714017256839654
9.4788,9.4788e-06,-0.01026731631742972,-0.042628867116730515
9.479599999999998,9.479599999999998e-06,-0.020057942725555944,-0.04252012813809722
9.480399999999996,9.480399999999995e-06,-0.022841079271951448,-0.04238705772389663
9.481200000000001,9.4812e-06,-0.04927397397230149,-0.0422289673547829
9.482,9.481999999999998e-06,-0.03213144130461154,-0.04204522917162656
9.482800000000005,9.482800000000003e-06,-0.02181842117532462,-0.04183528299247515
9.483599999999996,9.483599999999995e-06,-0.06987902054796613,-0.04159864358321944
9.4844,9.4844e-06,-0.01687762050971453,-0.041334907971366776
9.485199999999999,9.485199999999999e-06,-0.044361544203928016,-0.04104376259478066
9.486000000000004,9.486000000000004e-06,-0.038382953990266255,-0.04072499010126668
9.486799999999995,9.486799999999995e-06,0.003666334725847542,-0.04037847565014791
9.4876,9.4876e-06,0.006738093027153558,-0.040004212590297815
9.488399999999999,9.488399999999999e-06,-0.051730850943698226,-0.03960230736702366
9.489200000000004,9.489200000000004e-06,-0.07396927591160429,-0.03917298341788247
9.489999999999995,9.489999999999994e-06,-0.06270679280871977,-0.038716583681318736
9.4908,9.490799999999999e-06,-0.04157992034328706,-0.038233571255751324
9.491599999999998,9.491599999999997e-06,-0.035869714544554454,-0.037724527796405394
9.492399999999996,9.492399999999996e-06,-0.03924825142370514,-0.037190149410123954
9.493199999999995,9.493199999999994e-06,-0.043084497481011286,-0.03663124001301974
9.494,9.494e-06,0.0012156993058930476,-0.036048702277418826
9.494799999999998,9.494799999999998e-06,-0.03162928492343264,-0.035443526397109223
9.495599999999996,9.495599999999996e-06,-0.034696882190443756,-0.03481677695057912
9.496399999999994,9.496399999999994e-06,-0.06834815303025277,-0.034169578145337456
9.4972,9.4972e-06,-0.003885866714272712,-0.0335030977076484
9.497999999999998,9.497999999999998e-06,-0.036247419216846044,-0.03281852969075966
9.498799999999996,9.498799999999995e-06,-0.024694801673296296,-0.03211707653375608
9.499600000000001,9.499600000000001e-06,-0.05597468525618754,-0.031399930780763904
9.500399999999999,9.500399999999998e-06,-0.02403604097175649,-0.030668256930604768
9.501200000000004,9.501200000000003e-06,0.004810607671286937,-0.029923173938456362
9.501999999999995,9.501999999999995e-06,0.01053821395012644,-0.029165738952372636
9.5028,9.5028e-06,-0.0121524349875205,-0.028396932910572794
9.503599999999999,9.503599999999998e-06,-0.012900846437734148,-0.027617648591509086
9.504400000000004,9.504400000000003e-06,0.019661757588123163,-0.02682868157919565
9.505199999999995,9.505199999999995e-06,-0.015845316170178037,-0.026030724422941142
9.506,9.506e-06,0.01377414229745555,-0.025224364080125992
9.506799999999998,9.506799999999998e-06,-0.05160980392627845,-0.024410082543812914
9.507600000000004,9.507600000000004e-06,-0.0014303139172959778,-0.023588260376142832
9.508399999999995,9.508399999999994e-06,-0.044948054636700596,-0.022759182721050417
9.5092,9.509199999999999e-06,-0.006380949337150388,-0.02192304729105484
9.509999999999998,9.509999999999997e-06,0.003819345843306232,-0.021079973818345643
9.510800000000003,9.510800000000002e-06,-0.02581335207013924,-0.020230014497383222
9.511599999999994,9.511599999999994e-06,-0.03479220665926708,-0.019373164979002953
9.5124,9.512399999999999e-06,-0.017800036760395765,-0.018509375484640926
9.513199999999998,9.513199999999997e-06,-0.04083207672446609,-0.017638561619117598
9.513999999999996,9.513999999999996e-06,0.00838527869659933,-0.0167606145122367
9.514799999999994,9.514799999999994e-06,-0.014788045624972379,-0.015875410020001802
9.5156,9.5156e-06,0.008724021374482693,-0.014982816829031093
9.516399999999997,9.516399999999998e-06,0.009171327967001375,-0.014082703385294906
9.517199999999995,9.517199999999994e-06,-0.06380586220840856,-0.013174943585478466
9.518,9.518000000000001e-06,-0.0032694726986086664,-0.01225942114124423
9.518799999999999,9.518799999999998e-06,0.0066783258612710394,-0.011336032506036082
9.519600000000004,9.519600000000003e-06,-0.03746053773958513,-0.010404688290938423
9.520399999999995,9.520399999999994e-06,-0.01099416625344174,-0.009465313187978872
9.5212,9.5212e-06,0.01100216467972448,-0.00851784452441341
9.521999999999998,9.521999999999998e-06,-0.010118466234265822,-0.007562229666817897
9.522800000000004,9.522800000000003e-06,0.024410585141766417,-0.006598422577400609
9.523599999999995,9.523599999999995e-06,-0.002741593768833317,-0.005626379881047883
9.5244,9.5244e-06,0.02537328756117596,-0.004646056809022973
9.525199999999998,9.525199999999998e-06,0.008588410737030872,-0.003657403343586963
9.526000000000003,9.526000000000003e-06,-0.0011409358194579555,-0.0026603608120628463
9.526799999999994,9.526799999999993e-06,-0.012360295893639517,-0.0016548590873691773
9.5276,9.527599999999998e-06,0.01105020508554988,-0.0006408144703542516
9.528399999999998,9.528399999999997e-06,0.023700379343033706,0.0003818717139704394
9.529200000000003,9.529200000000002e-06,-0.006977106012832968,0.00141331377302044
9.529999999999994,9.529999999999993e-06,0.04522311330369211,0.002453641506946202
9.5308,9.530799999999999e-06,0.0016609253812642777,0.0035029992303183314
9.531599999999997,9.531599999999997e-06,0.006798616535863555,0.004561543954715485
9.532400000000003,9.532400000000002e-06,-0.0265214773517245,0.005629442794966973
9.533199999999994,9.533199999999994e-06,0.02837279559371486,0.006706869713350741
9.533999999999999,9.533999999999999e-06,0.001279059674677785,0.007794001715938269
9.534799999999997,9.534799999999997e-06,0.04568630769046278,0.008891014553635187
9.535599999999995,9.535599999999996e-06,0.00907184246388304,0.009998077899222779
9.536399999999993,9.536399999999992e-06,0.06557509542731732,0.011115349929787258
9.537199999999999,9.537199999999997e-06,0.005801113156440496,0.012242971270871815
9.538000000000004,9.538000000000003e-06,0.01335331459656075,0.013381058348022938
9.538799999999995,9.538799999999994e-06,0.0654958472642806,0.014529696314422007
9.5396,9.5396e-06,-0.01724832728773651,0.01568893184235288
9.540399999999998,9.540399999999998e-06,0.05351540412543632,0.016858766158061606
9.541200000000003,9.541200000000003e-06,-0.0061541752651699255,0.018039148765825203
9.541999999999994,9.541999999999994e-06,0.016068929739876725,0.01922997235073849
9.5428,9.5428e-06,-0.0034260770189695755,0.020431069357872464
9.543599999999998,9.543599999999998e-06,-0.021049772384929444,0.021642210699760515
9.544400000000003,9.544400000000003e-06,0.03852240201980606,0.022863106930308474
9.545199999999994,9.545199999999993e-06,0.03822262133623111,0.024093412039898197
9.546,9.546e-06,0.01650299688658341,0.02533272980674352
9.546799999999998,9.546799999999996e-06,0.004117802352561206,0.026580622447225997
9.547600000000003,9.547600000000002e-06,0.052195802205309394,0.02783662118270379
9.548399999999994,9.548399999999993e-06,0.05121361878874564,0.02910023826054588
9.549199999999999,9.549199999999998e-06,0.04697186499340378,0.030370979898896942
9.549999999999997,9.549999999999997e-06,0.07039352490118744,0.03164835958344679
9.550800000000002,9.550800000000002e-06,0.06004362329470969,0.03293191117195198
9.551599999999993,9.551599999999993e-06,0.030927077550982562,0.0342212013691256
9.552399999999999,9.552399999999999e-06,-0.024075002966164827,0.03551584129026938
9.553199999999997,9.553199999999997e-06,0.07768547548357385,0.036815496976149734
9.554000000000002,9.554000000000002e-06,0.08128454488322268,0.03811989878361
9.554799999999993,9.554799999999992e-06,0.036628961281125694,0.03942884954104766
9.555599999999998,9.555599999999997e-06,0.06005894325756911,0.04074223130545988
9.556400000000004,9.556400000000004e-06,0.07749841974885907,0.042060010580871256
9.557200000000002,9.5572e-06,0.0083901960737216,0.04338224195912636
9.558,9.557999999999999e-06,0.03388686724628576,0.04470907026013889
9.558799999999998,9.558799999999997e-06,0.07073567227050825,0.04604073132481964
9.559600000000003,9.559600000000002e-06,0.019731359508250224,0.04737755162038965
9.560399999999994,9.560399999999994e-06,0.031189976757296622,0.04871994675471714
9.5612,9.5612e-06,0.08312862104172769,0.050068418894756016
9.561999999999998,9.561999999999998e-06,0.06425757402430787,0.05142355297335321
9.562800000000003,9.562800000000003e-06,0.1049030952800657,0.05278601146990505
9.563599999999994,9.563599999999994e-06,0.06437313583314286,0.05415652750599858
9.5644,9.5644e-06,0.05325799012773724,0.05553589605033469
9.565199999999997,9.565199999999996e-06,0.05401623633229524,0.05692496316548166
9.566000000000003,9.566000000000001e-06,0.08938902362746481,0.05832461338226931
9.566799999999994,9.566799999999993e-06,0.07991349786580271,0.05973575539006715
9.567599999999999,9.567599999999998e-06,0.05824058964773049,0.06115930627947547
9.568399999999997,9.568399999999996e-06,0.07460407093938803,0.06259617461467218
9.569200000000002,9.569200000000001e-06,0.07349516678542489,0.06404724267426083
9.569999999999993,9.569999999999993e-06,0.04633466580616541,0.06551334826293558
9.570799999999998,9.570799999999998e-06,0.05128738174326741,0.06699526653089005
9.571599999999997,9.571599999999997e-06,0.07723268368254033,0.06849369222768963
9.572400000000002,9.572400000000002e-06,0.09181393649872283,0.07000922275604421
9.573199999999993,9.573199999999992e-06,0.059373135833142854,0.07154234229242298
9.573999999999998,9.573999999999998e-06,0.09741917158582236,0.07309340714896087
9.574799999999996,9.574799999999995e-06,0.08827955164206891,0.07466263250240054
9.575600000000001,9.5756e-06,0.05460747563085555,0.0762500806104567
9.5764,9.576399999999999e-06,0.13359124759707575,0.0778556506523589
9.577199999999998,9.577199999999997e-06,0.0672521646797245,0.0794790703534508
9.578000000000003,9.578000000000002e-06,0.0692791355386394,0.08111988958128619
9.578800000000001,9.5788e-06,0.09959915356223581,0.08277747613403241
9.5796,9.579599999999999e-06,0.07243165468870694,0.08445101396782376
9.580399999999997,9.580399999999997e-06,0.08372818240880753,0.08613950410288365
9.581200000000003,9.581200000000002e-06,0.07597852264824545,0.08784176840184821
9.581999999999994,9.581999999999994e-06,0.04148219171510925,0.08955645633882975
9.582799999999999,9.582799999999999e-06,0.10541224955551443,0.09128205477160338
9.583599999999997,9.583599999999996e-06,0.15247477771737705,0.09301690057751884
9.584400000000002,9.584400000000003e-06,0.09400091636943608,0.09475919583613802
9.585199999999993,9.585199999999993e-06,0.08972228109680336,0.09650702511224261
9.585999999999999,9.585999999999998e-06,0.05737737273143917,0.09825837437287513
9.586799999999997,9.586799999999996e-06,0.13872477771738012,0.1000111511222158
9.587600000000002,9.587600000000001e-06,0.12610165018281283,0.10176320535435268
9.588399999999993,9.588399999999993e-06,0.11765767241779002,0.10351235086981964
9.589199999999998,9.589199999999998e-06,0.1085104867483142,0.10525638644708529
9.589999999999996,9.589999999999996e-06,0.11929369915867138,0.10699311637738501
9.590800000000002,9.590800000000001e-06,0.125503412990013,0.10872036994904198
9.591599999999993,9.591599999999991e-06,0.10691550251895865,0.11043601954892868
9.592399999999998,9.592399999999998e-06,0.11952463426491655,0.11213799710579302
9.593199999999996,9.593199999999995e-06,0.10117673731155474,0.11382430863673654
9.594000000000001,9.594e-06,0.12177989188150673,0.11549304667393641
9.5948,9.594799999999998e-06,0.17609805697994063,0.11714240033590893
9.595599999999997,9.595599999999997e-06,0.13564602152176453,0.11877066277990692
9.596400000000003,9.596400000000002e-06,0.1357559096105898,0.12037623577792687
9.5972,9.5972e-06,0.16855852715413955,0.12195763124595946
9.597999999999999,9.597999999999999e-06,0.13388138203773792,0.12351346972170421
9.598799999999997,9.598799999999997e-06,0.13444122506758505,0.12504247598503954
9.599600000000002,9.599600000000002e-06,0.13522651799508967,0.12654347220954612
9.6004,9.6004e-06,0.13731968608273404,0.1280153692006779
9.601199999999999,9.601199999999999e-06,0.08675000829857549,0.12945715639627223
9.601999999999997,9.601999999999995e-06,0.11224724730257218,0.13086789136062013
9.602800000000002,9.602800000000002e-06,0.09047352940709164,0.13224668947791451
9.603599999999993,9.603599999999992e-06,0.1675992294262305,0.13359271442536777
9.604399999999998,9.604399999999997e-06,0.11817874196470057,0.13490516978892586
9.605199999999996,9.605199999999996e-06,0.17153987836381446,0.13618329193867482
9.606000000000002,9.606000000000001e-06,0.14018131444927906,0.13742634409126625
9.606799999999993,9.606799999999992e-06,0.14022235696079477,0.13863361139624647
9.607599999999998,9.607599999999998e-06,0.12108916707992823,0.1398043968745933
9.608399999999996,9.608399999999996e-06,0.1615203973666236,0.14093801805900627
9.609200000000001,9.609200000000001e-06,0.1502919588809618,0.14203380418662237
9.609999999999992,9.609999999999993e-06,0.13894663441216837,0.14309109376100326
9.610799999999998,9.610799999999998e-06,0.15776415581518133,0.14410923225674613
9.611599999999996,9.611599999999995e-06,0.18840475969378356,0.14508756971596065
9.612400000000001,9.612400000000001e-06,0.15652039736662327,0.14602545798980487
9.613199999999999,9.613199999999998e-06,0.18072394551052107,0.14692224741901216
9.613999999999997,9.613999999999996e-06,0.15836787821656262,0.1477772828414614
9.614800000000002,9.614800000000002e-06,0.15951290750489244,0.14858989895810878
9.6156,9.6156e-06,0.16332891622218448,0.14935941524741483
9.616399999999999,9.616399999999998e-06,0.19520703699790543,0.15008513075885796
9.617199999999997,9.617199999999997e-06,0.07300057613003808,0.15076631922780726
9.618000000000002,9.618000000000002e-06,0.13412688076400825,0.1514022250374715
9.6188,9.6188e-06,0.1736746567944043,0.15199206058223697
9.619599999999998,9.619599999999998e-06,0.15952955164207183,0.15253500551292684
9.620399999999997,9.620399999999997e-06,0.16064394100462032,0.15303020817830862
9.621200000000002,9.621200000000002e-06,0.13354944874269248,0.15347678941062273
9.622,9.621999999999999e-06,0.13375749816030613,0.15387384870816306
9.622799999999998,9.622799999999997e-06,0.15447186499337073,0.1542204728177396
9.623599999999996,9.623599999999995e-06,0.15133882684049038,0.1545157466425674
9.624400000000001,9.6244e-06,0.17279820043240113,0.15475876627171126
9.6252,9.625199999999999e-06,0.15554937287869086,0.15494865378207082
9.625999999999998,9.625999999999997e-06,0.18403912202094697,0.15508457335405246
9.626799999999996,9.626799999999996e-06,0.19164484907547763,0.1551657481935418
9.627600000000001,9.6276e-06,0.1677077933407659,0.15519147776856473
9.628399999999992,9.628399999999992e-06,0.15837279559371487,0.1551611549469602
9.629199999999997,9.629199999999998e-06,0.1485780081513267,0.1550742827474072
9.629999999999995,9.629999999999994e-06,0.154238849369981,0.1549304905468759
9.6308,9.630800000000001e-06,0.15563977997032508,0.15472954966826039
9.631599999999999,9.631599999999998e-06,0.14651415581517802,0.15447138827886842
9.632399999999997,9.632399999999996e-06,0.16766883134639143,0.15415610548205683
9.633200000000002,9.633200000000001e-06,0.16467424069097447,0.15378398441437158
9.634,9.634e-06,0.1538102674318591,0.1533555040960805
9.634799999999998,9.634799999999998e-06,0.1329644509956347,0.15287134974027983
9.635599999999997,9.635599999999996e-06,0.17289560541833504,0.1523324212032132
9.636400000000002,9.636400000000001e-06,0.1784138381052407,0.1517398392348129
9.6372,9.6372e-06,0.14471944423678829,0.15109494915236843
9.637999999999998,9.637999999999998e-06,0.18199058964770043,0.15039932153544047
9.638799999999996,9.638799999999997e-06,0.19564186048746957,0.14965474955867342
9.639600000000002,9.639600000000002e-06,0.14473060316539277,0.1488632426477937
9.6404,9.640399999999998e-06,0.17554445550153874,0.1480270162564506
9.641199999999998,9.641199999999997e-06,0.1497181200625053,0.14714847770863057
9.641999999999996,9.641999999999995e-06,0.17827955164206888,0.14623020820635038
9.642800000000001,9.6428e-06,0.1656849835161428,0.14527494123454188
9.6436,9.643599999999999e-06,0.17730152925983989,0.14428553770551197
9.644399999999997,9.644399999999997e-06,0.10439602152176453,0.14326495830047392
9.645199999999996,9.645199999999995e-06,0.13966175758809318,0.14221623359283642
9.646,9.646e-06,0.13489477321147603,0.14114243263894813
9.646799999999999,9.646799999999999e-06,0.16147235696079776,0.1400466307421187
9.647599999999997,9.647599999999997e-06,0.10552573084721206,0.13893187702656024
9.648399999999995,9.648399999999996e-06,0.12987113117999693,0.13780116234887207
9.6492,9.6492e-06,0.15468956065386708,0.13665738796887747
9.649999999999999,9.649999999999997e-06,0.16204071057067038,0.13550333529712616
9.650799999999997,9.650799999999996e-06,0.1798773727314391,0.13434163693419077
9.651600000000002,9.651600000000001e-06,0.12959007515077892,0.1331747491633352
9.6524,9.6524e-06,0.126398594006343,0.13200492610060377
9.653199999999998,9.653199999999998e-06,0.0790621962210033,0.13083419582356254
9.653999999999996,9.653999999999996e-06,0.15793664792986084,0.12966433890116363
9.654800000000002,9.654800000000001e-06,0.15615385162293005,0.12849686974707097
9.6556,9.6556e-06,0.12261738624913154,0.12733302111809258
9.656399999999998,9.656399999999998e-06,0.09235448704281757,0.12617373196394407
9.657199999999996,9.657199999999996e-06,0.15538312231545337,0.12501963877492253
9.658000000000001,9.658000000000001e-06,0.13723552054254518,0.12387107055027956
9.6588,9.6588e-06,0.0954602899613397,0.12272804746954673
9.659599999999998,9.659599999999996e-06,0.1575610237747166,0.121590283292691
9.660399999999996,9.660399999999995e-06,0.08462695662800968,0.12045719147282502
9.661200000000001,9.6612e-06,0.12318573985900028,0.11932789493405023
9.661999999999999,9.661999999999998e-06,0.12559382008164421,0.11820123942029584
9.662799999999997,9.662799999999997e-06,0.13860789173425514,0.1170758102475965
9.663599999999995,9.663599999999995e-06,0.09526339947232065,0.11594995220754073
9.6644,9.6644e-06,0.13106817339701937,0.11482179230324548
9.665199999999999,9.665199999999999e-06,0.11187862104172763,0.11368926496382362
9.665999999999997,9.665999999999997e-06,0.10851672829975645,0.11255013935997783
9.666799999999995,9.666799999999995e-06,0.09966459444809816,0.11140204840966256
9.6676,9.6676e-06,0.10749142185455951,0.11024251901268955
9.668399999999998,9.668399999999997e-06,0.10071902813335887,0.10906900298320182
9.669199999999996,9.669199999999995e-06,0.12743581572300178,0.10787890805469304
9.670000000000002,9.67e-06,0.1539146703120966,0.10666962822644081
9.6708,9.670799999999999e-06,0.16610581121710455,0.10543857264265515
9.671599999999998,9.671599999999997e-06,0.09725216467972442,0.10418319220342691
9.672399999999996,9.672399999999996e-06,0.150310115703859,0.10290100323868032
9.673200000000001,9.6732e-06,0.12712828080229965,0.10158960781043941
9.674,9.674e-06,0.087108231973683,0.1002467104718709
9.674799999999998,9.674799999999998e-06,0.0690183168494728,0.09887013154143509
9.675599999999996,9.675599999999996e-06,0.14352580671120352,0.09745781711511596
9.676400000000001,9.676400000000001e-06,0.09738777531717635,0.09600784611645981
9.6772,9.6772e-06,0.10044496999845043,0.09451843468113111
9.677999999999997,9.677999999999996e-06,0.0994578692047644,0.09298793814884432
9.678799999999995,9.678799999999994e-06,0.13825382909344242,0.0914148509434226
9.6796,9.6796e-06,0.11768339496642644,0.0897978046633915
9.680399999999999,9.680399999999998e-06,0.050981359508250224,0.08813556477391107
9.681199999999997,9.681199999999996e-06,0.08985373069996028,0.08642702639233056
9.681999999999995,9.681999999999995e-06,0.031108648077112444,0.08467120976403325
9.6828,9.6828e-06,0.06570238399617956,0.08286725605401744
9.683599999999998,9.683599999999998e-06,0.08864477321147601,0.08101442397612363
9.684399999999997,9.684399999999997e-06,0.07850632571401928,0.0791120875646463
9.685199999999995,9.685199999999995e-06,0.07921028996133972,0.07715973513856515
9.686,9.686e-06,0.10061538159598582,0.07515696929785029
9.686799999999998,9.686799999999998e-06,0.09111621380284474,0.07310350766509165
9.687599999999996,9.687599999999995e-06,0.07750050026600663,0.07099918404107934
9.688400000000001,9.6884e-06,0.07167208430982885,0.06884394966143649
9.6892,9.689199999999999e-06,0.06368638355439438,0.06663787429863356
9.690000000000005,9.690000000000004e-06,0.08749217819741695,0.06438114701324359
9.690799999999996,9.690799999999995e-06,0.08662820493829815,0.06207407639103801
9.691600000000001,9.6916e-06,0.0740474440895067,0.059717090115984625
9.6924,9.692399999999999e-06,0.049784885122690636,0.057310733758975614
9.693200000000004,9.693200000000004e-06,0.0760780081513237,0.05485566872782096
9.693999999999996,9.693999999999996e-06,0.03672769044141655,0.0523526694036659
9.6948,9.6948e-06,0.019901014762888303,0.0498026195427414
9.695599999999999,9.695599999999999e-06,0.0674976634060317,0.047206508025125764
9.696399999999997,9.696399999999996e-06,0.05777871943517998,0.044565423977024635
9.697199999999995,9.697199999999994e-06,0.04989061217715107,0.04188055119558065
9.698,9.698e-06,0.08361621380284467,0.03915316171401655
9.698799999999999,9.698799999999998e-06,0.0456933055847325,0.036384608314591504
9.699599999999997,9.699599999999996e-06,0.051444553895021006,0.033576315846414614
9.700399999999995,9.700399999999994e-06,0.03928121605575685,0.030729771315786632
9.7012,9.7012e-06,0.056301945363299355,0.027846512852602173
9.701999999999998,9.701999999999998e-06,0.05107101025702421,0.024928117784701796
9.702799999999996,9.702799999999996e-06,0.019217287855679333,0.02197619016474305
9.703599999999994,9.703599999999995e-06,-0.026929065607007474,0.01899234820296146
9.7044,9.7044e-06,-0.009036797314683875,0.01597821215261508
9.705199999999998,9.705199999999998e-06,0.005070102186133574,0.012935393215309933
9.705999999999996,9.705999999999995e-06,0.014631874005131995,0.009865483926801456
9.706800000000001,9.7068e-06,0.007396853728593444,0.006770050270647861
9.7076,9.707599999999998e-06,0.007837162426742483,0.003650625535620875
9.708400000000005,9.708400000000003e-06,0.00765634824353989,0.0005087057600527949
9.709199999999996,9.709199999999995e-06,-0.00806917751815206,-0.00265425349305963
9.71,9.71e-06,0.0321311176623047,-0.005836839338316131
9.710799999999999,9.710799999999999e-06,0.02502414229745553,-0.009037683081368262
9.711600000000004,9.711600000000004e-06,0.029825927634146376,-0.012255461368882555
9.712399999999995,9.712399999999995e-06,0.005535377090051696,-0.015488897226100683
9.7132,9.7132e-06,0.006990589647730472,-0.01873676107225152
9.713999999999999,9.713999999999999e-06,-0.035955204259033424,-0.021997871579226478
9.714800000000004,9.714800000000004e-06,-0.07250857814541056,-0.025271096011863545
9.715599999999995,9.715599999999994e-06,-0.06089468075032345,-0.02855534953329067
9.7164,9.716399999999999e-06,-0.042570425828440506,-0.0318495929415842
9.717199999999998,9.717199999999997e-06,0.012524142297455465,-0.035152828448456075
9.717999999999996,9.717999999999996e-06,-0.04486313275371423,-0.038464093358720454
9.718799999999995,9.718799999999994e-06,-0.06733665386219034,-0.041782451739322816
9.7196,9.7196e-06,-0.020545535486703015,-0.04510698429235171
9.720399999999998,9.720399999999998e-06,-0.059508313770044174,-0.048436776688243637
9.721199999999996,9.721199999999996e-06,-0.04031876141472257,-0.05177090664773281
9.721999999999994,9.721999999999994e-06,-0.0436952177767258,-0.05510843011429979
9.7228,9.7228e-06,-0.07644639022298266,-0.058448366911210074
9.723599999999998,9.723599999999998e-06,-0.03553021552374369,-0.06178968631143318
9.724399999999996,9.724399999999995e-06,-0.05121129408251246,-0.06513129297148867
9.725200000000001,9.725200000000001e-06,-0.06890043033430471,-0.06847201369805123
9.725999999999999,9.725999999999998e-06,-0.054770645144865515,-0.0718105855195345
9.726800000000004,9.726800000000003e-06,-0.06895471229157235,-0.07514564551401229
9.727599999999995,9.727599999999995e-06,-0.032456376705290335,-0.0784757228064991
9.7284,9.7284e-06,-0.0885720902421584,-0.08179923310052636
9.729199999999999,9.729199999999998e-06,-0.07695894918989865,-0.08511447604169393
9.730000000000004,9.730000000000003e-06,-0.050135110371445246,-0.08841963561822959
9.730799999999995,9.730799999999995e-06,-0.10156592455474778,-0.09171278370332037
9.7316,9.7316e-06,-0.07208566992736826,-0.09499188675559186
9.732399999999998,9.732399999999999e-06,-0.1341550074720289,-0.09825481561793051
9.733200000000004,9.733200000000004e-06,-0.06792032743498833,-0.101499358294029
9.733999999999995,9.733999999999994e-06,-0.08665916850632388,-0.10472323555609016
9.7348,9.734799999999999e-06,-0.11107417075930592,-0.10792411924859165
9.735599999999998,9.735599999999997e-06,-0.05435189796111817,-0.11109965316561451
9.736400000000003,9.736400000000002e-06,-0.10131210375985072,-0.11424747635009642
9.737199999999994,9.737199999999994e-06,-0.1361458531965803,-0.11736524857835122
9.738,9.737999999999999e-06,-0.10241325367668702,-0.12045067766806707
9.738799999999998,9.738799999999997e-06,-0.11115209474802257,-0.12350154812258866
9.739599999999996,9.739599999999996e-06,-0.16338219764743883,-0.126515750544735
9.740399999999994,9.740399999999994e-06,-0.13771511487730936,-0.12949131123653912
9.7412,9.7412e-06,-0.11032500296616482,-0.13242642143806793
9.741999999999997,9.741999999999998e-06,-0.07639418878286242,-0.13531946574071693
9.742799999999995,9.742799999999994e-06,-0.1308905197160285,-0.1381690493056297
9.7436,9.743600000000001e-06,-0.11888227351147052,-0.14097402354971425
9.744399999999999,9.744399999999998e-06,-0.1631728240555652,-0.14373350987900088
9.745200000000004,9.745200000000003e-06,-0.14639135192288755,-0.14644692089521347
9.745999999999995,9.745999999999994e-06,-0.15335987979020987,-0.14911397837472537
9.7468,9.7468e-06,-0.16132458686273538,-0.15173472728274207
9.747599999999998,9.747599999999998e-06,-0.18530552196901057,-0.15430954513656278
9.748400000000004,9.748400000000003e-06,-0.15499741921684607,-0.15683914613828326
9.749199999999995,9.749199999999995e-06,-0.19556426014102973,-0.15932457964134963
9.75,9.75e-06,-0.1443233385524469,-0.1617672226944745
9.750799999999998,9.750799999999998e-06,-0.16032840765763223,-0.16416876660902327
9.751600000000003,9.751600000000003e-06,-0.16028263628038913,-0.16653119769106534
9.752399999999994,9.752399999999993e-06,-0.17829103421291026,-0.16885677243051084
9.7532,9.753199999999998e-06,-0.191225101359617,-0.17114798753253957
9.753999999999998,9.753999999999997e-06,-0.16785280603190872,-0.17340754523625382
9.754800000000003,9.754800000000002e-06,-0.1636110522365667,-0.17563831443722153
9.755599999999994,9.755599999999993e-06,-0.18141499395433658,-0.17784328823198067
9.7564,9.756399999999999e-06,-0.1763315847570051,-0.1800255386077211
9.757199999999997,9.757199999999997e-06,-0.16305877493241488,-0.18218816907601182
9.758000000000003,9.758000000000002e-06,-0.15873342342820673,-0.1843342660893561
9.758799999999994,9.758799999999994e-06,-0.198739664979649,-0.18646685009058037
9.759599999999999,9.759599999999999e-06,-0.18639551295718243,-0.18858882702654536
9.760399999999997,9.760399999999997e-06,-0.1683946807503235,-0.19070294111707647
9.761199999999995,9.761199999999996e-06,-0.16422385304932852,-0.19281172963432078
9.761999999999993,9.761999999999992e-06,-0.1831575040926059,-0.19491748042686932
9.762799999999999,9.762799999999997e-06,-0.21450074804428187,-0.1970221928885822
9.763600000000004,9.763600000000004e-06,-0.17878278800835218,-0.19912754300267818
9.764399999999995,9.764399999999994e-06,-0.20057258220961954,-0.20123485301433733
9.7652,9.7652e-06,-0.14525199635457037,-0.20334506624000376
9.765999999999998,9.765999999999998e-06,-0.1843059380724401,-0.2054587275006508
9.766800000000003,9.766800000000003e-06,-0.17895811698303987,-0.20757596961364377
9.767599999999995,9.767599999999994e-06,-0.221229262393912,-0.20969650624935496
9.7684,9.7684e-06,-0.20204387107298516,-0.21181963127065295
9.769199999999998,9.769199999999998e-06,-0.1748311686535755,-0.21394422449108363
9.770000000000003,9.770000000000003e-06,-0.19807958010388915,-0.21606876366193156
9.770799999999994,9.770799999999993e-06,-0.2257458306671597,-0.21819134241704222
9.7716,9.7716e-06,-0.2264825153574162,-0.2203096938208267
9.772399999999998,9.772399999999996e-06,-0.21943455081552232,-0.2224212190715632
9.773200000000003,9.773200000000002e-06,-0.15577022904143606,-0.22452302084965284
9.773999999999994,9.773999999999993e-06,-0.2291667342320861,-0.22661194078501792
9.774799999999999,9.774799999999998e-06,-0.25831051521016446,-0.228684600499453
9.775599999999997,9.775599999999997e-06,-0.18247377718539703,-0.23073744560837262
9.776400000000002,9.776400000000002e-06,-0.22651580363177487,-0.2327667919667592
9.777199999999993,9.777199999999993e-06,-0.24428437655803853,-0.2347688733735665
9.777999999999999,9.777999999999999e-06,-0.24709039879305583,-0.2367398899134899
9.778799999999997,9.778799999999997e-06,-0.23883915048276733,-0.2386760560922721
9.779600000000002,9.779600000000002e-06,-0.28275048366881556,-0.24057364792645913
9.780399999999993,9.780399999999992e-06,-0.2221384391988812,-0.2424290482144406
9.781199999999998,9.781199999999997e-06,-0.2633167567616067,-0.24423878934524942
9.782000000000004,9.782000000000004e-06,-0.2405754190695943,-0.2459995931668505
9.782800000000002,9.7828e-06,-0.23584739668732535,-0.24770840759990093
9.7836,9.783599999999999e-06,-0.19305310121236524,-0.2493624398149012
9.784399999999998,9.784399999999997e-06,-0.26343080588465706,-0.25095918586648386
9.785200000000003,9.785200000000002e-06,-0.23707034996440896,-0.2524964566781649
9.785999999999994,9.785999999999994e-06,-0.2469423050527194,-0.2539724001964889
9.7868,9.7868e-06,-0.28035696706620356,-0.25538551943139826
9.787599999999998,9.787599999999998e-06,-0.24466832278177236,-0.256734686031102
9.788400000000003,9.788400000000003e-06,-0.2772288462904824,-0.2580191490350276
9.789199999999994,9.789199999999994e-06,-0.24113885530231055,-0.2592385385029695
9.79,9.79e-06,-0.27126406335402536,-0.26039286380993054
9.790799999999997,9.790799999999996e-06,-0.2630803364467166,-0.26148250649562893
9.791600000000003,9.791600000000001e-06,-0.22779928041756842,-0.26250820764440974
9.792399999999994,9.792399999999993e-06,-0.29307182586669217,-0.26347104983930186
9.793199999999999,9.793199999999998e-06,-0.2996418438903486,-0.26437243378430103
9.793999999999997,9.793999999999996e-06,-0.27860745903366446,-0.2652140497366804
9.794800000000002,9.794800000000001e-06,-0.2489484707401301,-0.2659978439780269
9.795599999999993,9.795599999999993e-06,-0.27569646608701426,-0.26672598071099224
9.796399999999998,9.796399999999998e-06,-0.28545229153502694,-0.26740079996746463
9.797199999999997,9.797199999999997e-06,-0.2637334234282067,-0.26802477228794225
9.798000000000002,9.798000000000002e-06,-0.2531824702983749,-0.2686004510600189
9.798799999999993,9.798799999999992e-06,-0.2300870699656199,-0.26913042350800476
9.799599999999998,9.799599999999998e-06,-0.2483619603073573,-0.2696172614039263
9.800399999999996,9.800399999999995e-06,-0.26784032292902415,-0.27006347258258057
9.801200000000001,9.8012e-06,-0.2436798978138664,-0.27047145426799923
9.802,9.801999999999999e-06,-0.2837097813967576,-0.2708434490883567
9.802799999999998,9.802799999999997e-06,-0.25300581714946735,-0.2711815045293237
9.803600000000003,9.803600000000002e-06,-0.24222468525618757,-0.27148743648724283
9.804400000000001,9.8044e-06,-0.25566998719549033,-0.2717627975291928
9.8052,9.805199999999999e-06,-0.26948675225564267,-0.27200885041682554
9.805999999999997,9.805999999999997e-06,-0.2634697678790653,-0.2722265473767756
9.806800000000003,9.806800000000002e-06,-0.2502255174630465,-0.27241651550601387
9.807599999999994,9.807599999999994e-06,-0.23721220215330302,-0.2725790486129413
9.808399999999999,9.808399999999999e-06,-0.2640903229290241,-0.27271410572099736
9.809199999999997,9.809199999999996e-06,-0.24262054675141342,-0.272821316373867
9.810000000000002,9.810000000000003e-06,-0.2050231417654425,-0.2728999927551561
9.810799999999993,9.810799999999993e-06,-0.2568823493754021,-0.27294914846816465
9.811599999999999,9.811599999999998e-06,-0.22863885530231054,-0.2729675236105284
9.812399999999997,9.812399999999996e-06,-0.2928159245547478,-0.27295361551809993
9.813200000000002,9.813200000000001e-06,-0.3174548640196354,-0.27290571427105736
9.813999999999993,9.813999999999993e-06,-0.25982341441647844,-0.2728219418301438
9.814799999999998,9.814799999999998e-06,-0.28461404082450475,-0.27270029358199954
9.815599999999996,9.815599999999996e-06,-0.23527072100889718,-0.2725386811344744
9.816400000000002,9.816400000000001e-06,-0.28176073452658956,-0.2723349753427383
9.817199999999993,9.817199999999991e-06,-0.29687345947541977,-0.2720870486644397
9.817999999999998,9.817999999999998e-06,-0.30802038076949934,-0.2717928159991838
9.818799999999996,9.818799999999995e-06,-0.2317934549695556,-0.27145027321255144
9.819600000000001,9.8196e-06,-0.2889872442231037,-0.2710575326437341
9.8204,9.820399999999998e-06,-0.27585080137879286,-0.27061285504897364
9.821199999999997,9.821199999999997e-06,-0.25523667639171094,-0.2701146775805306
9.822000000000003,9.822000000000002e-06,-0.2888001884883589,-0.2695616375043107
9.8228,9.8228e-06,-0.2398741031708439,-0.2689525914334705
9.823599999999999,9.823599999999999e-06,-0.26189218412974646,-0.26828662992148805
9.824399999999997,9.824399999999997e-06,-0.3009154859217976,-0.26756308731224016
9.825200000000002,9.825200000000002e-06,-0.29343704743609933,-0.26678154678103255
9.826,9.826e-06,-0.2833494772044728,-0.26594184054613035
9.826799999999999,9.826799999999999e-06,-0.25359081489648533,-0.2650440453364888
9.827599999999997,9.827599999999997e-06,-0.23992289991949683,-0.26408847338600955
9.828400000000002,9.828400000000002e-06,-0.2577491594945956,-0.263075659432941
9.829199999999993,9.829199999999992e-06,-0.2451774770572211,-0.2620063443500305
9.829999999999998,9.829999999999997e-06,-0.2454577767436419,-0.2608814560768331
9.830799999999996,9.830799999999996e-06,-0.24065958460975334,-0.25970208849367676
9.831600000000002,9.831600000000001e-06,-0.23676413921805706,-0.25846947880961163
9.832399999999993,9.832399999999992e-06,-0.25391631812865667,-0.25718498395496153
9.833199999999998,9.833199999999998e-06,-0.2733918438903486,-0.2558500563772398
9.833999999999996,9.833999999999996e-06,-0.2407395891157174,-0.2544662195524598
9.834800000000001,9.834800000000001e-06,-0.2698457322736075,-0.2530350434737068
9.835599999999992,9.835599999999993e-06,-0.217692040677253,-0.2515581203861333
9.836399999999998,9.836399999999998e-06,-0.26734497593078005,-0.250037041087662
9.837199999999996,9.837199999999995e-06,-0.2035720902421584,-0.2484733721685681
9.838000000000001,9.838000000000001e-06,-0.22810530265248558,-0.24686863458784214
9.838799999999999,9.838799999999998e-06,-0.27639059558006024,-0.24522428396531018
9.839599999999997,9.839599999999996e-06,-0.21786528913479314,-0.24354169290991878
9.840400000000002,9.840400000000002e-06,-0.2213947566143551,-0.24182213563507443
9.8412,9.8412e-06,-0.24990209474802255,-0.24006677506797577
9.841999999999999,9.841999999999998e-06,-0.21925033194085242,-0.23827665264425363
9.842799999999997,9.842799999999997e-06,-0.19563310571832943,-0.23645268096312047
9.843600000000002,9.843600000000002e-06,-0.23936986627251744,-0.23459563944255785
9.8444,9.8444e-06,-0.17831391990153195,-0.2327061730527521
9.845199999999998,9.845199999999999e-06,-0.22850173197910406,-0.2307847941087048
9.845999999999997,9.845999999999997e-06,-0.22271095384301454,-0.22883188696783427
9.846800000000002,9.846800000000002e-06,-0.21612561585659867,-0.22684771532526005
9.8476,9.847599999999999e-06,-0.23293073002072534,-0.22483243166147562
9.848399999999998,9.848399999999997e-06,-0.25202703842437096,-0.2227860883062632
9.849199999999996,9.849199999999995e-06,-0.22257799155420288,-0.22070864955840636
9.850000000000001,9.85e-06,-0.22683222845242923,-0.21860000434987767
9.8508,9.850799999999999e-06,-0.23032840765763224,-0.21645997906024655
9.851599999999998,9.851599999999997e-06,-0.20844120847039405,-0.21428835024596793
9.852399999999996,9.852399999999996e-06,-0.16295153519219957,-0.21208485721086903
9.853200000000001,9.8532e-06,-0.21997926239391197,-0.20984921447281937
9.853999999999992,9.853999999999992e-06,-0.1745319558014931,-0.20758112424535538
9.854799999999997,9.854799999999998e-06,-0.16900464470311044,-0.20528028903353618
9.855599999999995,9.855599999999994e-06,-0.1923387343793378,-0.20294642435395543
9.8564,9.856400000000001e-06,-0.2600097138082958,-0.20057927146127144
9.857199999999999,9.857199999999998e-06,-0.1640924034461716,-0.19817860983375601
9.857999999999997,9.857999999999996e-06,-0.19142331602292628,-0.19574426909102852
9.858800000000002,9.858800000000001e-06,-0.16919945467505215,-0.19327614002739954
9.8596,9.8596e-06,-0.18477745452780042,-0.19077418450851497
9.860399999999998,9.860399999999998e-06,-0.19786736965194068,-0.18823844401694587
9.861199999999997,9.861199999999996e-06,-0.18808922634679892,-0.18566904661475872
9.862000000000002,9.862000000000001e-06,-0.17913685064919482,-0.18306621205994744
9.8628,9.8628e-06,-0.18183714582965138,-0.1804302548183387
9.863599999999998,9.863599999999998e-06,-0.180523217629474,-0.177761584761441
9.864399999999996,9.864399999999997e-06,-0.1970332799758132,-0.17506070541139765
9.865200000000002,9.865200000000002e-06,-0.18882874789703014,-0.17232820967254536
9.866,9.865999999999998e-06,-0.14745353984531545,-0.16956477308604503
9.866799999999998,9.866799999999997e-06,-0.13824791118430713,-0.16677114477055233
9.867599999999996,9.867599999999995e-06,-0.16618689570813605,-0.16394813634220293
9.868400000000001,9.8684e-06,-0.1368309042782091,-0.1610966091859621
9.8692,9.869199999999999e-06,-0.1911165374450816,-0.1582174604490761
9.869999999999997,9.869999999999997e-06,-0.13277488204319204,-0.15531160807931327
9.870799999999996,9.870799999999995e-06,-0.1406421841297465,-0.1523799751964682
9.8716,9.8716e-06,-0.12336952603311968,-0.14942347409259052
9.872399999999999,9.872399999999999e-06,-0.13334872086164545,-0.14644299017773102
9.873199999999997,9.873199999999997e-06,-0.12915217061205414,-0.14343936617594227
9.873999999999995,9.873999999999996e-06,-0.14220293523045113,-0.1404133868124377
9.8748,9.8748e-06,-0.1072052042590334,-0.13736576414116367
9.875599999999999,9.875599999999997e-06,-0.19192055502698308,-0.1342971235792468
9.876399999999997,9.876399999999996e-06,-0.1715436066975189,-0.13120799066839087
9.877200000000002,9.877200000000001e-06,-0.08423425563506565,-0.12809877860367014
9.878,9.878e-06,-0.09591964695609245,-0.12496977668486964
9.878799999999998,9.878799999999998e-06,-0.10144412119440038,-0.12182114002107955
9.879599999999996,9.879599999999996e-06,-0.11887319509995337,-0.11865288094639453
9.880400000000002,9.880400000000001e-06,-0.1279834992922383,-0.11546486260286654
9.8812,9.8812e-06,-0.14353293973631526,-0.1122567950572552
9.881999999999998,9.881999999999998e-06,-0.07140099816579726,-0.1090282342512216
9.882799999999996,9.882799999999996e-06,-0.049837978036510466,-0.10577858410437449
9.883600000000001,9.883600000000001e-06,-0.09216340540465018,-0.10250710215873776
9.8844,9.8844e-06,-0.0596953695046889,-0.09921290917007486
9.885199999999998,9.885199999999996e-06,-0.05333264455585873,-0.09589500294538572
9.885999999999996,9.885999999999995e-06,-0.09726988880203813,-0.09255227651592662
9.886800000000001,9.8868e-06,-0.0761825461624065,-0.08918354048875451
9.887599999999999,9.887599999999998e-06,-0.06072559332707805,-0.0857875491911912
9.888399999999997,9.888399999999997e-06,-0.04671061360361661,-0.08236303004195814
9.889199999999995,9.889199999999995e-06,-0.0716124522748185,-0.07890871545108086
9.89,9.89e-06,-0.085468179329379,-0.075423376434957
9.890799999999999,9.890799999999999e-06,-0.06454651942152512,-0.07190585700869061
9.891599999999997,9.891599999999997e-06,-0.05659089076051682,-0.06835510830910041
9.892399999999995,9.892399999999995e-06,-0.11305574956100539,-0.06477022134953044
9.8932,9.8932e-06,-0.07450680108428942,-0.0611504573220052
9.893999999999998,9.893999999999997e-06,-0.0932999241129926,-0.05749527443916852
9.894799999999996,9.894799999999995e-06,-0.08868670719670135,-0.053804350461186055
9.895600000000002,9.8956e-06,-0.03673974084368048,-0.05007760029151957
9.8964,9.896399999999999e-06,-0.08420834457503446,-0.0463151883241044
9.897199999999998,9.897199999999997e-06,-0.038013382875129564,-0.042517535531276116
9.897999999999996,9.897999999999996e-06,-0.023797351628384145,-0.038685321553600674
9.898800000000001,9.8988e-06,-0.005679633438400167,-0.03481948227009824
9.8996,9.8996e-06,-0.047374859513671375,-0.030921203478858423
9.900399999999998,9.900399999999998e-06,0.01677232615577451,-0.026991911389173336
9.901199999999996,9.901199999999996e-06,-0.0022371683590721725,-0.02303326061989811
9.902000000000001,9.902000000000001e-06,-0.015361128100498389,-0.019047120341175755
9.9028,9.9028e-06,0.013308111050710059,-0.01503555910821578
9.903599999999997,9.903599999999996e-06,-0.013378604444536646,-0.011000828824677962
9.904399999999995,9.904399999999994e-06,-0.006170063059521946,-0.006945348157870637
9.9052,9.9052e-06,0.021303646560419054,-0.0028716856342944803
9.905999999999999,9.905999999999998e-06,0.06129929701468928,0.001217457417692247
9.906799999999997,9.906799999999996e-06,0.02402815160378724,0.0053192639620427765
9.907599999999995,9.907599999999995e-06,-0.009405235064023687,0.009430818357828313
9.9084,9.9084e-06,-0.001024617667725769,0.01354912359435087
9.909199999999998,9.909199999999998e-06,-0.01010371410279931,0.01767111894700605
9.909999999999997,9.909999999999997e-06,0.0008020580107025443,0.02179369841914456
9.910799999999995,9.910799999999995e-06,0.08442325675611562,0.025913730269866077
9.9116,9.9116e-06,0.049419095721820905,0.030028077763531464
9.912399999999998,9.912399999999998e-06,0.013978787023641748,0.0341336211209059
9.913199999999996,9.913199999999995e-06,-0.0161519062365878,0.03822728059134939
9.914000000000001,9.914e-06,0.03717026816811764,0.042306040582610616
9.9148,9.914799999999999e-06,0.03996929250879522,0.04636697476495087
9.915600000000005,9.915600000000004e-06,0.057218876405365826,0.05040727192442363
9.916399999999996,9.916399999999995e-06,0.05858368187134333,0.054424262113713165
9.917200000000001,9.9172e-06,0.0786421248629059,0.05841544244118406
9.918,9.917999999999999e-06,0.08947413402195592,0.06237850171319467
9.918799999999997,9.918799999999997e-06,0.08193725254472495,0.06631134310546978
9.919599999999996,9.919599999999996e-06,0.12030387415241373,0.07021210407315404
9.9204,9.9204e-06,0.09312389217601014,0.07407917280772694
9.921199999999999,9.921199999999999e-06,0.08629589232326196,0.07791120070388656
9.921999999999997,9.921999999999996e-06,0.08264745834348775,0.08170711049240621
9.922799999999995,9.922799999999994e-06,0.10580754321928743,0.08546609988856421
9.9236,9.9236e-06,0.11394606658074569,0.08918764075634214
9.924399999999999,9.924399999999998e-06,0.11848627688540236,0.09287147388459059
9.925199999999997,9.925199999999996e-06,0.11061689428170052,0.09651759954769115
9.925999999999995,9.925999999999994e-06,0.09771138654363509,0.10012626412182508
9.9268,9.9268e-06,0.12541451858409947,0.10369794315238354
9.927599999999998,9.927599999999998e-06,0.08275659008945557,0.10723332138534351
9.928399999999996,9.928399999999996e-06,0.13811765062456494,0.11073327035243488
9.929199999999994,9.929199999999995e-06,0.09322961923053064,0.11419882412733147
9.93,9.93e-06,0.11684741328451631,0.11763115385733663
9.930799999999998,9.930799999999998e-06,0.1558867913823243,0.12103154163573206
9.931599999999996,9.931599999999995e-06,0.12951082698774208,0.12440135422840468
9.932400000000001,9.9324e-06,0.10756253646044134,0.12774201712653407
9.9332,9.933199999999998e-06,0.126236692988832,0.13105498938473892
9.934000000000005,9.934000000000003e-06,0.10055655928442819,0.13434173970495708
9.934799999999996,9.934799999999995e-06,0.17453390118779843,0.13760372418886835
9.9356,9.9356e-06,0.1462520129517283,0.14084236607793763
9.936399999999999,9.936399999999999e-06,0.14636965527771384,0.144059037667184
9.937200000000004,9.937200000000004e-06,0.16813297058745735,0.14725504448326646
9.937999999999995,9.937999999999995e-06,0.14359975817710013,0.15043161178983644
9.9388,9.9388e-06,0.13473079167682767,0.1535898734990561
9.939599999999999,9.939599999999999e-06,0.10860883658854714,0.1567308635810433
9.940400000000004,9.940400000000004e-06,0.1873726438657216,0.1598555100278461
9.941199999999995,9.941199999999994e-06,0.20702274225920392,0.16296463131614694
9.942,9.941999999999999e-06,0.16451725705061904,0.1660589351489063
9.942799999999998,9.942799999999997e-06,0.187817869941023,0.1691390191302676
9.943599999999996,9.943599999999996e-06,0.15611715865713682,0.17220537301193653
9.944399999999995,9.944399999999994e-06,0.20530122580384358,0.17525838221788048
9.9452,9.9452e-06,0.1874032837915004,0.17829833242734283
9.945999999999998,9.945999999999998e-06,0.18561840696742538,0.18132541503440877
9.946799999999996,9.946799999999996e-06,0.164755190051164,0.18433973332426515
9.947599999999994,9.947599999999994e-06,0.1773100398398645,0.18734130922875816
9.9484,9.9484e-06,0.25573453660772294,0.1903300905265227
9.949199999999998,9.949199999999998e-06,0.22172920312710132,0.19330595831868067
9.949999999999996,9.949999999999995e-06,0.18811140907312573,0.19626873458157842
9.950800000000001,9.950800000000001e-06,0.2169037757589315,0.1992181896442807
9.9516,9.951599999999998e-06,0.16319973564760937,0.20215404956600241
9.952400000000004,9.952400000000003e-06,0.19110316286852747,0.20507600351441324
9.953199999999995,9.953199999999995e-06,0.23549244257288326,0.2079837112819227
9.954,9.954e-06,0.20985940441996975,0.21087681100595074
9.954799999999999,9.954799999999998e-06,0.21225859474260145,0.2137549270338779
9.955600000000004,9.955600000000003e-06,0.2515024290551908,0.2166176777680786
9.956399999999995,9.956399999999995e-06,0.21920972212991707,0.21946468327926852
9.9572,9.9572e-06,0.21191833937896343,0.2222955724785634
9.957999999999998,9.957999999999999e-06,0.2532184603019363,0.22510998966689905
9.958800000000004,9.958800000000004e-06,0.23932585177018473,0.22790760031331667
9.959599999999995,9.959599999999994e-06,0.2547892346684202,0.23068809593778625
9.9604,9.960399999999999e-06,0.277677341926449,0.2334511980030266
9.961199999999998,9.961199999999997e-06,0.2378664781782711,0.23619666078545873
9.962000000000003,9.962000000000002e-06,0.19528174480665939,0.23892427331211355
9.962799999999994,9.962799999999994e-06,0.24640086303492514,0.24163386058721043
9.9636,9.963599999999999e-06,0.22807717594446475,0.24432528441825807
9.964399999999998,9.964399999999997e-06,0.20119148944302134,0.24699844412492583
9.965199999999996,9.965199999999996e-06,0.2750833416319455,0.2496532772754539
9.965999999999994,9.965999999999994e-06,0.24693025465045537,0.2522897603949845
9.9668,9.9668e-06,0.31057169073591995,0.2549079093824782
9.967599999999997,9.967599999999998e-06,0.27841459444809813,0.25750777921400325
9.968399999999995,9.968399999999994e-06,0.2563146169776188,0.2600894624563866
9.9692,9.969200000000001e-06,0.28158659459534974,0.2626530861812581
9.969999999999999,9.969999999999998e-06,0.3145929120108235,0.2651988070062785
9.970800000000004,9.970800000000003e-06,0.2767876461186338,0.2677268041318423
9.971599999999995,9.971599999999994e-06,0.26795064371849997,0.27023727036990924
9.9724,9.9724e-06,0.27756253646047135,0.2727304012969666
9.973199999999999,9.973199999999998e-06,0.2708701472451749,0.2752063827971166
9.974000000000004,9.974000000000003e-06,0.2577635879837553,0.27766537734817837
9.974799999999995,9.974799999999995e-06,0.2615741114924651,0.28010750941365825
9.9756,9.9756e-06,0.28461031249083035,0.28253285024054065
9.976399999999998,9.976399999999998e-06,0.33752073760608803,0.2849414022440064
9.977200000000003,9.977200000000003e-06,0.32523294805793657,0.2873330830225985
9.977999999999994,9.977999999999993e-06,0.32296180264706453,0.2897077089649641
9.9788,9.978799999999998e-06,0.27430145339583833,0.2920649784536117
9.979599999999998,9.979599999999997e-06,0.2763876235892132,0.2944044548378371
9.980400000000003,9.980400000000002e-06,0.32212147141939484,0.2967255495420149
9.981199999999994,9.981199999999993e-06,0.32484824549137536,0.2990275057903481
9.982,9.981999999999999e-06,0.29020854968366017,0.301309383443365
9.982799999999997,9.982799999999997e-06,0.27947753871335324,0.3035700454197799
9.983600000000003,9.983600000000002e-06,0.31448018706199343,0.305808146172817
9.984399999999994,9.984399999999994e-06,0.32846395902824344,0.30802212268078816
9.985199999999999,9.985199999999999e-06,0.31973344002539783,0.3102101883594518
9.985999999999997,9.985999999999997e-06,0.2755654491844777,0.31237033022885025
9.986799999999995,9.986799999999996e-06,0.30828238850211376,0.3145003096146507
9.987599999999993,9.987599999999992e-06,0.35509090735760784,0.3165976666255226
9.988399999999999,9.988399999999997e-06,0.27894814709792315,0.3186597285796082
9.989200000000004,9.989200000000004e-06,0.3509444780309895,0.320683622451716
9.989999999999995,9.989999999999994e-06,0.3227662363322953,0.3226662913193873
9.9908,9.9908e-06,0.2927690731923702,0.3246045147219149
9.991599999999998,9.991599999999998e-06,0.33518623182643115,0.3264949327961361
9.992400000000004,9.992400000000003e-06,0.33265218720924516,0.32833407399152287
9.993199999999995,9.993199999999994e-06,0.35400583374655825,0.33011838608083843
9.994,9.994e-06,0.30600500153969934,0.33184427008552614
9.994799999999998,9.994799999999998e-06,0.3827036323064379,0.3335081166633982
9.995600000000003,9.995600000000003e-06,0.3089585496836601,0.33510634447758725
9.996399999999994,9.996399999999993e-06,0.3115203973665902,0.33663544006355756
9.9972,9.9972e-06,0.3312679007460133,0.3380919987055494
9.997999999999998,9.997999999999996e-06,0.33457210683934946,0.3394727657901388
9.998800000000003,9.998800000000002e-06,0.3456106527302283,0.3407746779963282
9.999599999999994,9.999599999999993e-06,0.3751862318264312,0.3419949035268868
10.000399999999999,1.0000399999999998e-05,0.38320030347900214,0.34313088044647594
10.001199999999997,1.0001199999999997e-05,0.35913936386686274,0.34418035213047604
10.002000000000002,1.0002000000000002e-05,0.3737679007460134,0.3451413988746344
10.002799999999993,1.0002799999999993e-05,0.32451990539922915,0.3460124648562206
10.003599999999999,1.0003599999999999e-05,0.3875763437375759,0.3467923798169464
10.004399999999997,1.0004399999999997e-05,0.4038653057319842,0.3474803749944016
10.005200000000002,1.0005200000000002e-05,0.3797812919197885,0.34807609294841163
10.005999999999993,1.0005999999999992e-05,0.33549925195571806,0.3485795910607501
10.006799999999998,1.0006799999999997e-05,0.33794572634127784,0.3489913386781849
10.007600000000004,1.0007600000000004e-05,0.41198850913058305,0.34931220808744956
10.008400000000002,1.00084e-05,0.3493042902558132,0.3495434596753737
10.0092,1.0009199999999999e-05,0.36269039286072613,0.3496867217181759
10.009999999999998,1.0009999999999997e-05,0.3677181959264699,0.34974396531950513
10.010800000000003,1.0010800000000002e-05,0.35263611090345826,0.3497174751188902
10.011599999999994,1.0011599999999994e-05,0.33158791876966986,0.34960981649904926
10.0124,1.00124e-05,0.35173393199285874,0.3494238000945107
10.013199999999998,1.0013199999999998e-05,0.3842666524357249,0.34916244442759636
10.014000000000003,1.0014000000000003e-05,0.3150088223345964,0.3488289374736687
10.014799999999994,1.0014799999999994e-05,0.33477580671117346,0.3484265979099868
10.0156,1.00156e-05,0.3267944555015687,0.34795883675218753
10.016399999999997,1.0016399999999996e-05,0.3473843706257088,0.34742912000874254
10.017200000000003,1.0017200000000001e-05,0.39714435710801654,0.3468409328541899
10.017999999999994,1.0017999999999993e-05,0.3238972698320227,0.34619774565840866
10.018799999999999,1.0018799999999998e-05,0.3519809434048208,0.3455029820831424
10.019599999999997,1.0019599999999996e-05,0.3500033371259814,0.34475998941096947
10.020400000000002,1.0020400000000002e-05,0.3534548806167265,0.34397201127589294
10.021199999999993,1.0021199999999993e-05,0.32598892523401257,0.34314216296374755
10.021999999999998,1.0021999999999998e-05,0.3064320707921364,0.34227340942444995
10.022799999999997,1.0022799999999997e-05,0.3466017260467743,0.34136854608531236
10.023600000000002,1.0023600000000002e-05,0.38008390946333803,0.3404301824582745
10.024399999999993,1.0024399999999992e-05,0.3301555919006126,0.3394607283931097
10.025199999999998,1.0025199999999998e-05,0.36034340397818465,0.3384623826971183
10.025999999999996,1.0025999999999995e-05,0.3315328804694747,0.3374371237821985
10.026800000000001,1.00268e-05,0.3744989117163202,0.33638670201392584
10.0276,1.0027599999999999e-05,0.3511336142828815,0.33531263348052753
10.028399999999998,1.0028399999999997e-05,0.33361697014570213,0.33421619495056326
10.029200000000003,1.0029200000000002e-05,0.3790245584008851,0.33309841985828237
10.030000000000001,1.003e-05,0.3333741197680349,0.3319600952509277
10.0308,1.0030799999999999e-05,0.32220071958243157,0.33080175974062886
10.031599999999997,1.0031599999999997e-05,0.3275415427775623,0.3296237026091937
10.032400000000003,1.0032400000000002e-05,0.35296653151275204,0.3284259642947736
10.033199999999994,1.0033199999999994e-05,0.3062115382715982,0.32720833852007675
10.033999999999999,1.0033999999999999e-05,0.34609881332276804,0.3259703763046864
10.034799999999997,1.0034799999999996e-05,0.3289835158894292,0.324711392069087
10.035600000000002,1.0035600000000003e-05,0.3328239229810305,0.32343047200735126
10.036399999999993,1.0036399999999993e-05,0.31277663891803253,0.3221264848838256
10.037199999999999,1.0037199999999998e-05,0.32064110414461233,0.32079809539614457
10.037999999999997,1.0037999999999996e-05,0.31955527419073537,0.3194437802327674
10.038800000000002,1.0038800000000001e-05,0.28934665694168904,0.31806184691875544
10.039599999999993,1.0039599999999993e-05,0.3241957263412778,0.3166504554764713
10.040399999999998,1.0040399999999998e-05,0.3186474215600861,0.31520764282847674
10.041199999999996,1.0041199999999996e-05,0.31195162765332207,0.3137313497477113
10.042000000000002,1.0042000000000001e-05,0.28928121605575685,0.31221945003657237
10.042799999999993,1.0042799999999991e-05,0.3066866479298608,0.31066978151071056
10.043599999999998,1.0043599999999998e-05,0.31049509092142313,0.30908017826619877
10.044399999999996,1.0044399999999995e-05,0.3309756857882006,0.3074485035968769
10.045200000000001,1.00452e-05,0.3742693007843648,0.30577268281003256
10.046,1.0045999999999998e-05,0.2884081643852211,0.30405073511581404
10.046799999999998,1.0046799999999997e-05,0.29968596745096476,0.3022808037935424
10.047600000000003,1.0047600000000002e-05,0.3650657526404041,0.3004611839626542
10.0484,1.00484e-05,0.3130951442559341,0.29859034744172075
10.049199999999999,1.0049199999999999e-05,0.2603197619467357,0.29666696431507117
10.049999999999997,1.0049999999999997e-05,0.3304449699984505,0.29468992095037605
10.050800000000002,1.0050800000000002e-05,0.3118875109417101,0.2926583343266922
10.0516,1.00516e-05,0.2973550548742102,0.29057156261160894
10.052399999999999,1.0052399999999999e-05,0.2887087014116234,0.28842921196768456
10.053199999999997,1.0053199999999997e-05,0.3274482988258862,0.28623113961227
10.054000000000002,1.0054000000000002e-05,0.30349441044252756,0.2839774532195333
10.054799999999993,1.0054799999999992e-05,0.25180277757012826,0.28166850683042044
10.055599999999998,1.0055599999999997e-05,0.27661912652688114,0.27930489352169585
10.056399999999996,1.0056399999999996e-05,0.26388743507774837,0.2768874351591451
10.057200000000002,1.0057200000000001e-05,0.3460967328056207,0.274417169575883
10.057999999999993,1.0057999999999992e-05,0.25982857598275644,0.27189533546556294
10.058799999999998,1.0058799999999998e-05,0.2518186653644404,0.2693233552277044
10.059599999999996,1.0059599999999996e-05,0.2813783566662914,0.2667028160128297
10.060400000000001,1.0060400000000001e-05,0.27194595393330245,0.2640354492671219
10.061199999999992,1.0061199999999993e-05,0.2953036856409489,0.2613231091026427
10.061999999999998,1.0061999999999998e-05,0.22745794506876593,0.258567749807417
10.062799999999996,1.0062799999999995e-05,0.2670802403964744,0.25577140280312427
10.063600000000001,1.0063600000000001e-05,0.2769028309046393,0.25293615337329606
10.0644,1.0064399999999998e-05,0.2909853320311103,0.25006411749530716
10.065199999999997,1.0065199999999996e-05,0.25268604331499656,0.24715741911186018
10.066000000000003,1.0066000000000002e-05,0.24132199419187628,0.24421816821479386
10.0668,1.00668e-05,0.17748234344310532,0.24124844020656078
10.067599999999999,1.0067599999999998e-05,0.2194139898332339,0.23825025709416942
10.068399999999997,1.0068399999999997e-05,0.25112094266856233,0.23522557105788905
10.069200000000002,1.0069200000000002e-05,0.252073998845032,0.2321762507794031
10.07,1.007e-05,0.24999690706313438,0.2291040706784287
10.070799999999998,1.0070799999999999e-05,0.2240474440895367,0.2260107030193536
10.071599999999997,1.0071599999999997e-05,0.2486947056230141,0.22289771278453982
10.072400000000002,1.0072400000000002e-05,0.19991198518008502,0.21976655524378613
10.0732,1.0073199999999999e-05,0.1901909606921518,0.21661857620847969
10.073999999999998,1.0073999999999997e-05,0.18423941720140669,0.2134550149843776
10.074799999999996,1.0074799999999995e-05,0.22592896955669528,0.21027700998816506
10.075600000000001,1.00756e-05,0.23622742606595015,0.20708560685548155
10.0764,1.0076399999999999e-05,0.20985562270567282,0.2038817686839915
10.077199999999998,1.0077199999999997e-05,0.21566323349037653,0.2006663879118138
10.077999999999996,1.0077999999999996e-05,0.1803842579783057,0.19744029928755635
10.078800000000001,1.00788e-05,0.19342121531952827,0.19420429342011453
10.079599999999992,1.0079599999999992e-05,0.21934987312165166,0.19095913043356608
10.080399999999997,1.0080399999999998e-05,0.20912726008400306,0.1877055532504969
10.081199999999995,1.0081199999999994e-05,0.20101313509688723,0.18444430000401832
10.082,1.0082000000000001e-05,0.20688543042459262,0.1811761150876262
10.082799999999999,1.0082799999999998e-05,0.15814091563317745,0.17790175842214434
10.083599999999997,1.0083599999999996e-05,0.22010811932624974,0.1746220126287831
10.084400000000002,1.0084400000000001e-05,0.17372175234593057,0.17133768790369303
10.0852,1.00852e-05,0.2131687186989546,0.16804962447323135
10.085999999999999,1.0085999999999998e-05,0.20202652627062934,0.16475869259110582
10.086799999999997,1.0086799999999996e-05,0.13873366761739248,0.16146579015426818
10.087600000000002,1.0087600000000001e-05,0.14513800290917112,0.15817183817303015
10.0884,1.00884e-05,0.13750655330601402,0.15487777448941933
10.089199999999998,1.0089199999999998e-05,0.17870718872589864,0.1515845462216199
10.089999999999996,1.0089999999999997e-05,0.1244465217647352,0.14829310138237015
10.090800000000002,1.0090800000000002e-05,0.16279517506095453,0.14500438001445903
10.0916,1.0091599999999998e-05,0.1495982087079336,0.1417193050786968
10.092399999999998,1.0092399999999997e-05,0.12809003836734723,0.1384387732546881
10.093199999999996,1.0093199999999995e-05,0.152806333989559,0.1351636457681892
10.094000000000001,1.0094e-05,0.12984370743421098,0.13189473932808854
10.0948,1.0094799999999999e-05,0.1405107902043105,0.12863281723211922
10.095599999999997,1.0095599999999997e-05,0.16759204302049308,0.12537858068133614
10.096399999999996,1.0096399999999995e-05,0.141307998403277,0.12213266034131601
10.0972,1.00972e-05,0.13552535382434244,0.11889560822694942
10.097999999999999,1.0097999999999999e-05,0.0996670542852034,0.11566789008335927
10.098799999999997,1.0098799999999997e-05,0.10797182820993223,0.11244987856684593
10.099599999999995,1.0099599999999996e-05,0.09963849487663223,0.10924184763731404
10.1004,1.01004e-05,0.11574172531051585,0.1060439686031204
10.101199999999999,1.0101199999999997e-05,0.08274713465509914,0.1028563082055559
10.101999999999997,1.0101999999999996e-05,0.058029514858667364,0.09967882902872
10.102800000000002,1.0102800000000001e-05,0.09662782791542873,0.09651139239785533
10.1036,1.01036e-05,0.11134261085188568,0.09335376377620797
10.104399999999998,1.0104399999999998e-05,0.0800878819861982,0.09020562047917499
10.105199999999996,1.0105199999999996e-05,0.09086069181078837,0.08706656133191437
10.106000000000002,1.0106000000000001e-05,0.1253625079525693,0.08393611775710269
10.1068,1.01068e-05,0.13648597572653465,0.08081376571231455
10.107599999999998,1.0107599999999998e-05,0.10152210086086821,0.07769893790226239
10.108399999999996,1.0108399999999996e-05,0.036992481653443154,0.07459103578832046
10.109200000000001,1.0109200000000001e-05,0.07192004287324144,0.07148944110101285
10.11,1.011e-05,0.12644833790644633,0.06839352675014819
10.110799999999998,1.0110799999999996e-05,0.05831681243925768,0.06530266713030111
10.111599999999996,1.0111599999999995e-05,0.09269625738929882,0.06221624784252097
10.112400000000001,1.01124e-05,0.05388100501490145,0.0591336748820629
10.113199999999999,1.0113199999999998e-05,0.02702993096209677,0.05605438342001981
10.113999999999997,1.0113999999999997e-05,0.06890181018637559,0.05297784639106962
10.114799999999995,1.0114799999999995e-05,0.048811403094674355,0.04990358312740537
10.1156,1.01156e-05,0.031544418718097156,0.04683116823282015
10.116399999999999,1.0116399999999999e-05,0.03988739829430682,0.04376024080149897
10.117199999999997,1.0117199999999997e-05,0.05955149247639829,0.040690513989484166
10.117999999999995,1.0117999999999995e-05,0.0306789327732237,0.0376217848536935
10.1188,1.01188e-05,0.036730150278521834,0.03455394428657438
10.119599999999998,1.0119599999999997e-05,0.053238132107713554,0.031486986806992016
10.120399999999997,1.0120399999999995e-05,0.007655214877743066,0.028421019925872586
10.121200000000002,1.01212e-05,0.06930032003014153,0.025356272779895814
10.122,1.0121999999999999e-05,0.03771157735215819,0.022293103712970747
10.122799999999998,1.0122799999999997e-05,0.02260376978055023,0.0192320064924556
10.123599999999996,1.0123599999999996e-05,0.012973152384252173,0.016173614889144358
10.124400000000001,1.01244e-05,0.05784510747246263,0.013118705422778293
10.1252,1.01252e-05,0.005608006678776589,0.010068198150675431
10.125999999999998,1.0125999999999998e-05,0.0009454251824398963,0.007023155438975359
10.126799999999996,1.0126799999999996e-05,0.01236375626285785,0.003984778712266462
10.127600000000001,1.0127600000000001e-05,-0.03734270460510952,0.0009544032243694461
10.1284,1.01284e-05,0.05627716996605353,-0.0020665090989906987
10.129199999999997,1.0129199999999996e-05,-0.016782673063760634,-0.005076378739391943
10.129999999999995,1.0129999999999994e-05,-0.002752373377439832,-0.008073519645146063
10.1308,1.01308e-05,0.007947429835555742,-0.011056152365371191
10.131599999999999,1.0131599999999998e-05,-0.010334458400451385,-0.014022419345899165
10.132399999999997,1.0132399999999996e-05,0.017164785256621184,-0.016970402445715863
10.133199999999995,1.0133199999999995e-05,0.008844691369033097,-0.0198981426968302
10.134,1.0134e-05,-0.006818230366701539,-0.022803662271355482
10.134799999999998,1.0134799999999998e-05,-0.033274767098600444,-0.02568498851751412
10.135599999999997,1.0135599999999997e-05,-0.003717344825331592,-0.028540179789958667
10.136399999999995,1.0136399999999995e-05,-0.022651563700101518,-0.03136735266771985
10.1372,1.01372e-05,-0.04100154117058086,-0.03416471005950404
10.137999999999998,1.0137999999999998e-05,-0.03127219461409192,-0.036930569642061484
10.138799999999996,1.0138799999999995e-05,-0.027144489941800243,-0.039663392048466084
10.139600000000002,1.01396e-05,-0.05082072698727841,-0.04236180821619889
10.1404,1.0140399999999999e-05,-0.04267028835442832,-0.04502464531926047
10.141200000000005,1.0141200000000004e-05,-0.05503675823412385,-0.04765095073612384
10.141999999999996,1.0141999999999995e-05,-0.07983438253651981,-0.05024001354563215
10.142800000000001,1.01428e-05,-0.02921117913792093,-0.052791383108878265
10.1436,1.0143599999999999e-05,-0.04693719686697395,-0.05530488439539999
10.144399999999997,1.0144399999999997e-05,-0.03377976033975422,-0.057780629829899094
10.145199999999996,1.0145199999999996e-05,-0.07506115660840024,-0.060219027528012226
10.146,1.0146e-05,-0.07443644052414666,-0.06262078582343558
10.146799999999999,1.0146799999999999e-05,-0.03683146981251345,-0.06498691398182815
10.147599999999997,1.0147599999999996e-05,-0.07769468672870472,-0.06731871900017034
10.148399999999995,1.0148399999999994e-05,-0.09835628429021925,-0.06961779842782173
10.1492,1.01492e-05,-0.049391993321223404,-0.07188602920321806
10.149999999999999,1.0149999999999998e-05,-0.03522532665452338,-0.07412555256754186
10.150799999999997,1.0150799999999996e-05,-0.0785934609479369,-0.07633875519059591
10.151599999999995,1.0151599999999994e-05,-0.0881669595269925,-0.07852824669317589
10.1524,1.01524e-05,-0.07190731328408273,-0.08069683374133634
10.153199999999998,1.0153199999999998e-05,-0.09573523727279942,-0.08284749084675831
10.153999999999996,1.0153999999999996e-05,-0.11175146530654934,-0.08498332799634434
10.154799999999994,1.0154799999999995e-05,-0.07114282552808232,-0.08710755528408988
10.1556,1.01556e-05,-0.1259285345589864,-0.08922344482132817
10.156399999999998,1.0156399999999998e-05,-0.06459228850167997,-0.09133429034000497
10.157199999999996,1.0157199999999995e-05,-0.12058979188110314,-0.09344336505693647
10.158000000000001,1.0158e-05,-0.08730790364499597,-0.09555387851310286
10.1588,1.0158799999999998e-05,-0.03854201585064404,-0.0976689332270998
10.159600000000005,1.0159600000000003e-05,-0.10720709396765771,-0.09979148209336779
10.160399999999996,1.0160399999999995e-05,-0.07493027483673592,-0.1019242874881793
10.161200000000001,1.01612e-05,-0.07538741618349903,-0.10406988299768195
10.161999999999999,1.0161999999999999e-05,-0.09938707594400115,-0.10623053856783979
10.162800000000004,1.0162800000000004e-05,-0.11610802456796881,-0.10840822973832653
10.163599999999995,1.0163599999999995e-05,-0.07135919701422566,-0.11060461149358251
10.1644,1.01644e-05,-0.11117062859382615,-0.1128209971602641
10.165199999999999,1.0165199999999999e-05,-0.06326587719861809,-0.11505834270259803
10.166000000000004,1.0166000000000004e-05,-0.07752219461409193,-0.11731723668990114
10.166799999999995,1.0166799999999994e-05,-0.11066355483552498,-0.11959789609217977
10.1676,1.0167599999999999e-05,-0.1278136532289772,-0.12190016787965324
10.168399999999998,1.0168399999999997e-05,-0.14009520122568642,-0.12422353618732007
10.169199999999996,1.0169199999999996e-05,-0.07754243195407351,-0.12656713462454966
10.169999999999995,1.0169999999999994e-05,-0.10486842715370587,-0.12892976321587662
10.1708,1.01708e-05,-0.15745467321101236,-0.13130990943128737
10.171599999999998,1.0171599999999998e-05,-0.1363236397112848,-0.13370577273234874
10.172399999999996,1.0172399999999996e-05,-0.09926546109518863,-0.136115292001247
10.173199999999994,1.0173199999999994e-05,-0.12720709396765773,-0.13853617517633793
10.174,1.0174e-05,-0.15665197980353102,-0.14096593041267413
10.174799999999998,1.0174799999999998e-05,-0.18381248078272033,-0.14340189808516185
10.175599999999996,1.0175599999999995e-05,-0.13391064211151854,-0.14584128294383197
10.176400000000001,1.0176400000000001e-05,-0.116220749516799,-0.14828118576513116
10.1772,1.0177199999999998e-05,-0.18717229300754412,-0.1507186339501413
10.178000000000004,1.0178000000000003e-05,-0.15417562183498001,-0.15315061065218535
10.178799999999995,1.0178799999999995e-05,-0.12929458833525243,-0.15557408211492865
10.1796,1.01796e-05,-0.17813915646114853,-0.15798602297322623
10.180399999999999,1.0180399999999998e-05,-0.1365865389175988,-0.1603834393405668
10.181200000000004,1.0181200000000003e-05,-0.16484686563940437,-0.16276338957281444
10.181999999999995,1.0181999999999995e-05,-0.18950604244427366,-0.16512300264150373
10.1828,1.01828e-05,-0.14119635114242268,-0.16745949408023952
10.183599999999998,1.0183599999999999e-05,-0.13125763099406001,-0.16977017950566647
10.184400000000004,1.0184400000000004e-05,-0.1879903063779848,-0.17205248575934562
10.185199999999995,1.0185199999999994e-05,-0.19504508030271356,-0.17430395973842916
10.186,1.0185999999999999e-05,-0.16493519221385816,-0.17652227496545078
10.186799999999998,1.0186799999999997e-05,-0.17311135339540468,-0.17870523593087886
10.187600000000003,1.0187600000000002e-05,-0.21710004273877703,-0.18085078027706578
10.188399999999994,1.0188399999999994e-05,-0.1630432641609324,-0.18295697897620478
10.1892,1.0189199999999999e-05,-0.15955691971017383,-0.18502203475520135
10.189999999999998,1.0189999999999997e-05,-0.18865190393949938,-0.18704427911744956
10.190799999999996,1.0190799999999996e-05,-0.17164157721779388,-0.18902216838367172
10.191599999999994,1.0191599999999994e-05,-0.17441847221264722,-0.19095427919364938
10.1924,1.01924e-05,-0.1601370000800696,-0.19283930387806944
10.193199999999997,1.0193199999999998e-05,-0.16411717884341753,-0.19467604604594985
10.193999999999996,1.0193999999999994e-05,-0.23600021699626084,-0.1964634166427972
10.1948,1.0194800000000001e-05,-0.14312459284111656,-0.19820043061666176
10.195599999999999,1.0195599999999998e-05,-0.18671458382938838,-0.19988620420974418
10.196400000000004,1.0196400000000003e-05,-0.23027053020037397,-0.20151995280385943
10.197199999999995,1.0197199999999994e-05,-0.22226894165058758,-0.2031009891876423
10.198,1.0198e-05,-0.1881009508096676,-0.20462872207737248
10.198799999999999,1.0198799999999998e-05,-0.2156259170154366,-0.2061026547411322
10.199600000000004,1.0199600000000003e-05,-0.21855998416214334,-0.2075223836647
10.200399999999995,1.0200399999999995e-05,-0.17161377415195,-0.20888759731880352
10.2012,1.02012e-05,-0.1826126017056932,-0.21019807518972788
10.201999999999998,1.0201999999999998e-05,-0.1802274071716708,-0.21145368728981628
10.202800000000003,1.0202800000000003e-05,-0.20218269559328123,-0.21265439434639083
10.203599999999994,1.0203599999999993e-05,-0.21505699557410546,-0.21380024876450085
10.2044,1.0204399999999998e-05,-0.22856698205641307,-0.2148913963054171
10.205199999999998,1.0205199999999997e-05,-0.20947407834423493,-0.21592807828990315
10.206000000000003,1.0206000000000002e-05,-0.1984222930075441,-0.21691063407701783
10.206799999999994,1.0206799999999993e-05,-0.2077663691660791,-0.2178395035851079
10.2076,1.0207599999999999e-05,-0.19721882072761476,-0.21871522966347162
10.208399999999997,1.0208399999999997e-05,-0.19839448994180026,-0.2195384601366802
10.209200000000003,1.0209200000000002e-05,-0.24375895516828,-0.22030994930766326
10.209999999999994,1.0209999999999994e-05,-0.20943927738412144,-0.2210305586379527
10.210799999999999,1.0210799999999999e-05,-0.24030041378326528,-0.22170125626373183
10.211599999999997,1.0211599999999997e-05,-0.22366779173385132,-0.2223231149939754
10.212399999999995,1.0212399999999996e-05,-0.2508262121958933,-0.22289730848729483
10.213199999999993,1.0213199999999992e-05,-0.20273081186313824,-0.22342510540550797
10.213999999999999,1.0213999999999997e-05,-0.2563506864342013,-0.22390786147507422
10.214800000000004,1.0214800000000004e-05,-0.20218061507613383,-0.22434700953421588
10.215599999999995,1.0215599999999994e-05,-0.19998531313683104,-0.2247440477837222
10.2164,1.02164e-05,-0.20838749204743062,-0.22510052657075927
10.217199999999998,1.0217199999999998e-05,-0.19028301330325853,-0.22541803409113123
10.218000000000004,1.0218000000000003e-05,-0.2262059973853323,-0.22569818137385544
10.218799999999995,1.0218799999999994e-05,-0.25561683860401957,-0.2259425868194486
10.2196,1.02196e-05,-0.23865455228803945,-0.22615286044974187
10.220399999999998,1.0220399999999998e-05,-0.1937394741711258,-0.22633058796387984
10.221200000000003,1.0221200000000003e-05,-0.240796328613002,-0.2264773147247357
10.221999999999994,1.0221999999999993e-05,-0.2217987493695473,-0.22659452989440632
10.2228,1.02228e-05,-0.18800070896372195,-0.226683651027596
10.223599999999998,1.0223599999999996e-05,-0.2149957157225681,-0.22674600947666426
10.224400000000003,1.0224400000000002e-05,-0.20049030637798482,-0.22678283695866122
10.225199999999994,1.0225199999999993e-05,-0.23649329496602273,-0.22679525358151945
10.225999999999999,1.0225999999999998e-05,-0.217084534264483,-0.2267842575301246
10.226799999999997,1.0226799999999997e-05,-0.22319060155844145,-0.2267507165098382
10.227600000000002,1.0227600000000002e-05,-0.23046382748646094,-0.22669536097831838
10.228399999999993,1.0228399999999993e-05,-0.22254999767983574,-0.22661877917915227
10.229199999999999,1.0229199999999999e-05,-0.2461753574595137,-0.2265214140091334
10.229999999999997,1.0229999999999997e-05,-0.18571840462418532,-0.22640356179136056
10.230800000000002,1.0230800000000002e-05,-0.2298655902937311,-0.2262653730807767
10.231599999999993,1.0231599999999992e-05,-0.18487674922229558,-0.22610685567792077
10.232399999999998,1.0232399999999997e-05,-0.22840205566746258,-0.22592788003793646
10.233200000000004,1.0233200000000004e-05,-0.15467361718186423,-0.2257281872143535
10.234000000000002,1.0234e-05,-0.2291483866006288,-0.22550739937386538
10.2348,1.0234799999999999e-05,-0.2021164983645216,-0.22526503276934112
10.235599999999998,1.0235599999999997e-05,-0.222725894485916,-0.2250005128757302
10.236400000000003,1.0236400000000002e-05,-0.2429186239407104,-0.2247131912096515
10.237199999999994,1.0237199999999994e-05,-0.22816128580694284,-0.2244023632174421
10.238,1.0238e-05,-0.24960533943595714,-0.2240672865642923
10.238799999999998,1.0238799999999998e-05,-0.20719933973046062,-0.22370719919566295
10.239600000000003,1.0239600000000003e-05,-0.23792335280639781,-0.2233213366521307
10.240399999999994,1.0240399999999994e-05,-0.21595558128190284,-0.22290894826134316
10.2412,1.02412e-05,-0.16837557677603876,-0.22246931196325143
10.241999999999997,1.0241999999999996e-05,-0.2167590310323116,-0.22200174761456734
10.242800000000003,1.0242800000000001e-05,-0.2721770218732316,-0.22150562864234624
10.243599999999994,1.0243599999999993e-05,-0.20489547387662238,-0.22098039187721957
10.244399999999999,1.0244399999999998e-05,-0.20305347823523484,-0.22042554535057662
10.245199999999997,1.0245199999999996e-05,-0.26079973330436945,-0.21984067385803585
10.246000000000002,1.0246000000000002e-05,-0.25235443136506663,-0.21922544218064166
10.246799999999993,1.0246799999999993e-05,-0.19316960787553256,-0.2185795959772403
10.247599999999998,1.0247599999999998e-05,-0.2021866681161414,-0.21790296050884406
10.248399999999997,1.0248399999999997e-05,-0.22969234183619097,-0.21719543752824014
10.249200000000002,1.0249200000000002e-05,-0.18671231480080624,-0.216457000816853
10.249999999999993,1.0249999999999992e-05,-0.21417127228925048,-0.21568769092515644
10.250799999999998,1.0250799999999998e-05,-0.17676659675807388,-0.2148876096798852
10.251599999999996,1.0251599999999995e-05,-0.17318001046126963,-0.21405691499008217
10.252400000000002,1.02524e-05,-0.1923425160936747,-0.2131958164134689
10.2532,1.0253199999999999e-05,-0.16540462815207108,-0.21230457181415127
10.253999999999998,1.0253999999999997e-05,-0.18526334379456966,-0.2113834852471957
10.254800000000003,1.0254800000000002e-05,-0.2537510124197483,-0.21043290596708886
10.255600000000001,1.02556e-05,-0.23974511110770386,-0.20945322822137286
10.2564,1.0256399999999999e-05,-0.20282386730327956,-0.20844489132813973
10.257199999999997,1.0257199999999997e-05,-0.1970900194730978,-0.20740837951505522
10.258000000000003,1.0258000000000002e-05,-0.20262281577999558,-0.2063442211165458
10.258799999999994,1.0258799999999994e-05,-0.19665595232639105,-0.2052529868933527
10.259599999999999,1.0259599999999999e-05,-0.18108419402508513,-0.2041352873575654
10.260399999999997,1.0260399999999996e-05,-0.21397438180026124,-0.20299176903041571
10.261200000000002,1.0261200000000003e-05,-0.22537455605774498,-0.2018231095576137
10.261999999999993,1.0261999999999993e-05,-0.23023346021167834,-0.20063001159875765
10.262799999999999,1.0262799999999998e-05,-0.16925600566090204,-0.19941319543978814
10.263599999999997,1.0263599999999996e-05,-0.17116684687948924,-0.1981733903812138
10.264400000000002,1.0264400000000001e-05,-0.16922820259505816,-0.19691132509787737
10.265199999999993,1.0265199999999993e-05,-0.22810965219821516,-0.1956277172618404
10.265999999999998,1.0265999999999998e-05,-0.19478256041635744,-0.19432326271607342
10.266799999999996,1.0266799999999996e-05,-0.1674363278767434,-0.19299862442735094
10.267600000000002,1.0267600000000001e-05,-0.1707439386614471,-0.19165442141702993
10.268399999999993,1.0268399999999991e-05,-0.19421912418364107,-0.19029121788886674
10.269199999999998,1.0269199999999998e-05,-0.18010598313138143,-0.18890951279079954
10.269999999999996,1.0269999999999995e-05,-0.16171080211505146,-0.18750973002375426
10.270800000000001,1.02708e-05,-0.18976667262200547,-0.18609220946303953
10.2716,1.0271599999999998e-05,-0.18211422933593957,-0.18465719891464452
10.272399999999998,1.0272399999999997e-05,-0.17970463642764078,-0.18320484709345558
10.273200000000003,1.0273200000000002e-05,-0.1889115892629692,-0.181735197685777
10.274000000000001,1.0274e-05,-0.18807485123820167,-0.18024818455920408
10.274799999999999,1.0274799999999999e-05,-0.16757193851419533,-0.17874362821735287
10.275599999999997,1.0275599999999997e-05,-0.1997672404534982,-0.17722123366007303
10.276400000000002,1.0276400000000002e-05,-0.1378327572033619,-0.17568058988988725
10.2772,1.02772e-05,-0.1396280366131441,-0.17412117138520428
10.277999999999999,1.0277999999999999e-05,-0.19838087347311884,-0.17254234191299098
10.278799999999997,1.0278799999999997e-05,-0.16041900326066827,-0.17094336105081423
10.279600000000002,1.0279600000000002e-05,-0.14743973256811094,-0.16932339373661648
10.280399999999993,1.0280399999999992e-05,-0.112327763962208,-0.16768152310830534
10.281199999999998,1.0281199999999997e-05,-0.15879054224554923,-0.16601676685376324
10.281999999999996,1.0281999999999996e-05,-0.13040235912348885,-0.16432809722232025
10.282800000000002,1.0282800000000001e-05,-0.13552889134952362,-0.1626144647067768
10.283599999999993,1.0283599999999992e-05,-0.1396565960218153,-0.16087482520619967
10.284399999999998,1.0284399999999998e-05,-0.14482209024215836,-0.15910817026950444
10.285199999999996,1.0285199999999996e-05,-0.14847411742479494,-0.15731355982395112
10.286000000000001,1.0286000000000001e-05,-0.14540576381495635,-0.15549015662063295
10.286799999999992,1.0286799999999993e-05,-0.1696607570561101,-0.15363726149373974
10.287599999999998,1.0287599999999998e-05,-0.16633858265137458,-0.15175434844567653
10.288399999999996,1.0288399999999995e-05,-0.15379545962267155,-0.14984109854681157
10.289200000000001,1.0289200000000001e-05,-0.12013302985429786,-0.14789743168316127
10.29,1.0289999999999998e-05,-0.14353672145065227,-0.14592353528230537
10.290799999999997,1.0290799999999996e-05,-0.1553995222635141,-0.1439198892496868
10.291600000000003,1.0291600000000002e-05,-0.15622377718539704,-0.14188728641018344
10.2924,1.02924e-05,-0.1722872892820449,-0.1398268477829329
10.293199999999999,1.0293199999999998e-05,-0.171163253676687,-0.1377400320782698
10.293999999999997,1.0293999999999997e-05,-0.11410072551476125,-0.13562863894412983
10.294800000000002,1.0294800000000002e-05,-0.12463011713029148,-0.1334948057052864
10.2956,1.02956e-05,-0.17785072551476128,-0.131340997579999
10.296399999999998,1.0296399999999999e-05,-0.1351322735114705,-0.12916999156121076
10.297199999999997,1.0297199999999997e-05,-0.11782783982613959,-0.12698485430156395
10.298000000000002,1.0298000000000002e-05,-0.10726988880203814,-0.12478891448656555
10.2988,1.0298799999999999e-05,-0.1383835218217589,-0.12258573033797289
10.299599999999998,1.0299599999999997e-05,-0.12824791118430712,-0.12037905302233823
10.300399999999996,1.0300399999999995e-05,-0.07258706996561992,-0.11817278681949753
10.301200000000001,1.03012e-05,-0.07378770538547436,-0.1159709469511852
10.302,1.0301999999999999e-05,-0.06443606350127723,-0.11377761598628243
10.302799999999998,1.0302799999999997e-05,-0.13798709249514052,-0.1115968996804394
10.303599999999996,1.0303599999999996e-05,-0.11253562486832691,-0.10943288294379977
10.304400000000001,1.03044e-05,-0.10399424211737329,-0.1072895864208732
10.305199999999992,1.0305199999999992e-05,-0.11683298479535664,-0.10517092402147234
10.305999999999997,1.0305999999999998e-05,-0.06825755742711681,-0.10308066171548583
10.306799999999996,1.0306799999999994e-05,-0.1379751772236486,-0.10102237795905532
10.3076,1.0307600000000001e-05,-0.05369654195104567,-0.09899942618721237
10.308399999999999,1.0308399999999998e-05,-0.10811154420392799,-0.09701489985399292
10.309199999999997,1.0309199999999996e-05,-0.07219404533046891,-0.09507160052496276
10.310000000000002,1.0310000000000001e-05,-0.07002787063122995,-0.09317200953040403
10.3108,1.03108e-05,-0.0540812445176071,-0.09131826366247693
10.311599999999999,1.0311599999999998e-05,-0.04612561585659869,-0.08951213533519536
10.312399999999997,1.0312399999999996e-05,-0.10842380799038731,-0.08775501750863948
10.313200000000002,1.0313200000000001e-05,-0.05281724872896776,-0.08604791350700354
10.314,1.0314e-05,-0.10331032669872975,-0.08439143166871371
10.314799999999998,1.0314799999999998e-05,-0.10400880573740529,-0.08278578461547466
10.315599999999996,1.0315599999999997e-05,-0.03133423310564498,-0.08123079285532188
10.316400000000002,1.0316400000000002e-05,-0.04812327096398494,-0.07972589243752211
10.3172,1.0317199999999998e-05,-0.09895168692016276,-0.07827014640660998
10.317999999999998,1.0317999999999997e-05,-0.06360670269083724,-0.07686225979436796
10.318799999999996,1.0318799999999995e-05,-0.06757855938559543,-0.07550059782222016
10.319600000000001,1.03196e-05,-0.0818169084895699,-0.07418320691141282
10.3204,1.0320399999999999e-05,-0.07515156599718997,-0.07290783806641493
10.321199999999997,1.0321199999999997e-05,-0.05570119495270176,-0.07167197220970144
10.321999999999996,1.0321999999999995e-05,-0.04534505179481163,-0.07047284708100557
10.3228,1.03228e-05,-0.08219461316186161,-0.06930748535037798
10.323599999999999,1.0323599999999999e-05,-0.1164564157858502,-0.06817272361150344
10.324399999999997,1.0324399999999997e-05,-0.029101293346253887,-0.06706524192457008
10.325199999999995,1.0325199999999996e-05,-0.07597241622760542,-0.06598159361121732
10.326,1.0326e-05,-0.05292638047499576,-0.06491823509583555
10.326799999999999,1.0326799999999997e-05,-0.043950930577335456,-0.06387155569939526
10.327599999999997,1.0327599999999996e-05,-0.07613791044804852,-0.06283790736449732
10.328400000000002,1.0328400000000001e-05,-0.058093198869659024,-0.061813634310201086
10.3292,1.03292e-05,-0.04221125729904096,-0.060795102611884144
10.329999999999998,1.0329999999999998e-05,-0.028156559238343704,-0.059778729703912736
10.330799999999996,1.0330799999999996e-05,-0.03502219691118036,-0.05876101380911736
10.331600000000002,1.0331600000000001e-05,-0.003689355545241413,-0.05773856327326631
10.3324,1.03324e-05,-0.05988715410512113,-0.05670812568715833
10.333199999999998,1.0333199999999998e-05,-0.029485807401380515,-0.05566661650994321
10.333999999999996,1.0333999999999996e-05,-0.13291427669206923,-0.05461114670356274
10.334800000000001,1.0334800000000001e-05,-0.04682863524962699,-0.05353904872092974
10.3356,1.03356e-05,-0.08183487680106927,-0.05244790013907759
10.336399999999998,1.0336399999999996e-05,-0.0487922457398271,-0.051335544332085675
10.337199999999996,1.0337199999999995e-05,0.0004827963299733895,-0.05020010779559844
10.338000000000001,1.0338e-05,-0.03368443816811917,-0.04904001396280148
10.338799999999999,1.0338799999999998e-05,-0.0835563932564296,-0.04785399349326981
10.339599999999997,1.0339599999999997e-05,-0.008249614678555006,-0.04664109103805944
10.340399999999995,1.0340399999999995e-05,-0.06862599517655665,-0.04540066843649186
10.3412,1.03412e-05,-0.07108911369929571,-0.044132404266132914
10.341999999999999,1.0341999999999999e-05,-0.041611507420556304,-0.042836289692744514
10.342799999999997,1.0342799999999997e-05,-0.04958661707871881,-0.0415126206522602
10.343599999999995,1.0343599999999995e-05,0.004245467944292813,-0.040161986530154965
10.3444,1.03444e-05,-0.030154970688657357,-0.038785255651120565
10.345199999999998,1.0345199999999997e-05,-0.008597435767915385,-0.037383557991446756
10.345999999999997,1.0345999999999995e-05,-0.04377408891689305,-0.03595826553233713
10.346800000000002,1.03468e-05,-0.01754565043122469,-0.03451097059674897
10.3476,1.0347599999999999e-05,-0.0544912926099953,-0.03304346241147286
10.348399999999998,1.0348399999999997e-05,-0.024257520643715225,-0.03155770206553303
10.349199999999996,1.0349199999999996e-05,-0.03677284060660457,-0.03005579602187452
10.350000000000001,1.0350000000000001e-05,-0.0024830464053673396,-0.02853996837844581
10.3508,1.03508e-05,-0.03293167717210588,-0.02701253214228229
10.351599999999998,1.0351599999999998e-05,-0.013942419997280853,-0.025475859840801432
10.352399999999996,1.0352399999999996e-05,0.001084815237070158,-0.023932353824292568
10.353200000000001,1.0353200000000001e-05,-0.015595847218199066,-0.02238441661207176
10.354,1.0354e-05,-0.018065207292410346,-0.02083442161023094
10.354799999999997,1.0354799999999996e-05,-0.002885717283428013,-0.019284684485512432
10.355599999999995,1.0355599999999994e-05,-0.039919686036652524,-0.017737435428232626
10.3564,1.03564e-05,-0.013816455602698952,-0.016194792499884647
10.357199999999999,1.0357199999999998e-05,-0.05690277752400685,-0.014658736260788938
10.357999999999997,1.0357999999999996e-05,0.034607284822262385,-0.013131085925592673
10.358799999999995,1.0358799999999995e-05,-0.016360334974229396,-0.011613477399242345
10.3596,1.03596e-05,0.027976743289966022,-0.010107343668257981
10.360399999999998,1.0360399999999998e-05,0.028563253722738602,-0.008613898099009837
10.361199999999997,1.0361199999999997e-05,0.020387848884049542,-0.007134121178929906
10.361999999999995,1.0361999999999995e-05,-0.006538312297497018,-0.005668751124209934
10.3628,1.03628e-05,-0.008651529213748343,-0.004218278600688921
10.363599999999998,1.0363599999999998e-05,0.04041073457267108,-0.0027829456191072327
10.364399999999996,1.0364399999999995e-05,0.024142009918344254,-0.0013627485251405114
10.365200000000002,1.03652e-05,-0.02335382904736083,4.25550861093138e-05
10.366,1.0365999999999999e-05,-0.013915752594352293,0.0014334357812763737
10.366800000000005,1.0366800000000004e-05,-0.009033394920334836,0.0028105783540761237
10.367599999999996,1.0367599999999995e-05,0.06376222472890536,0.004174864901496586
10.368400000000001,1.03684e-05,0.01559930299311063,0.005527355217126037
10.3692,1.0369199999999999e-05,0.007749401386592858,0.00686926473828664
10.369999999999997,1.0369999999999997e-05,0.042826001201059505,0.008201940282227468
10.370799999999996,1.0370799999999996e-05,0.02675757172718607,0.00952683388963646
10.3716,1.03716e-05,-0.006484030340229374,0.010845475210706237
10.372399999999999,1.0372399999999999e-05,0.007838484303944071,0.012159442976492449
10.373199999999997,1.0373199999999996e-05,0.039619200093724216,0.01347033617617402
10.373999999999995,1.0373999999999994e-05,0.008621696714301241,0.014779745590135368
10.3748,1.03748e-05,-0.0034614481075940784,0.01608922630982311
10.375599999999999,1.0375599999999998e-05,0.0034889229368542107,0.017400271834999703
10.376399999999997,1.0376399999999996e-05,-0.01803513519805444,0.01871429028407183
10.377199999999995,1.0377199999999994e-05,0.020117383952010237,0.02003258315150823
10.378,1.0378e-05,0.040612542438852484,0.02135632687493136
10.378799999999998,1.0378799999999998e-05,0.061652412504084486,0.02268655726203697
10.379599999999996,1.0379599999999996e-05,0.036176735014429307,0.024024156646994366
10.380399999999995,1.0380399999999995e-05,0.027716869455091553,0.025369843568510103
10.3812,1.03812e-05,0.032464940665944186,0.026724164800831923
10.381999999999998,1.0381999999999998e-05,0.02633050247478219,0.028087489666915405
10.382799999999996,1.0382799999999995e-05,0.04088735691662837,0.029460006643355074
10.383600000000001,1.03836e-05,0.013826341440487444,0.03084172229448362
10.3844,1.0384399999999998e-05,0.03503662310325162,0.03223246255750939
10.385200000000005,1.0385200000000003e-05,0.054403017118945685,0.03363187635904899
10.385999999999996,1.0385999999999995e-05,0.04851124079405311,0.03503944148644436
10.386800000000001,1.03868e-05,-0.0046306872588391945,0.036454472582410746
10.387599999999999,1.0387599999999999e-05,0.046066846925610805,0.03787613109657345
10.388400000000004,1.0388400000000004e-05,0.03500257848603561,0.03930343699692193
10.389199999999995,1.0389199999999995e-05,0.06116141505153705,0.04073528197920159
10.39,1.039e-05,0.03551740648149382,0.0421704438090702
10.390799999999999,1.0390799999999999e-05,0.07212695433089145,0.043607601335172524
10.391600000000004,1.0391600000000004e-05,0.08877905737751945,0.04504534966191981
10.392399999999995,1.0392399999999994e-05,0.02488228781147306,0.04648221497828203
10.3932,1.0393199999999999e-05,0.07132218040619254,0.04791666859970223
10.393999999999998,1.0393999999999997e-05,0.0874407308030355,0.04934713987867062
10.394799999999996,1.0394799999999996e-05,0.10386530343486577,0.05077202774560208
10.395599999999995,1.0395599999999994e-05,0.009053871855295381,0.05218971074897058
10.3964,1.03964e-05,0.0594370617361718,0.053598555597319686
10.397199999999998,1.0397199999999998e-05,0.029413419704685695,0.054996924353882426
10.397999999999996,1.0397999999999996e-05,0.058544717579846584,0.05638318052135746
10.398799999999994,1.0398799999999994e-05,0.08820654273335604,0.05775569422452487
10.3996,1.03996e-05,0.08580470406215424,0.05911284658740043
10.400399999999998,1.0400399999999998e-05,0.07959499023081262,0.06045303330159382
10.401199999999996,1.0401199999999995e-05,0.06460822967656454,0.061774667365824015
10.402000000000001,1.0402000000000001e-05,0.09310781357313502,0.06307618105161902
10.4028,1.0402799999999998e-05,0.06748385383170874,0.06435602727093662
10.403600000000004,1.0403600000000003e-05,0.04235448474569914,0.06561268063633444
10.404399999999995,1.0404399999999995e-05,0.06367408666585617,0.06684463858729373
10.4052,1.04052e-05,0.044287643821545375,0.06805042298870645
10.405999999999999,1.0405999999999998e-05,0.05473627458828412,0.06922858256572723
10.406800000000004,1.0406800000000003e-05,0.09292624304700514,0.07037769641870775
10.407599999999995,1.0407599999999995e-05,0.09560157202169284,0.07149637869508968
10.4084,1.04084e-05,0.05653022982381617,0.07258328433902075
10.409199999999998,1.0409199999999999e-05,0.08420971983279868,0.07363711574561421
10.410000000000004,1.0410000000000004e-05,0.0762540911717503,0.07465663012258122
10.410799999999995,1.0410799999999994e-05,0.08962354963945385,0.07564064736576609
10.4116,1.0411599999999999e-05,0.10728980020269441,0.07658805824855369
10.412399999999998,1.0412399999999997e-05,0.07649126782943794,0.07749783271531813
10.413200000000003,1.0413200000000002e-05,0.1378163549581798,0.0783690280880752
10.413999999999994,1.0413999999999994e-05,0.05332078036791088,0.07920079706146291
10.4148,1.0414799999999999e-05,0.06619772869733531,0.07999239546629358
10.415599999999998,1.0415599999999997e-05,0.06189885608465073,0.08074318989106788
10.416399999999996,1.0416399999999996e-05,0.058093249953103165,0.08145266530424405
10.417199999999994,1.0417199999999994e-05,0.07901907089521176,0.08212043276697914
10.418,1.0418e-05,0.10183417154164609,0.08274623717063923
10.418799999999997,1.0418799999999998e-05,0.09683341519878863,0.08332996473531612
10.419599999999996,1.0419599999999994e-05,0.09552364803293611,0.08387164983902429
10.420399999999994,1.0420399999999993e-05,0.11033791647251134,0.08437148066131755
10.421199999999999,1.0421199999999998e-05,0.1565024267580024,0.08482980312768346
10.422000000000004,1.0422000000000003e-05,0.05260773770913352,0.0852471227173982
10.422799999999995,1.0422799999999994e-05,0.08589586749665279,0.08562410383537744
10.4236,1.04236e-05,0.09437597039602919,0.08596156661882529
10.424399999999999,1.0424399999999998e-05,0.09220222997106797,0.0862604811846224
10.425200000000004,1.0425200000000003e-05,0.1295825071278981,0.08652195937246218
10.425999999999995,1.0425999999999995e-05,0.05112188522573591,0.08674724402946299
10.4268,1.04268e-05,0.1086740866658561,0.08693769588026512
10.427599999999998,1.0427599999999998e-05,0.0930890889188083,0.08709477805266291
10.428400000000003,1.0428400000000003e-05,0.17440169294469576,0.0872200383548728
10.429199999999994,1.0429199999999993e-05,0.06609824319425694,0.08731508942317506
10.43,1.043e-05,0.08635981822628092,0.08738158692593329
10.430799999999998,1.0430799999999997e-05,0.08715702642524736,0.08742120614808771
10.431600000000003,1.0431600000000002e-05,0.10150450727514981,0.08743561743058001
10.432399999999994,1.0432399999999993e-05,0.10297428345283066,0.08742646101972973
10.4332,1.0433199999999999e-05,0.07025167041517488,0.08739532188489266
10.433999999999997,1.0433999999999997e-05,0.07308700840166082,0.08734370504166195
10.434800000000003,1.0434800000000002e-05,0.07411439536400521,0.08727301189701317
10.435599999999994,1.0435599999999994e-05,0.12083742450512036,0.08718451808449901
10.436399999999999,1.0436399999999999e-05,0.10760357667483866,0.08707935316258336
10.437199999999997,1.0437199999999997e-05,0.08473835510543148,0.08695848244528548
10.437999999999995,1.0437999999999996e-05,0.08602315606551503,0.08682269118401642
10.438799999999993,1.0438799999999992e-05,0.031316695197607824,0.08667257133504011
10.439599999999999,1.0439599999999997e-05,0.09682792999020373,0.08650851116684685
10.440400000000004,1.0440400000000004e-05,0.09504513368327605,0.08633068790835557
10.441199999999995,1.0441199999999994e-05,0.12933625205876342,0.08613906349595268
10.442,1.0442e-05,0.08716667266812705,0.08593338331293054
10.442799999999998,1.0442799999999998e-05,0.09625825220604523,0.08571317772381104
10.443600000000004,1.0443600000000003e-05,0.09269398376646987,0.08547776622314376
10.444399999999995,1.0444399999999994e-05,0.05038671322120436,0.08522626409503595
10.4452,1.04452e-05,0.11835274446797972,0.08495759154049887
10.445999999999998,1.0445999999999998e-05,0.12835198812515236,0.0846704852342407
10.446800000000003,1.0446800000000003e-05,0.06996929021167686,0.08436351223801389
10.447599999999994,1.0447599999999993e-05,0.06795347828135634,0.08403508618102232
10.4484,1.04484e-05,0.09874860596320534,0.08368348565163294
10.449199999999998,1.0449199999999996e-05,0.080770659444938,0.08330687478894655
10.450000000000003,1.0450000000000002e-05,0.05183284736736604,0.08290332605749867
10.450799999999994,1.0450799999999993e-05,0.09591459215097964,0.0824708451258842
10.4516,1.0451599999999998e-05,0.10710066395083218,0.08200739767713919
10.452399999999997,1.0452399999999997e-05,0.1019712948648227,0.08151093787632557
10.453200000000002,1.0453200000000002e-05,0.06047295927854057,0.08097943813972586
10.453999999999994,1.0453999999999993e-05,0.11484616267713954,0.08041091982692264
10.454799999999999,1.0454799999999999e-05,0.04782751388677431,0.07980348450592004
10.455599999999997,1.0455599999999997e-05,0.09082002402504363,0.07915534547383724
10.456400000000002,1.0456400000000002e-05,0.07287423011831962,0.07846485921333296
10.457199999999993,1.0457199999999992e-05,0.0829158404612681,0.07773055642249616
10.457999999999998,1.0457999999999997e-05,0.08785531695255822,0.07695117218760064
10.458800000000004,1.0458800000000004e-05,0.10312313353602443,0.07612567479781543
10.459600000000002,1.04596e-05,0.1052314330751235,0.07525329265642017
10.4604,1.0460399999999999e-05,0.08726407765405797,0.07433353874860138
10.461199999999998,1.0461199999999997e-05,0.0625298137203868,0.07336623219347377
10.462000000000003,1.0462000000000002e-05,0.06959990760797485,0.0723515165198835
10.462799999999994,1.0462799999999994e-05,0.10956510664789132,0.07128987441109971
10.4636,1.04636e-05,0.07316360821611756,0.07018213871886503
10.464399999999998,1.0464399999999998e-05,0.08771478893794415,0.06902949956245757
10.465200000000003,1.0465200000000003e-05,0.0586998092144827,0.06783350735148436
10.465999999999994,1.0465999999999994e-05,0.07090343322237513,0.0665960716238419
10.4668,1.04668e-05,0.10449342421058694,0.06531945564644406
10.467599999999997,1.0467599999999996e-05,0.06297636396997808,0.06400626675866045
10.468400000000003,1.0468400000000001e-05,0.10945862325050348,0.06265944246074548
10.469199999999994,1.0469199999999993e-05,0.04906578712675713,0.06128223229957183
10.469999999999999,1.0469999999999998e-05,0.07895098166077952,0.059878175697569896
10.470799999999997,1.0470799999999996e-05,0.07317533497614459,0.058451075986189094
10.471600000000002,1.0471600000000002e-05,0.05887097715487544,0.05700497100814189
10.472399999999993,1.0472399999999993e-05,0.04399259200372796,0.05554410072612606
10.473199999999999,1.0473199999999998e-05,0.07585822967656453,0.054072872320803156
10.473999999999997,1.0473999999999997e-05,0.047293961236989146,0.05259582327831169
10.474800000000002,1.0474800000000002e-05,0.06644398376646987,0.0511175829579808
10.475599999999993,1.0475599999999992e-05,0.08909623854110105,0.04964283310983941
10.476399999999998,1.0476399999999998e-05,0.008352744467979734,0.04817626780495621
10.477199999999996,1.0477199999999995e-05,0.06111072629714143,0.04672255326267319
10.478000000000002,1.0478e-05,0.04409775122682591,0.045286288090407106
10.4788,1.0478799999999999e-05,0.02801040858719417,0.04387196445556499
10.479599999999998,1.0479599999999997e-05,0.028833339334787045,0.042483930662630315
10.480400000000003,1.0480400000000002e-05,0.035629375087466664,0.04112635552040003
10.481200000000001,1.04812e-05,0.032738430969433074,0.03980319476733213
10.482,1.0481999999999999e-05,0.10179729006442506,0.03851815968370528
10.482799999999997,1.0482799999999997e-05,0.06940093660179825,0.03727468788734575
10.483600000000003,1.0483600000000002e-05,0.004539384099261912,0.03607591624519768
10.484399999999994,1.0484399999999994e-05,0.06789219842977912,0.03492465587829327
10.485199999999999,1.04852e-05,0.05052988958437843,0.03382336936021105
10.485999999999997,1.0485999999999996e-05,0.021091245299950323,0.03277415032643771
10.486800000000002,1.0486800000000003e-05,0.055435321458452314,0.03177870578110337
10.487599999999993,1.0487599999999993e-05,0.024694475733900934,0.030838341425591942
10.488399999999999,1.0488399999999998e-05,0.04408167492106907,0.02995395035971135
10.489199999999997,1.0489199999999996e-05,0.0017583280700467219,0.029126005518120807
10.490000000000002,1.0490000000000001e-05,0.014500422104886668,0.028354556196036995
10.490799999999993,1.0490799999999993e-05,0.007816354958179783,0.027639228975507607
10.491599999999998,1.0491599999999998e-05,0.04829978668500212,0.02697923326545243
10.492399999999996,1.0492399999999996e-05,0.012373965742883297,0.02637337151490407
10.493200000000002,1.0493200000000001e-05,0.03467915577101166,0.025820053987829134
10.493999999999993,1.0493999999999993e-05,0.014806444339870772,0.02531731784677091
10.494799999999998,1.0494799999999998e-05,0.028237750490567315,0.02486285019451595
10.495599999999996,1.0495599999999995e-05,0.04828371037924528,0.024454014647949662
10.496400000000001,1.04964e-05,0.0366066411268382,0.02408788095099465
10.4972,1.0497199999999998e-05,0.018360310193708984,0.02376125708557794
10.497999999999998,1.0497999999999997e-05,0.046105808919979285,0.023470723329880344
10.498800000000003,1.0498800000000002e-05,0.04058757623308351,0.023212667737870396
10.499600000000001,1.04996e-05,0.03725916027690579,0.022983322552408286
10.500399999999999,1.0500399999999999e-05,0.03111072629714151,0.022778801109254898
10.501199999999997,1.0501199999999997e-05,0.007807276546732744,0.022595134848633097
10.502000000000002,1.0502000000000002e-05,0.019195724044189455,0.022428310115012562
10.5028,1.05028e-05,0.04093672149673688,0.022274304461775668
10.503599999999999,1.0503599999999999e-05,0.01998801486600066,0.0221291221626215
10.504399999999997,1.0504399999999997e-05,0.022525464174657173,0.021988828580813274
10.505200000000002,1.0505200000000002e-05,0.024055196029582282,0.02184958299629894
10.505999999999993,1.0505999999999992e-05,0.03940509763609301,0.021707669455887715
10.506799999999998,1.0506799999999997e-05,0.04093464097958954,0.021559525185665993
10.507599999999996,1.0507599999999996e-05,0.043721938560246865,0.02140176608859816
10.508400000000002,1.0508400000000001e-05,0.04725424289975355,0.021231208865160694
10.509199999999993,1.0509199999999992e-05,0.027423898154421478,0.021044889359130528
10.509999999999998,1.0509999999999998e-05,0.04018263632644059,0.020840076839020782
10.510799999999996,1.0510799999999996e-05,0.02267923163500618,0.02061428405293758
10.511600000000001,1.0511600000000001e-05,0.02752414000036718,0.020365273011682575
10.512399999999992,1.0512399999999993e-05,0.036809584655874916,0.020091056543087613
10.513199999999998,1.0513199999999998e-05,0.03935138351025502,0.01978989571805674
10.513999999999996,1.0513999999999995e-05,0.026795777378700425,0.019460293289627145
10.514800000000001,1.0514800000000001e-05,0.04349024711114424,0.019100983332106455
10.5156,1.0515599999999998e-05,0.03967140153384463,0.018710917332034352
10.516399999999997,1.0516399999999996e-05,0.04495378173734599,0.01828924706699138
10.517200000000003,1.0517200000000002e-05,0.0304226498441329,0.017835304710644748
10.518,1.0518e-05,0.01796501652993887,0.017348580723862375
10.518799999999999,1.0518799999999998e-05,-0.023010168992285362,0.01682870022006304
10.519599999999997,1.0519599999999997e-05,0.027818246963892457,0.0162753985902397
10.520400000000002,1.0520400000000002e-05,0.03250314631745821,0.015688497193091733
10.5212,1.05212e-05,0.02782864954962949,0.01506787984928526
10.521999999999998,1.0521999999999999e-05,0.015111710231993536,0.014413470778776166
10.522799999999997,1.0522799999999997e-05,0.027970501738523668,0.013725214556923895
10.523600000000002,1.0523600000000002e-05,-0.022577426019868563,0.013003058658141498
10.5244,1.0524399999999999e-05,0.0021524883680830165,0.012246939165239945
10.525199999999998,1.0525199999999997e-05,0.03916073457267111,0.01145677019568117
10.525999999999996,1.0525999999999995e-05,-0.010195824688708388,0.010632437509136908
10.526800000000001,1.05268e-05,0.007004394627746713,0.009773796636505364
10.527599999999993,1.0527599999999992e-05,-0.042296558502085135,0.008880675750800662
10.528399999999998,1.0528399999999997e-05,-0.008164692795498696,0.007952883388353621
10.529199999999996,1.0529199999999996e-05,-0.013810214051256597,0.006990220978071782
10.530000000000001,1.053e-05,0.004105696272546089,0.005992499910548774
10.530799999999992,1.0530799999999992e-05,0.010949772431050997,0.004959562599430811
10.531599999999997,1.0531599999999998e-05,0.014185700778440058,0.0038913067173240723
10.532399999999996,1.0532399999999994e-05,0.029915387574397045,0.0027877115836717203
10.5332,1.0533200000000001e-05,0.018346693725090457,0.0016488655673255748
10.533999999999999,1.0533999999999998e-05,0.0214415262264529,0.0004749933414960189
10.534799999999997,1.0534799999999996e-05,0.036467248775089445,-0.0007335181207547697
10.535600000000002,1.0535600000000001e-05,0.059394318027486515,-0.0019760958150712438
10.5364,1.05364e-05,0.008291087593542912,-0.003251960087570241
10.537199999999999,1.0537199999999998e-05,0.041311400797585995,-0.004560107767969057
10.537999999999997,1.0537999999999996e-05,-0.01610235314510755,-0.005899299427759019
10.538800000000002,1.0538800000000001e-05,0.010622756513154918,-0.007268050857039826
10.5396,1.05396e-05,-0.03049295702371324,-0.008664628615847242
10.540399999999998,1.0540399999999998e-05,0.010295172763835958,-0.010087049361637124
10.541199999999996,1.0541199999999997e-05,-0.019837033182148245,-0.011533082592208331
10.542000000000002,1.0542000000000002e-05,-0.0022354671619525535,-0.013000256450903483
10.5428,1.05428e-05,-0.02465754317316582,-0.014485866281334178
10.543599999999998,1.0543599999999997e-05,2.2438803207625035e-05,-0.015986985663743895
10.544399999999996,1.0544399999999995e-05,-0.022250787124841964,-0.01750047970708115
10.545200000000001,1.05452e-05,-0.044412800789786044,-0.019023020413207352
10.546,1.0545999999999999e-05,-0.025091610319872615,-0.020551103978312495
10.546799999999998,1.0546799999999997e-05,0.03424754846144018,-0.02208106996452018
10.547599999999996,1.0547599999999995e-05,-0.0046736194789526175,-0.023609122364276904
10.5484,1.05484e-05,-0.014085217040467168,-0.025131352649189365
10.549199999999999,1.0549199999999999e-05,0.01535418358682128,-0.02664376487916345
10.549999999999997,1.0549999999999997e-05,-0.07817528389267048,-0.028142302835249638
10.550799999999995,1.0550799999999996e-05,-0.0028908231720549127,-0.029622878991051937
10.5516,1.05516e-05,-0.07159902431767162,-0.031081405030511638
10.552399999999999,1.0552399999999997e-05,0.0014553335036275872,-0.03251382359945586
10.553199999999997,1.0553199999999996e-05,-0.031088545867903106,-0.03391614104093289
10.554000000000002,1.0554000000000001e-05,0.020404872341226676,-0.03528446096090242
10.5548,1.05548e-05,-0.030599440421101187,-0.036615018532435276
10.555599999999998,1.0555599999999998e-05,-0.03601894394777605,-0.037904215423937446
10.556399999999996,1.0556399999999996e-05,-0.03456524407585193,-0.03914865513223922
10.557200000000002,1.0557200000000001e-05,-0.028866008694249046,-0.040345178369940976
10.558,1.0558e-05,-0.014878832036531509,-0.041490898061035744
10.558799999999998,1.0558799999999998e-05,-0.07148573153734883,-0.04258323345512972
10.559599999999996,1.0559599999999996e-05,-0.004858783207984607,-0.04361994285029528
10.560400000000001,1.0560400000000001e-05,-0.06890024182286991,-0.04459915439679814
10.5612,1.05612e-05,-0.03825944943282933,-0.0455193944459925
10.561999999999998,1.0561999999999996e-05,-0.03409013441758946,-0.04637961292187069
10.562799999999996,1.0562799999999995e-05,-0.05296250560932936,-0.04717920522591429
10.563600000000001,1.05636e-05,-0.05290689947774163,-0.04791803023032006
10.5644,1.0564399999999998e-05,-0.07871791495391267,-0.0485964239632371
10.565199999999997,1.0565199999999997e-05,-0.04237410317084389,-0.049215208650436784
10.565999999999995,1.0565999999999995e-05,-0.060607194658198305,-0.04977569687363728
10.5668,1.05668e-05,0.013765252397473171,-0.05027969074202299
10.567599999999999,1.0567599999999999e-05,-0.056015539256308644,-0.050729476111582746
10.568399999999997,1.0568399999999997e-05,-0.04599946295052193,-0.05112781196342914
10.569199999999995,1.0569199999999995e-05,-0.03545077884927217,-0.05147791503546655
10.57,1.057e-05,-0.10228502025346276,-0.0517834397275244
10.570799999999998,1.0570799999999997e-05,-0.07487467100223666,-0.0520484532447608
10.571599999999997,1.0571599999999995e-05,-0.040378340069170404,-0.05227740597055067
10.572400000000002,1.05724e-05,-0.031605454380548736,-0.05247509718786263
10.5732,1.0573199999999999e-05,-0.07279076983754385,-0.05264663645950725
10.573999999999998,1.0573999999999997e-05,-0.027609955654241514,-0.05279740115198016
10.574799999999996,1.0574799999999996e-05,-0.027109123447382588,-0.05293299068843124
10.575600000000001,1.0575600000000001e-05,-0.05978293973631521,-0.05305917814959703
10.5764,1.05764e-05,-0.042854130206228636,-0.05318185983379074
10.577199999999998,1.0577199999999998e-05,-0.021396837131502533,-0.05330700335174804
10.577999999999996,1.0577999999999996e-05,-0.0967537366323199,-0.05344059478527559
10.578800000000001,1.0578800000000001e-05,-0.008437047436099299,-0.05358858540072927
10.5796,1.05796e-05,-0.04869862246819312,-0.053756838389721555
10.580399999999997,1.0580399999999996e-05,-0.07866798254237461,-0.0539510761086871
10.581199999999995,1.0581199999999995e-05,-0.0022615667334485723,-0.054176828294219374
10.582,1.0582e-05,-0.0488968371315025,-0.054439381729349604
10.582799999999999,1.0582799999999998e-05,-0.06899499846030066,-0.05474373182177895
10.583599999999997,1.0583599999999996e-05,-0.04520736064021247,-0.05509453652443248
10.584399999999995,1.0584399999999995e-05,-0.009499991701454547,-0.05549607298695016
10.5852,1.05852e-05,-0.08813518623547689,-0.05595219729386329
10.585999999999999,1.0585999999999998e-05,-0.03978861345636486,-0.056466307624514524
10.586799999999997,1.0586799999999997e-05,-0.05732549493362582,-0.05704131114606841
10.587599999999995,1.0587599999999995e-05,-0.07682958010388918,-0.05767959493207429
10.5884,1.05884e-05,-0.0017635713865643554,-0.05838300120996024
10.589199999999998,1.0589199999999998e-05,-0.04199791118430707,-0.05915280727744738
10.589999999999996,1.0589999999999995e-05,-0.0554870924951405,-0.059989710448717815
10.590800000000002,1.05908e-05,-0.08608741020501781,-0.060893818354368225
10.5916,1.0591599999999999e-05,-0.015922483816067312,-0.061864644830855846
10.592400000000005,1.0592400000000004e-05,-0.05111729378800911,-0.06290111155192217
10.593199999999996,1.0593199999999995e-05,-0.018278551110025743,-0.06400155551098362
10.594000000000001,1.0594e-05,-0.04967607701896959,-0.06516374242128309
10.5948,1.0594799999999999e-05,-0.03705427365872216,-0.06638488600037006
10.595599999999997,1.0595599999999997e-05,-0.026753168800827343,-0.0676616729372695
10.596399999999996,1.0596399999999996e-05,-0.09531384403760024,-0.06899029313766976
10.5972,1.05972e-05,-0.09074791118430714,-0.07036647464223177
10.597999999999999,1.0598e-05,-0.0613941887828624,-0.07178552245622764
10.598799999999997,1.0598799999999996e-05,-0.07876065866255799,-0.07324236046297689
10.599599999999995,1.0599599999999994e-05,-0.09937686416688718,-0.07473157563560964
10.6004,1.06004e-05,-0.03663420230055481,-0.07624746387082144
10.601199999999999,1.0601199999999998e-05,-0.1188419873427421,-0.07778407688864686
10.601999999999997,1.0601999999999996e-05,-0.08980677027929906,-0.07933526974934182
10.602799999999995,1.0602799999999994e-05,-0.07772911066594868,-0.0808947486379287
10.6036,1.06036e-05,-0.07622094032532217,-0.08245611867863638
10.604399999999998,1.0604399999999998e-05,-0.04829046638151768,-0.08401293167346291
10.605199999999996,1.0605199999999996e-05,-0.10021379070308939,-0.08555873378022423
10.605999999999995,1.0605999999999995e-05,-0.043277226935805824,-0.08708711320764789
10.6068,1.06068e-05,-0.08501481969685276,-0.08859174799443828
10.607599999999998,1.0607599999999998e-05,-0.07764910616008464,-0.0900664538799142
10.608399999999996,1.0608399999999995e-05,-0.06936929844112494,-0.09150523219258491
10.609200000000001,1.06092e-05,-0.07553929393526082,-0.0929023175941745
10.61,1.0609999999999998e-05,-0.04085023354740025,-0.09425222542593648
10.610800000000005,1.0610800000000004e-05,-0.10171912418364104,-0.0955497983034614
10.611599999999996,1.0611599999999995e-05,-0.08961971454455436,-0.09679025147762847
10.612400000000001,1.06124e-05,-0.08113412643662321,-0.09796921632616987
10.613199999999999,1.0613199999999999e-05,-0.08250025607682082,-0.09908278120003111
10.614000000000004,1.0614000000000004e-05,-0.11563594257830434,-0.1001275287550546
10.614799999999995,1.0614799999999995e-05,-0.15483116865357555,-0.10110056885131177
10.6156,1.06156e-05,-0.0818846184039842,-0.1019995660967954
10.616399999999999,1.0616399999999999e-05,-0.11065409940123838,-0.10282276117726621
10.617200000000004,1.0617200000000004e-05,-0.11268674398017287,-0.10356898526463024
10.617999999999995,1.0617999999999994e-05,-0.10859440809938742,-0.10423766698681207
10.6188,1.0618799999999999e-05,-0.12807768809817655,-0.10482883161205184
10.619599999999998,1.0619599999999997e-05,-0.13604296300209456,-0.10534309224223538
10.620399999999997,1.0620399999999996e-05,-0.1351080636485289,-0.10578163296102919
10.621199999999995,1.0621199999999994e-05,-0.07025010434885764,-0.10614618407768026
10.622,1.0622e-05,-0.13408483772050933,-0.10643898984632094
10.622799999999998,1.0622799999999998e-05,-0.09795588473792916,-0.10666276928131903
10.623599999999996,1.0623599999999996e-05,-0.12777507055462678,-0.1068206708794191
10.624399999999994,1.0624399999999994e-05,-0.08027639472894671,-0.10691622219003492
10.6252,1.06252e-05,-0.11183317330679138,-0.10695327527771056
10.625999999999998,1.0625999999999998e-05,-0.09607643978788805,-0.10693594921308829
10.626799999999996,1.0626799999999995e-05,-0.14612164333373862,-0.10686857079887124
10.627600000000001,1.0627600000000001e-05,-0.06567017570692502,-0.10675561478373721
10.6284,1.0628399999999998e-05,-0.026316453305580412,-0.10660164486204257
10.629200000000004,1.0629200000000003e-05,-0.08410715557763826,-0.10641125679467872
10.629999999999995,1.0629999999999995e-05,-0.08076341965860112,-0.10618902494804233
10.6308,1.06308e-05,-0.10217683336179678,-0.10593945337129616
10.631599999999999,1.0631599999999998e-05,-0.08264702564293719,-0.10566693225522664
10.632400000000004,1.0632400000000003e-05,-0.05923103945513297,-0.10537570034808008
10.633199999999995,1.0633199999999995e-05,-0.061741442040870065,-0.10506981370465703
10.634,1.0634e-05,-0.13467607701896955,-0.10475312098117534
10.634799999999998,1.0634799999999999e-05,-0.049541222724345024,-0.10442924530508793
10.635600000000004,1.0635600000000004e-05,-0.0649030396023847,-0.1041015725463337
10.636399999999995,1.0636399999999994e-05,-0.09480563461641378,-0.10377324562970555
10.6372,1.0637199999999999e-05,-0.06799011786655013,-0.10344716435706813
10.637999999999998,1.0637999999999997e-05,-0.11581354058157389,-0.10312599002255007
10.638800000000003,1.0638800000000002e-05,-0.10816544684123769,-0.1028121539085303
10.639599999999994,1.0639599999999994e-05,-0.14480828296495396,-0.1025078685954904
10.6404,1.0640399999999999e-05,-0.11926584041514643,-0.10221514095705365
10.641199999999998,1.0641199999999997e-05,-0.08480279775643901,-0.10193578577037107
10.641999999999996,1.0641999999999996e-05,-0.11538439081198948,-0.10167143903839287
10.642799999999994,1.0642799999999994e-05,-0.11841510660183979,-0.10142357033389059
10.6436,1.06436e-05,-0.06351610479061276,-0.10119349366535334
10.644399999999997,1.0644399999999998e-05,-0.09641461463437878,-0.10098237650376883
10.645199999999996,1.0645199999999994e-05,-0.12430064137526003,-0.10079124670199485
10.645999999999994,1.0645999999999993e-05,-0.1414403371829751,-0.10062099709130348
10.646799999999999,1.0646799999999998e-05,-0.07409051144045897,-0.10047238757885518
10.647600000000004,1.0647600000000003e-05,-0.11229863672214419,-0.10034604465151323
10.648399999999995,1.0648399999999994e-05,-0.07710458309312979,-0.10024245833769621
10.6492,1.06492e-05,-0.10291086970351332,-0.10016197683779107
10.649999999999999,1.0649999999999998e-05,-0.11718666811614137,-0.10010479914110984
10.650800000000004,1.0650800000000003e-05,-0.1091928338035521,-0.10007096599889728
10.651599999999995,1.0651599999999995e-05,-0.05362807339661563,-0.10006034966304468
10.6524,1.06524e-05,-0.10432295923248902,-0.10007264286217582
10.653199999999998,1.0653199999999998e-05,-0.10987391236232075,-0.10010734755293459
10.654000000000003,1.0654000000000003e-05,-0.10969574652755831,-0.1001637640152152
10.654799999999994,1.0654799999999993e-05,-0.029080865197649297,-0.10024098085831469
10.6556,1.06556e-05,-0.08253600189119648,-0.10033786650522407
10.656399999999998,1.0656399999999997e-05,-0.09153074427467639,-0.10045306271383626
10.657200000000003,1.0657200000000002e-05,-0.11078365699868276,-0.10058498062154834
10.657999999999994,1.0657999999999994e-05,-0.04770641348876187,-0.10073179965774741
10.6588,1.0658799999999999e-05,-0.06963673570460327,-0.10089146952085257
10.659599999999998,1.0659599999999997e-05,-0.10702193023862566,-0.10106171530138942
10.660400000000003,1.0660400000000002e-05,-0.10165387180924362,-0.10124004571902684
10.661199999999994,1.0661199999999994e-05,-0.08963389884462841,-0.10142376430696327
10.661999999999999,1.0661999999999999e-05,-0.1415091827602747,-0.10160998326255606
10.662799999999997,1.0662799999999997e-05,-0.08380056551122844,-0.101795639641469
10.663599999999995,1.0663599999999996e-05,-0.10078233282436272,-0.10197751361212393
10.664399999999993,1.0664399999999992e-05,-0.09551792093229383,-0.10215224857962321
10.665199999999999,1.0665199999999997e-05,-0.10882628805992495,-0.10231637309208877
10.666000000000004,1.0666000000000004e-05,-0.061324207542777454,-0.10246632452119593
10.666799999999995,1.0666799999999994e-05,-0.11354598837350405,-0.10259847455013509
10.6676,1.06676e-05,-0.04595142024760801,-0.10270915650925642
10.668399999999998,1.0668399999999998e-05,-0.10858835505937997,-0.10279469456823538
10.669200000000004,1.0669200000000003e-05,-0.09399669965739027,-0.10285143471794439
10.669999999999995,1.0669999999999994e-05,-0.08688348274119895,-0.10287577736761766
10.6708,1.06708e-05,-0.054386319601173794,-0.10286421127340366
10.671599999999998,1.0671599999999998e-05,-0.1050887711628094,-0.10281334842210016
10.672400000000003,1.0672400000000003e-05,-0.14366003749665435,-0.10271995940513308
10.673199999999994,1.0673199999999993e-05,-0.09031138420039492,-0.10258100872190641
10.674,1.0674e-05,-0.07602442685920247,-0.10239368938773247
10.674799999999998,1.0674799999999996e-05,-0.10459361267590006,-0.10215545623650713
10.675600000000003,1.0675600000000002e-05,-0.0949650757967494,-0.10186405737726761
10.676399999999994,1.0676399999999993e-05,-0.09358703088505987,-0.10151756331560571
10.6772,1.0677199999999998e-05,-0.10576077131006112,-0.1011143932594407
10.677999999999997,1.0677999999999997e-05,-0.11662190770910491,-0.10065333812460123
10.678800000000003,1.0678800000000002e-05,-0.10241079383948176,-0.10013357977278578
10.679599999999994,1.0679599999999993e-05,-0.11720066390478068,-0.0995547060687906
10.680399999999999,1.0680399999999999e-05,-0.10972430593622962,-0.09891672144186614
10.681199999999997,1.0681199999999997e-05,-0.07708869529877782,-0.09822005277210863
10.682000000000002,1.0682000000000002e-05,-0.10339846246466039,-0.09746555057605893
10.682799999999993,1.0682799999999992e-05,-0.062135979361775784,-0.0966544856047583
10.683599999999998,1.0683599999999997e-05,-0.10347789913913186,-0.0957885410606825
10.684399999999997,1.0684399999999995e-05,-0.09559035971249574,-0.09486980067344863
10.685200000000002,1.06852e-05,-0.0869489236270311,-0.0939007328649591
10.686,1.0685999999999999e-05,-0.07550827468948418,-0.09288417121945226
10.686799999999998,1.0686799999999997e-05,-0.07342569769901158,-0.09182329147731617
10.687600000000003,1.0687600000000003e-05,-0.0823029862678738,-0.09072158528262017
10.688399999999994,1.0688399999999994e-05,-0.10931879819819418,-0.08958283090455893
10.6892,1.06892e-05,-0.07602442685920247,-0.0884110611187799
10.689999999999998,1.0689999999999998e-05,-0.06891612732013341,-0.0872105284077995
10.690800000000003,1.0690800000000003e-05,-0.125417867597783,-0.08598566764950702
10.691599999999994,1.0691599999999994e-05,-0.06498871782829846,-0.08474105650453988
10.6924,1.06924e-05,-0.11547006903790324,-0.08348137377208055
10.693199999999997,1.0693199999999996e-05,-0.06649953651746504,-0.08221135606476952
10.694000000000003,1.0694000000000001e-05,-0.08263832425428957,-0.08093575326519836
10.694799999999994,1.0694799999999993e-05,-0.023525183202029953,-0.07965928335068861
10.695599999999999,1.0695599999999998e-05,-0.0657900870615597,-0.07838658726814472
10.696399999999997,1.0696399999999996e-05,-0.06844101766187094,-0.07712218456207864
10.697200000000002,1.0697200000000002e-05,-0.08567187690411465,-0.07587043038922324
10.697999999999993,1.0697999999999993e-05,-0.01637716532572503,-0.07463547442897105
10.698799999999999,1.0698799999999998e-05,-0.07237466870514825,-0.0734212220824778
10.699599999999997,1.0699599999999997e-05,-0.045024275131239355,-0.07223129826478555
10.700400000000002,1.0700400000000002e-05,-0.07570724569562076,-0.07106901400181735
10.701199999999993,1.0701199999999992e-05,-0.07829632861300201,-0.06993733592875732
10.701999999999998,1.0701999999999999e-05,-0.10431804185526677,-0.06883885868112741
10.702799999999996,1.0702799999999995e-05,-0.042268185307760275,-0.0677757801276123
10.703600000000002,1.07036e-05,-0.057865098326270015,-0.06674987943992935
10.7044,1.0704399999999999e-05,-0.06711309367315427,-0.06576249810395905
10.705199999999998,1.0705199999999997e-05,-0.02923463265793519,-0.0648145240829849
10.706000000000003,1.0706000000000002e-05,-0.05348754538194156,-0.06390637939470722
10.706800000000001,1.07068e-05,-0.057406632805186875,-0.06303801135050797
10.7076,1.0707599999999999e-05,-0.1103357825747715,-0.06220888765000364
10.708399999999997,1.0708399999999997e-05,-0.08132212702563002,-0.0614179954659769
10.709200000000003,1.0709200000000002e-05,-0.03198088772706986,-0.060663844655428276
10.709999999999994,1.0709999999999994e-05,-0.043610672916508886,-0.05994447533344441
10.710799999999999,1.07108e-05,-0.02138548739431473,-0.05925747020741559
10.711599999999997,1.0711599999999996e-05,-0.021809908298111802,-0.05859997218373533
10.712400000000002,1.0712400000000003e-05,-0.04325112506715134,-0.05796870774862707
10.713199999999993,1.0713199999999993e-05,-0.002421196425218819,-0.057360016490774116
10.713999999999999,1.0713999999999998e-05,-0.07531214054332236,-0.05676988692655198
10.714799999999997,1.0714799999999996e-05,0.011619505846839073,-0.056193998559310926
10.715600000000002,1.0715600000000001e-05,-0.03422139321222328,-0.055627769882936356
10.716399999999993,1.0716399999999993e-05,-0.03577401075577302,-0.055066411832601705
10.717199999999998,1.0717199999999998e-05,0.00041678990983701203,-0.054504985976479195
10.717999999999996,1.0717999999999996e-05,-0.08316904004413983,-0.05393846651764303
10.718800000000002,1.0718800000000001e-05,-0.0625749638856048,-0.05336180494949888
10.719599999999993,1.0719599999999993e-05,-0.008758198825452645,-0.05276999602186645
10.720399999999998,1.0720399999999998e-05,-0.0912665208940423,-0.05215814356979703
10.721199999999996,1.0721199999999995e-05,-0.056124668705148206,-0.05152152473882514
10.722000000000001,1.0722e-05,-0.10879356761695869,-0.0508556511799623
10.7228,1.0722799999999998e-05,-0.06001179202835488,-0.05015632587747261
10.723599999999998,1.0723599999999997e-05,-0.07913855184628443,-0.04941969444318649
10.724400000000003,1.0724400000000002e-05,-0.04765005101434672,-0.04864228997518989
10.725200000000001,1.07252e-05,-0.09395225245446698,-0.047821070894543086
10.725999999999999,1.0725999999999999e-05,-0.03548047162364032,-0.04695345148385199
10.726799999999997,1.0726799999999997e-05,-0.02525369755175988,-0.04603732512888453
10.727600000000002,1.0727600000000002e-05,-0.0004846326579352467,-0.0450710805015211
10.7284,1.07284e-05,-0.02271265504020409,-0.044053611089200154
10.729199999999999,1.0729199999999999e-05,-0.028119486952559614,-0.04298431852378522
10.729999999999997,1.0729999999999997e-05,-0.07831997064445101,-0.04186311008288342
10.730800000000002,1.0730800000000002e-05,-0.06487523653654087,-0.04069039059691444
10.731599999999993,1.0731599999999992e-05,-0.015709326212768215,-0.03946704890351829
10.732399999999998,1.0732399999999997e-05,-0.03246091476245455,-0.038194439017231616
10.733199999999997,1.0733199999999996e-05,-0.04449204665573431,-0.03687435630450728
10.734000000000002,1.0734000000000001e-05,-0.05000120093118299,-0.035509009087131324
10.734799999999993,1.0734799999999992e-05,-0.024007858586054698,-0.034100986187435844
10.735599999999998,1.0735599999999998e-05,-0.005109764845718345,-0.032653220995045446
10.736399999999996,1.0736399999999996e-05,-0.010083285954194499,-0.031168952705250635
10.737200000000001,1.0737200000000001e-05,-0.03437440432968186,-0.029651685431908437
10.737999999999992,1.0737999999999993e-05,0.0019486022819125703,-0.028105145893599887
10.738799999999998,1.0738799999999998e-05,-0.027047652787222043,-0.026533240312381814
10.739599999999996,1.0739599999999995e-05,-0.01306879819819412,-0.024940011087866365
10.740400000000001,1.0740400000000001e-05,0.00900961775798359,-0.023329593742869942
10.7412,1.0741199999999998e-05,-0.01538798401489172,-0.021706174579645007
10.741999999999997,1.0741999999999996e-05,-0.020293983720388264,-0.020073949424251558
10.742800000000003,1.0742800000000002e-05,-0.03175127679511458,-0.018437083764726095
10.7436,1.07436e-05,-0.02035526357192563,-0.01679967452462111
10.744399999999999,1.0744399999999998e-05,0.01774789099802654,-0.015165713692998878
10.745199999999997,1.0745199999999997e-05,0.005324302300988404,-0.013539054066414272
10.746000000000002,1.0746000000000002e-05,-0.01989963491091723,-0.011923377408080027
10.7468,1.07468e-05,0.040544078478699286,-0.010322165338255251
10.747599999999998,1.0747599999999999e-05,-0.005451155872141844,-0.00873867322024191
10.748399999999997,1.0748399999999997e-05,-0.013041751475277696,-0.0071759072195926865
10.749200000000002,1.0749200000000002e-05,0.017345031608531125,-0.005636604614385671
10.75,1.0749999999999999e-05,0.03278193561521264,-0.004123217340374491
10.750799999999998,1.0750799999999997e-05,-0.03094158549326359,-0.0026378986805400684
10.751599999999996,1.0751599999999995e-05,-0.00263265053433992,-0.001182492948598568
10.752400000000002,1.07524e-05,-0.01158710674909147,0.00024147203536836748
10.753199999999993,1.0753199999999992e-05,0.02131840098904414,0.0016327898946560532
10.753999999999998,1.0753999999999997e-05,-0.01204481592724721,0.0029905782409042833
10.754799999999996,1.0754799999999996e-05,0.025899653805196654,0.00431427889470281
10.755600000000001,1.07556e-05,0.030186611146389097,0.005603655779555773
10.756399999999992,1.0756399999999992e-05,0.004448034450419969,0.0068587904400779776
10.757199999999997,1.0757199999999998e-05,0.03369111242018186,0.008080075131637998
10.757999999999996,1.0757999999999994e-05,0.012599040914762716,0.009268203465137681
10.7588,1.0758800000000001e-05,0.026983403241926163,0.010424158651257155
10.759599999999999,1.0759599999999998e-05,0.008618862151414719,0.011549199452465658
10.760399999999997,1.0760399999999996e-05,0.02701744785921223,0.012644844006507706
10.761200000000002,1.0761200000000001e-05,-0.04364188067372027,0.01371285172430213
10.762,1.0762e-05,0.054657975873786346,0.014755203472701775
10.762799999999999,1.0762799999999998e-05,0.05035153753533961,0.015774080210052673
10.763599999999997,1.0763599999999996e-05,0.05476370292834687,0.016771840162267286
10.764400000000002,1.0764400000000001e-05,0.025346620158217426,0.017750994576360028
10.7652,1.07652e-05,-0.00765969725725657,0.01871418213803664
10.765999999999998,1.0765999999999998e-05,-0.014356247506847719,0.019664142274480642
10.766799999999996,1.0766799999999997e-05,0.020806409853520558,0.020603687676170615
10.767600000000002,1.0767600000000002e-05,0.005798844127858249,0.02153567636141871
10.7684,1.07684e-05,0.08568460649327325,0.02246298346638384
10.769199999999998,1.0769199999999997e-05,0.04225821771973193,0.023388472756458577
10.769999999999996,1.0769999999999995e-05,0.04731590436846722,0.024314967734097918
10.770800000000001,1.07708e-05,0.0666015375353396,0.02524522223051208
10.7716,1.0771599999999999e-05,0.04264008342631842,0.026181890504173546
10.772399999999998,1.0772399999999997e-05,0.013832396777583411,0.027127497067180685
10.773199999999996,1.0773199999999995e-05,0.045513627064315276,0.028084406660194478
10.774000000000001,1.0774e-05,0.013111788393113555,0.02905479495341995
10.774799999999999,1.0774799999999999e-05,0.018925640729259396,0.030040620633835433
10.775599999999997,1.0775599999999997e-05,-0.005379473434867332,0.031043599538742542
10.776399999999995,1.0776399999999996e-05,0.03222757779391339,0.03206518142080796
10.7772,1.07772e-05,0.052985067655644036,0.03310652978794944
10.777999999999999,1.0777999999999997e-05,0.07151945251232805,0.034168505075663436
10.778799999999997,1.0778799999999996e-05,0.09024997151517389,0.035251651243819904
10.779600000000002,1.0779600000000001e-05,0.031365873563376834,0.03635618582715586
10.7804,1.07804e-05,0.030273045715230262,0.037481993546544294
10.781199999999998,1.0781199999999998e-05,0.011292866951782332,0.03862862375765049
10.781999999999996,1.0781999999999996e-05,0.0024885849945147642,0.03979529216172383
10.782800000000002,1.0782800000000001e-05,0.03689715718461972,0.040980887227589816
10.7836,1.07836e-05,0.030457264589900168,0.042183981646089753
10.784399999999998,1.0784399999999998e-05,0.054380513047440404,0.04340284890713994
10.785199999999996,1.0785199999999996e-05,0.03660021336111963,0.04463548483796946
10.786000000000001,1.0786000000000001e-05,0.028472092585398512,0.045879633733974065
10.7868,1.07868e-05,0.048068665364410346,0.047132818566047376
10.787599999999998,1.0787599999999996e-05,0.05262211511481918,0.04839237463191195
10.788399999999996,1.0788399999999995e-05,0.08693763186471293,0.04965548590428541
10.789200000000001,1.07892e-05,0.05382899208621594,0.05091922322357132
10.79,1.0789999999999998e-05,0.08478620929694058,0.05218058342619422
10.790799999999997,1.0790799999999997e-05,0.04995794506879592,0.05343652851788644
10.791599999999995,1.0791599999999995e-05,0.11168154204127367,0.054684024080548
10.7924,1.07924e-05,0.09261644139486958,0.05592007621117891
10.793199999999999,1.0793199999999999e-05,0.08409737650104487,0.057141766425451365
10.793999999999997,1.0793999999999997e-05,0.03501147068313626,0.05834628413586338
10.794799999999995,1.0794799999999995e-05,0.08645420013790073,0.05953095653147586
10.7956,1.07956e-05,0.046518884680935346,0.06069327588698204
10.796399999999998,1.0796399999999997e-05,0.05996626713738573,0.061830924449700245
10.797199999999997,1.0797199999999995e-05,0.05721585103395621,0.0629417970818732
10.798000000000002,1.0798e-05,0.019081488706792826,0.06402402179994755
10.7988,1.0798799999999999e-05,0.05998442396021986,0.06507597826892265
10.799599999999998,1.0799599999999997e-05,0.10745870141162339,0.06609631417345696
10.800399999999996,1.0800399999999996e-05,0.06953919788494856,0.0670839592083922
10.801200000000001,1.0801200000000001e-05,0.09886019984342731,0.06803813626593276
10.802,1.0802e-05,0.07735845956567777,0.06895836931714741
10.802799999999998,1.0802799999999998e-05,0.11093729162528487,0.06984448751362363
10.803599999999996,1.0803599999999996e-05,0.11502603430319824,0.07069662513562819
10.804400000000001,1.0804400000000001e-05,0.14119338144873406,0.07151521715551552
10.8052,1.08052e-05,0.06336712187366522,0.07230099038018478
10.805999999999997,1.0805999999999996e-05,0.0488102674318891,0.07305495039995291
10.806799999999996,1.0806799999999995e-05,0.053236996444828266,0.07377836486173639
10.8076,1.08076e-05,0.053728182408777525,0.07447274379574446
10.808399999999999,1.0808399999999998e-05,0.0801200345976717,0.07513981776590008
10.809199999999997,1.0809199999999996e-05,0.07858349335990866,0.07578151449180681
10.809999999999995,1.0809999999999995e-05,0.1140404461952369,0.07639993439648698
10.8108,1.08108e-05,0.0914492827607084,0.07699732537028764
10.811599999999999,1.0811599999999998e-05,0.10242390045153982,0.07757605696701333
10.812399999999997,1.0812399999999997e-05,0.03689658935322715,0.0781385942728404
10.813199999999995,1.0813199999999995e-05,0.06230285343408992,0.07868747177069718
10.814,1.0814e-05,0.08012419563196649,0.07922526758271886
10.814799999999998,1.0814799999999999e-05,0.09418513524413585,0.07975457844062157
10.815599999999996,1.0815599999999995e-05,0.0830777437758975,0.08027799560827184
10.816400000000002,1.08164e-05,0.1157091933790545,0.08079808183473144
10.8172,1.0817199999999999e-05,0.10646252220649044,0.0813173493264234
10.818000000000005,1.0818000000000004e-05,0.0810466118826777,0.08183823872209867
10.818799999999996,1.0818799999999995e-05,0.11392147969496469,0.08236309912162973
10.819600000000001,1.08196e-05,0.08211504135654779,0.08289416932829033
10.8204,1.0820399999999999e-05,0.07229793605696766,0.08343356057642361
10.821199999999997,1.0821199999999997e-05,0.03144455389502099,0.08398324109961516
10.821999999999996,1.0821999999999996e-05,0.09504910850325465,0.08454502291740729
10.8228,1.08228e-05,0.11991898307438764,0.08512055114903119
10.823599999999999,1.08236e-05,0.07703995422780596,0.08571129600765875
10.824399999999997,1.0824399999999996e-05,0.11580943522500009,0.08631854746411899
10.825199999999995,1.0825199999999994e-05,0.07551797661004478,0.0869434124796411
10.826,1.0826e-05,0.061946142444737284,0.0875868147030222
10.826799999999999,1.0826799999999998e-05,0.15246834765450312,0.08824949655036059
10.827599999999997,1.0827599999999996e-05,0.059159412695509506,0.08893202358239798
10.828399999999995,1.0828399999999994e-05,0.07701007064488474,0.08963479106491984
10.8292,1.08292e-05,0.06536628966680624,0.09035803256754374
10.829999999999998,1.0829999999999998e-05,0.14069330558473248,0.09110183041873947
10.830799999999996,1.0830799999999996e-05,0.08727505036834604,0.09186612775677194
10.831599999999995,1.0831599999999995e-05,0.08919421365559299,0.09265074181035843
10.8324,1.08324e-05,0.10644039286072604,0.09345537796949072
10.833199999999998,1.0833199999999998e-05,0.08603204826264577,0.09427964418892294
10.833999999999996,1.0833999999999995e-05,0.13909756501250958,0.09512306526767314
10.834800000000001,1.08348e-05,0.1429408089641555,0.09598509654147139
10.8356,1.0835599999999998e-05,0.13553329657293423,0.0968651365406288
10.836400000000005,1.0836400000000004e-05,0.0965934039782147,0.09776253825774472
10.837199999999996,1.0837199999999995e-05,0.06614193635147114,0.0986766188552632
10.838000000000001,1.0838e-05,0.08103204826264576,0.09960666786096375
10.838799999999999,1.0838799999999999e-05,0.1245337126763637,0.10055195403954847
10.839600000000004,1.0839600000000004e-05,0.10502830333178048,0.10151173112386509
10.840399999999995,1.0840399999999995e-05,0.09005894325756914,0.10248524247895753
10.8412,1.08412e-05,0.13362169901141963,0.1034717246529094
10.841999999999999,1.0841999999999999e-05,0.11321070606476913,0.10447040969778118
10.842800000000004,1.0842800000000004e-05,0.11143339496642646,0.10548052611788386
10.843599999999995,1.0843599999999994e-05,0.11580319367355785,0.10650129830604121
10.8444,1.0844399999999999e-05,0.1160730907741715,0.10753194435540295
10.845199999999998,1.0845199999999997e-05,0.15788028545544563,0.108571672172355
10.845999999999997,1.0845999999999996e-05,0.13853753347123066,0.10961967385873436
10.846799999999995,1.0846799999999994e-05,0.07096320268534617,0.1106751183996215
10.8476,1.08476e-05,0.13916924744982395,0.11173714280483919
10.848399999999998,1.0848399999999998e-05,0.13910456290681927,0.1128048419766483
10.849199999999996,1.0849199999999996e-05,0.14848684471683515,0.11387725765841483
10.849999999999994,1.0849999999999994e-05,0.12361829431999216,0.11495336686171034
10.8508,1.08508e-05,0.06908092087533013,0.11603207023125453
10.851599999999998,1.0851599999999998e-05,0.1426361109034583,0.1171121809066563
10.852399999999996,1.0852399999999995e-05,0.15217424069097785,0.11819241451655414
10.853200000000001,1.0853200000000001e-05,0.06921653151278206,0.11927138094058722
10.854,1.0853999999999998e-05,0.11260206628624225,0.12034757842133079
10.854800000000004,1.0854800000000003e-05,0.08244962300017633,0.1214193905441665
10.855599999999995,1.0855599999999995e-05,0.10330943522500002,0.12248508650602041
10.8564,1.08564e-05,0.1382746342649166,0.12354282491463271
10.857199999999999,1.0857199999999998e-05,0.14260547097766985,0.12459066110850908
10.858000000000004,1.0858000000000003e-05,0.15221944423678835,0.12562655773859166
10.858799999999995,1.0858799999999995e-05,0.13868581572300176,0.12664839818715556
10.8596,1.08596e-05,0.11480436611984479,0.12765400235328372
10.860399999999998,1.0860399999999999e-05,0.10507974842904322,0.12864114437700644
10.861200000000004,1.0861200000000004e-05,0.13297560992423907,0.12960757192824313
10.861999999999995,1.0861999999999994e-05,0.1701096320119675,0.13055102668055507
10.8628,1.0862799999999999e-05,0.17028496098665546,0.13146926551521917
10.863599999999998,1.0863599999999997e-05,0.16422352940708862,0.1323600819281024
10.864400000000003,1.0864400000000002e-05,0.1505722585673126,0.1332213271306618
10.865199999999994,1.0865199999999994e-05,0.08241217369152276,0.13405093047323116
10.866,1.0865999999999999e-05,0.17953371267636375,0.13484691900762025
10.866799999999998,1.0866799999999997e-05,0.12722644213109802,0.13560743614443746
10.867599999999996,1.0867599999999996e-05,0.1379574531013349,0.1363307593971158
10.868399999999994,1.0868399999999994e-05,0.13867333262011727,0.13701531717236676
10.8692,1.08692e-05,0.12313902362746476,0.13765970452354293
10.869999999999997,1.0869999999999998e-05,0.16960123407938332,0.1382626977440796
10.870799999999996,1.0870799999999994e-05,0.16266391396923519,0.13882326763016647
10.871599999999994,1.0871599999999993e-05,0.12189810203891183,0.13934059119599143
10.872399999999999,1.0872399999999998e-05,0.14390218720921222,0.1398140616122173
10.873200000000004,1.0873200000000003e-05,0.17336787821655963,0.14024329616208628
10.873999999999995,1.0873999999999994e-05,0.15958175308219236,0.1406281420375915
10.8748,1.08748e-05,0.13173468833568613,0.14096867981581301
10.875599999999999,1.0875599999999998e-05,0.1603239229810305,0.14126522448723033
10.876400000000004,1.0876400000000003e-05,0.14995662089447603,0.14151832396617178
10.877199999999995,1.0877199999999995e-05,0.13654195888096188,0.14172875507249924
10.878,1.0878e-05,0.16327331009062995,0.14189751700916955
10.878799999999998,1.0878799999999998e-05,0.17520079544646316,0.14202582237716818
10.879600000000003,1.0879600000000003e-05,0.12925965454145516,0.1421150857859976
10.880399999999995,1.0880399999999993e-05,0.1632475875420002,0.1421669101529931
10.8812,1.08812e-05,0.15243373520585435,0.142183070843586
10.881999999999998,1.0881999999999997e-05,0.13295820944419234,0.1421654978687226
10.882800000000003,1.0882800000000002e-05,0.17429861653583056,0.1421162564023552
10.883599999999994,1.0883599999999994e-05,0.17906692508672784,0.14203752590993537
10.8844,1.0884399999999999e-05,0.10113153376573414,0.14193157820679056
10.885199999999998,1.0885199999999997e-05,0.13585331459653083,0.14180075481154258
10.886000000000003,1.0886000000000002e-05,0.13798317564996132,0.14164744400961404
10.886799999999994,1.0886799999999994e-05,0.1590934039782177,0.14147405804283422
10.887599999999999,1.0887599999999999e-05,0.1599900976802695,0.14128301076618588
10.888399999999997,1.0888399999999997e-05,0.11965967707094582,0.14107669600799727
10.889199999999995,1.0889199999999996e-05,0.16824550702485275,0.14085746680139613
10.889999999999993,1.0889999999999992e-05,0.1171360350394568,0.14062761563363985
10.890799999999999,1.0890799999999997e-05,0.1316804063784185,0.14038935584846846
10.891600000000004,1.0891600000000004e-05,0.174942057274444,0.14014480430125492
10.892399999999995,1.0892399999999994e-05,0.17518623182643123,0.139895965304233
10.8932,1.08932e-05,0.13104680039411554,0.13964471583973703
10.893999999999998,1.0893999999999998e-05,0.17886871042341868,0.13939279201226878
10.894800000000004,1.0894800000000003e-05,0.13438769945317475,0.13914177677647227
10.895599999999995,1.0895599999999994e-05,0.10286572183541376,0.1388930890833072
10.8964,1.08964e-05,0.151786133432946,0.13864797467263923
10.897199999999998,1.0897199999999998e-05,0.12403779784666702,0.1384074987617497
10.898000000000003,1.0898000000000003e-05,0.14729661188267773,0.1381725408187107
10.898799999999994,1.0898799999999993e-05,0.13673393199282868,0.1379437914917009
10.8996,1.08996e-05,0.12160456290681931,0.13772175164030076
10.900399999999998,1.0900399999999996e-05,0.16766883134639143,0.13750673331250501
10.901200000000003,1.0901200000000002e-05,0.13628397705180006,0.13729886242904435
10.901999999999994,1.0901999999999993e-05,0.15995321620304148,0.13709808287053032
10.9028,1.0902799999999998e-05,0.14588319817945206,0.1369041616258866
10.903599999999997,1.0903599999999997e-05,0.1947090416510513,0.1367166946667568
10.904400000000003,1.0904400000000002e-05,0.11590135500235621,0.13653511326428347
10.905199999999994,1.0905199999999993e-05,0.13136738624913158,0.1363586905571974
10.905999999999999,1.0905999999999999e-05,0.16469655854816678,0.13618654829365434
10.906799999999997,1.0906799999999997e-05,0.14076498802203685,0.13601766376002958
10.907600000000002,1.0907600000000002e-05,0.16650016002657564,0.13585087694998585
10.908399999999993,1.0908399999999992e-05,0.13046520733850198,0.13568489804292505
10.909199999999998,1.0909199999999997e-05,0.12528155629522475,0.13551831529560704
10.909999999999997,1.0909999999999995e-05,0.14349384261113474,0.13534960350403727
10.910800000000002,1.09108e-05,0.13313145790173253,0.13517713322526628
10.9116,1.0911599999999999e-05,0.1641414443840431,0.1349991809334794
10.912399999999998,1.0912399999999997e-05,0.14721112216819876,0.1348139402385078
10.913200000000003,1.0913200000000003e-05,0.1442827287415116,0.13461953426181136
10.913999999999994,1.0913999999999994e-05,0.11377281812320561,0.13441402927496932
10.9148,1.09148e-05,0.10575042440200488,0.1341954497453812
10.915599999999998,1.0915599999999998e-05,0.10150999478088318,0.13396179494930952
10.916400000000003,1.0916400000000003e-05,0.14555901912157054,0.1337110572435599
10.917199999999994,1.0917199999999994e-05,0.14840759655379543,0.13344124191613257
10.918,1.0918e-05,0.14964851814234126,0.13315038831302745
10.918799999999997,1.0918799999999996e-05,0.144978938751675,0.1328365917522327
10.919600000000003,1.0919600000000001e-05,0.11541716693267667,0.13249802564730837
10.920399999999994,1.0920399999999993e-05,0.1760244825369235,0.1321329632613108
10.921199999999999,1.0921199999999998e-05,0.14567041989611085,0.13173979854383205
10.921999999999997,1.0921999999999996e-05,0.16316550251895567,0.13131706553894265
10.922800000000002,1.0922800000000002e-05,0.12941342200181127,0.13086345590647833
10.923599999999993,1.0923599999999993e-05,0.11730852715413953,0.1303778341946577
10.924399999999999,1.0924399999999998e-05,0.1523989342457709,0.1298592506159885
10.925199999999997,1.0925199999999997e-05,0.1361928136173015,0.12930695115944743
10.926000000000002,1.0926000000000002e-05,0.14984408445708042,0.12872038489733065
10.926799999999993,1.0926799999999992e-05,0.17233216918561867,0.12809920834561972
10.927599999999998,1.0927599999999999e-05,0.15293664792986084,0.12744328676418157
10.928399999999996,1.0928399999999995e-05,0.13037480024686066,0.12675269237113265
10.929200000000002,1.09292e-05,0.13243657206585924,0.12602769959384127
10.93,1.0929999999999999e-05,0.10366217369152275,0.1252687776491196
10.930799999999998,1.0930799999999997e-05,0.11471736371964092,0.12447658087458319
10.931600000000003,1.0931600000000002e-05,0.12433133697875964,0.12365193727296189
10.932400000000001,1.09324e-05,0.11854320719125022,0.12279583567541719
10.9332,1.0933199999999999e-05,0.13452122957347934,0.1219094118128731
10.933999999999997,1.0933999999999997e-05,0.1174532162030385,0.12099393345610453
10.934800000000003,1.0934800000000002e-05,0.16070238399618253,0.12005078468422861
10.935599999999994,1.0935599999999994e-05,0.129061439878146,0.11908144928418377
10.936399999999999,1.09364e-05,0.09887646466057864,0.11808749327674486
10.937199999999997,1.0937199999999996e-05,0.16214435710804953,0.11707054660368316
10.938000000000002,1.0938000000000003e-05,0.11230436611984485,0.11603228407100645
10.938799999999993,1.0938799999999993e-05,0.16419288948130295,0.11497440569715314
10.939599999999999,1.0939599999999998e-05,0.10976540412546631,0.11389861666760902
10.940399999999997,1.0940399999999996e-05,0.10279271522381916,0.11280660717485773
10.941200000000002,1.0941200000000001e-05,0.04997269720026276,0.11170003252014456
10.941999999999993,1.0941999999999993e-05,0.12940926096751637,0.11058049391383595
10.942799999999998,1.0942799999999998e-05,0.10679445550153877,0.10944952036491405
10.943599999999996,1.0943599999999996e-05,0.11663595917546521,0.10830855188834686
10.944400000000002,1.0944400000000001e-05,0.1477912025380944,0.10715892405777655
10.945199999999993,1.0945199999999993e-05,0.15658508190962794,0.10600185378934975
10.945999999999998,1.0945999999999998e-05,0.09742333262011726,0.10483842621454847
10.946799999999996,1.0946799999999995e-05,0.13055769494728064,0.10366958258784839
10.947600000000001,1.09476e-05,0.08335066624795073,0.10249610933985341
10.9484,1.0948399999999998e-05,0.07423752519569093,0.10131862855348879
10.949199999999998,1.0949199999999997e-05,0.08787820493829823,0.10013759023378671
10.950000000000003,1.0950000000000002e-05,0.14254778432897464,0.09895326672375107
10.950800000000001,1.09508e-05,0.07399959219514585,0.09776574950720429
10.9516,1.0951599999999999e-05,0.08167132796697141,0.09657494849885105
10.952399999999997,1.0952399999999997e-05,0.15230152925983997,0.09538059381529916
10.953200000000002,1.0953200000000002e-05,0.07116217369152278,0.09418223995797205
10.954,1.0954e-05,0.08703446901923118,0.09297927229891806
10.954799999999999,1.0954799999999999e-05,0.1256543435903542,0.0917709157389524
10.955599999999997,1.0955599999999997e-05,0.0895539500164152,0.09055624540066083
10.956400000000002,1.0956400000000002e-05,0.11954411526210085,0.08933419921255334
10.957199999999993,1.0957199999999992e-05,0.055743426507705474,0.08810359224110575
10.957999999999998,1.0957999999999997e-05,0.08446694761621154,0.08686313264838635
10.958799999999997,1.0958799999999996e-05,0.06435573535310612,0.08561143917081612
10.959600000000002,1.0959600000000001e-05,0.10205943522500005,0.08434705998053275
10.960399999999993,1.0960399999999993e-05,0.11421237047848709,0.08306849268879012
10.961199999999998,1.0961199999999998e-05,0.11195314033904691,0.08177420512510701
10.961999999999996,1.0961999999999996e-05,0.11631726532615871,0.08046265645256885
10.962800000000001,1.0962800000000001e-05,0.07709083149364615,0.0791323182117199
10.963599999999992,1.0963599999999993e-05,0.0942409298871284,0.0777816950159424
10.964399999999998,1.0964399999999998e-05,0.030455372584187512,0.07640934478963413
10.965199999999996,1.0965199999999995e-05,0.03739685372859347,0.07501389856799359
10.966000000000001,1.0966000000000001e-05,0.1164946748179937,0.0735940798994667
10.9668,1.0966799999999998e-05,0.10393623182643119,0.07214872378952225
10.967599999999997,1.0967599999999996e-05,0.07857101025702418,0.07067679495617313
10.968400000000003,1.0968400000000002e-05,0.09274183795798896,0.06917740504997748
10.9692,1.09692e-05,0.08309041539021667,0.06764982849843787
10.969999999999999,1.0969999999999998e-05,0.08525091636943605,0.06609351673767506
10.970799999999997,1.0970799999999997e-05,0.047280724088395676,0.06450811072038135
10.971600000000002,1.0971600000000002e-05,0.07812237949028544,0.06289345169598706
10.9724,1.09724e-05,0.10451631219632695,0.061249590332149904
10.973199999999999,1.0973199999999999e-05,0.06550757402430785,0.05957679428571443
10.973999999999997,1.0973999999999997e-05,0.03552781136438943,0.057875554363071714
10.974800000000002,1.0974800000000002e-05,0.0455244066729219,0.05614658946419513
10.9756,1.0975599999999999e-05,0.032995090921423165,0.05439085055818315
10.976399999999998,1.0976399999999997e-05,0.04658167721822759,0.052609523925313435
10.977199999999996,1.0977199999999995e-05,0.06195446451332698,0.05080403379042093
10.978000000000002,1.0978e-05,0.055544455501568724,0.04897604430186233
10.978799999999993,1.0978799999999992e-05,0.05004154277756234,0.047127460645158235
10.979599999999998,1.0979599999999997e-05,0.05303405291583163,0.0452604289663651
10.980399999999996,1.0980399999999996e-05,0.03761038835486197,0.04337733472297611
10.981200000000001,1.09812e-05,0.05898011119796187,0.041480799055126236
10.981999999999992,1.0981999999999992e-05,0.08187654052458027,0.039573672752167444
10.982799999999997,1.0982799999999998e-05,0.09098684471683516,0.0376590273822509
10.983599999999996,1.0983599999999994e-05,0.024791126674132857,0.03574014319179492
10.9844,1.0984400000000001e-05,0.08884090735763783,0.03382049350538636
10.985199999999999,1.0985199999999998e-05,0.03974592312828218,0.031903725556006984
10.985999999999997,1.0985999999999996e-05,0.035056862740421635,0.029993637896684196
10.986800000000002,1.0986800000000001e-05,0.0417206925470468,0.02809415474094508
10.9876,1.09876e-05,0.01468539961957227,0.02620929773276334
10.988399999999999,1.0988399999999998e-05,0.014275730847241985,0.024343155746199933
10.989199999999997,1.0989199999999996e-05,0.02679521184439604,0.022499853349945857
10.990000000000002,1.0990000000000002e-05,0.0189216682063994,0.020683518543160154
10.9908,1.09908e-05,-0.02971144581047569,0.018898250291169035
10.991599999999998,1.0991599999999998e-05,0.006202648371615882,0.0171480862795984
10.992399999999996,1.0992399999999997e-05,0.042334249702736026,0.01543697116250151
10.993200000000002,1.0993200000000002e-05,0.07181809753301771,0.013768725398711342
10.994,1.0994e-05,0.006843820081614216,0.012147014593962514
10.994799999999998,1.0994799999999997e-05,0.04061821845599067,0.01057531918358016
10.995599999999996,1.0995599999999995e-05,-0.0030343765580385096,0.009056904345088723
10.996400000000001,1.09964e-05,0.04730152925986997,0.007594790165379239
10.9972,1.0997199999999999e-05,0.028961954375027688,0.006191722215563578
10.997999999999998,1.0997999999999997e-05,0.016306106397594222,0.004850142780305915
10.998799999999996,1.0998799999999995e-05,0.007888607524035307,0.0035721630770393278
10.999600000000001,1.09996e-05,-0.022633029854297826,0.0023595369050503703
11.000399999999999,1.1000399999999999e-05,-0.00046061360361659975,0.001213636257661561
11.001199999999997,1.1001199999999997e-05,0.008999592195115924,0.00013542946241605625
11.001999999999995,1.1001999999999996e-05,-0.005144188782862491,-0.0008745376360969424
11.0028,1.10028e-05,0.003543963534107686,-0.001816157037790013
11.003599999999999,1.1003599999999997e-05,-0.004284376558038594,-0.002689770182905173
11.004399999999997,1.1004399999999996e-05,-0.0071391955417084985,-0.003496175551292925
11.005200000000002,1.1005200000000001e-05,-0.012225441599114872,-0.004236632098405699
11.006,1.1006e-05,0.020175072897866686,-0.00491285842768025
11.006799999999998,1.1006799999999998e-05,-0.03543489105502029,-0.005527027674357683
11.007599999999996,1.1007599999999996e-05,0.015427569518443596,-0.006081758153596109
11.008400000000002,1.1008400000000001e-05,0.01963395452227934,-0.006580099896737458
11.0092,1.10092e-05,-0.004591911478810551,-0.007025517257544663
11.009999999999998,1.1009999999999998e-05,-0.02402147735172455,-0.0074218678030832045
11.010799999999996,1.1010799999999996e-05,-0.015236676391711002,-0.007773377703939488
11.011600000000001,1.1011600000000001e-05,0.04410040187255437,-0.008084613830862411
11.0124,1.10124e-05,-0.04051981293800655,-0.008360452786891579
11.013199999999998,1.1013199999999996e-05,-0.006127696373746105,-0.00860604714985253
11.013999999999996,1.1013999999999995e-05,0.006084817534228737,-0.008826789235675274
11.014800000000001,1.10148e-05,-0.012164161747477586,-0.009028272717108538
11.0156,1.1015599999999998e-05,0.009469028133328838,-0.009216252468330672
11.016399999999997,1.1016399999999997e-05,-0.006629284923432621,-0.009396603050115979
11.017199999999995,1.1017199999999995e-05,0.0051020662862723,-0.009575276278171858
11.018,1.1018e-05,0.013452800099579054,-0.009758258319601152
11.018799999999999,1.1018799999999999e-05,0.017156840210900914,-0.009951526742791147
11.019599999999997,1.1019599999999997e-05,-0.020538537592333372,-0.010161007901974231
11.020399999999995,1.1020399999999995e-05,0.0019085046246190007,-0.010392534965682473
11.0212,1.10212e-05,0.021172576277289856,-0.010651806813014836
11.021999999999998,1.1021999999999997e-05,-0.03560889585538762,-0.010944347950775967
11.022799999999997,1.1022799999999995e-05,-0.05195762501557866,-0.011275469561544469
11.023600000000002,1.10236e-05,0.008813104291863993,-0.011650231782884012
11.0244,1.1024399999999999e-05,0.007064352602152324,-0.0120734073646813
11.025199999999998,1.1025199999999997e-05,0.035492254061448514,-0.012549446962181857
11.025999999999996,1.1025999999999996e-05,0.0128649654925862,-0.01308244643260798
11.026800000000001,1.1026800000000001e-05,-0.02046685515505886,-0.013676116518416402
11.0276,1.10276e-05,-0.024342819549601047,-0.014333755194555072
11.028399999999998,1.1028399999999998e-05,-0.01980052872785676,-0.015058222801883826
11.029199999999996,1.1029199999999996e-05,-0.03930461389812001,-0.015851919986336404
11.030000000000001,1.1030000000000001e-05,0.0045448716049981686,-0.016716768467061764
11.0308,1.10308e-05,0.004193645824130399,-0.017654194748182635
11.031599999999997,1.1031599999999996e-05,-0.0139915937688333,-0.018665117006033703
11.032399999999996,1.1032399999999995e-05,0.010022061780308178,-0.01974993546220974
11.0332,1.10332e-05,0.018898594006342972,-0.020908526557771985
11.033999999999999,1.1033999999999998e-05,-0.047071674138728925,-0.02214024117996993
11.034799999999997,1.1034799999999996e-05,-0.004404099401238426,-0.023443907085087437
11.035599999999995,1.1035599999999995e-05,-0.013629209059401015,-0.02481783554393937
11.0364,1.10364e-05,-0.01605336558783166,-0.026259832149027756
11.037199999999999,1.1037199999999998e-05,-0.025645777332648723,-0.0277672116794647
11.037999999999997,1.1037999999999997e-05,0.0023056902941647195,-0.0293368168991038
11.038799999999995,1.1038799999999995e-05,-0.032704712291572346,-0.030965041137956312
11.0396,1.10396e-05,-0.002815356723255169,-0.032647854468354026
11.040399999999998,1.1040399999999999e-05,-0.045474609392256005,-0.03438083323461305
11.041199999999996,1.1041199999999995e-05,-0.038045535486702975,-0.0361591926324539
11.042000000000002,1.1042e-05,-0.028259826455699022,-0.037977821980443104
11.0428,1.1042799999999999e-05,-0.04795304787785437,-0.03983132230447779
11.043600000000005,1.1043600000000004e-05,-0.013513647250596006,-0.041714045875871256
11.044399999999996,1.1044399999999995e-05,-0.07787720440628515,-0.04362013738698204
11.045200000000001,1.10452e-05,-0.03993065415669372,-0.045543576493503435
11.046,1.1045999999999999e-05,-0.044211369946444035,-0.047478221499248754
11.046799999999998,1.1046799999999997e-05,0.0038736278005738756,-0.04941785402315271
11.047599999999996,1.1047599999999996e-05,-0.05397343694589907,-0.051356224560703184
11.0484,1.10484e-05,-0.029801285070684247,-0.05328709888568907
11.049199999999999,1.10492e-05,-0.025624215818247142,-0.055204305194513636
11.049999999999997,1.1049999999999996e-05,-0.04034732082339376,-0.0571017817889491
11.050799999999995,1.1050799999999994e-05,-0.06835855561598991,-0.058973624964953425
11.0516,1.10516e-05,-0.06437345947541978,-0.06081413665107821
11.052399999999999,1.1052399999999998e-05,-0.03481584869071619,-0.06261787124092412
11.053199999999997,1.1053199999999996e-05,-0.04933033644671658,-0.06437968101413133
11.053999999999995,1.1053999999999994e-05,-0.024489589115717414,-0.06609475953237672
11.0548,1.10548e-05,-0.12273875690885838,-0.0677586823827111
11.055599999999998,1.1055599999999998e-05,-0.0574327346738413,-0.06936744458844471
11.056399999999996,1.1056399999999996e-05,-0.083855226788554,-0.07091749395250485
11.057199999999995,1.1057199999999995e-05,-0.08165500747202892,-0.07240575960735969
11.058,1.1058e-05,-0.06166484222637336,-0.07382967514137989
11.058799999999998,1.1058799999999998e-05,-0.0839671953944568,-0.07518719581288132
11.059599999999996,1.1059599999999995e-05,-0.1131993029469891,-0.07647680950061778
11.060400000000001,1.10604e-05,-0.04713011713029147,-0.07769754116029477
11.0612,1.1061199999999998e-05,-0.12546553098073882,-0.0788489506794229
11.062000000000005,1.1062000000000004e-05,-0.09302189345515399,-0.07993112416688104
11.062799999999996,1.1062799999999995e-05,-0.06928929393526084,-0.08094465888123288
11.063600000000001,1.10636e-05,-0.09577155321575614,-0.08189064218741915
11.0644,1.1064399999999999e-05,-0.05649575480312807,-0.08277062512266425
11.065200000000004,1.1065200000000004e-05,-0.03301224721234419,-0.08358659131743815
11.065999999999995,1.1065999999999995e-05,-0.03643731181156551,-0.08434092211188884
11.0668,1.10668e-05,-0.1059079201960354,-0.08503635869510603
11.067599999999999,1.1067599999999999e-05,-0.10448958911571743,-0.08567596196720731
11.068400000000004,1.1068400000000004e-05,-0.06489585319658031,-0.0862630706415264
11.069199999999995,1.1069199999999994e-05,-0.08969347749897622,-0.08680125797323116
11.07,1.1069999999999999e-05,-0.06377389810836998,-0.08729428747980154
11.070799999999998,1.1070799999999997e-05,-0.07579595159013258,-0.08774606806488917
11.071599999999997,1.1071599999999996e-05,-0.09577647059287842,-0.08816060899248572
11.072399999999995,1.1072399999999994e-05,-0.09244521777672576,-0.08854197515330156
11.0732,1.10732e-05,-0.06279020200605134,-0.08889424304372893
11.073999999999998,1.1073999999999998e-05,-0.07638794723142006,-0.08922145787300706
11.074799999999996,1.1074799999999996e-05,-0.06609648861653483,-0.0895275922272791
11.075599999999994,1.1075599999999994e-05,-0.07380794272555596,-0.08981650671632457
11.0764,1.10764e-05,-0.10416824691784093,-0.09009191298166412
11.077199999999998,1.1077199999999998e-05,-0.06691034095268067,-0.09035733936443194
11.077999999999996,1.1077999999999995e-05,-0.11860405434219717,-0.09061609945695422
11.078800000000001,1.1078800000000001e-05,-0.08014759347432976,-0.09087126372750333
11.0796,1.1079599999999998e-05,-0.06921345046359151,-0.09112563442302359
11.080400000000004,1.1080400000000003e-05,-0.07681085544956245,-0.09138172400419589
11.081199999999995,1.1081199999999995e-05,-0.0722540010076862,-0.09164173741519262
11.082,1.1082e-05,-0.06775199635457041,-0.09190755849672592
11.082799999999999,1.1082799999999998e-05,-0.07303229604089112,-0.09218074079879393
11.083600000000004,1.1083600000000003e-05,-0.06607833179360068,-0.09246250295197092
11.084399999999995,1.1084399999999995e-05,-0.11390875240289428,-0.09275372863438372
11.0852,1.10852e-05,-0.04805045286382531,-0.09305497104471054
11.085999999999999,1.1085999999999999e-05,-0.08030760248615798,-0.09336646168088977
11.086800000000004,1.1086800000000004e-05,-0.09982000972501093,-0.09368812314000477
11.087599999999995,1.1087599999999994e-05,-0.08165500747202892,-0.0940195855838588
11.0884,1.1088399999999999e-05,-0.0929050074720289,-0.09436020644609806
11.089199999999998,1.1089199999999997e-05,-0.12795229153502696,-0.09470909290691175
11.090000000000003,1.1090000000000002e-05,-0.06760030941133177,-0.09506512665502714
11.090799999999994,1.1090799999999994e-05,-0.06628146383403222,-0.09542699049954442
11.0916,1.1091599999999999e-05,-0.09582867203299866,-0.09579319646435032
11.092399999999998,1.1092399999999997e-05,-0.11275407687171779,-0.09616211504981774
11.093199999999996,1.1093199999999996e-05,-0.07808033644671664,-0.09653200534915479
11.093999999999994,1.1093999999999994e-05,-0.09357000972501095,-0.09690104568527962
11.0948,1.10948e-05,-0.09485348651080444,-0.09726736443578102
11.095599999999997,1.1095599999999998e-05,-0.0725815847570051,-0.09762907074351623
11.096399999999996,1.1096399999999996e-05,-0.06764626930000972,-0.09798428483696217
11.097199999999994,1.1097199999999993e-05,-0.09193530715844977,-0.09833116768058522
11.097999999999999,1.1097999999999998e-05,-0.1056972224298417,-0.09866794962949745
11.098800000000004,1.1098800000000003e-05,-0.09063178154400936,-0.09899295768258921
11.099599999999995,1.1099599999999994e-05,-0.08793564739784765,-0.09930464085101211
11.1004,1.11004e-05,-0.14040916850632384,-0.09960159312425709
11.101199999999999,1.1101199999999998e-05,-0.10604428717641451,-0.09988257353443936
11.102000000000004,1.1102000000000003e-05,-0.0682382649413974,-0.1001465228857608
11.102799999999995,1.1102799999999995e-05,-0.10188178154400934,-0.10039257682713633
11.1036,1.11036e-05,-0.11738545061084316,-0.10062007507468512
11.104399999999998,1.1104399999999998e-05,-0.11078479266146801,-0.10082856669019019
11.105200000000004,1.1105200000000003e-05,-0.09733249282789558,-0.10101781138500952
11.105999999999995,1.1105999999999993e-05,-0.07783483772050931,-0.10118777688938396
11.1068,1.11068e-05,-0.09045304787785441,-0.10133863252555143
11.107599999999998,1.1107599999999997e-05,-0.11400332052889034,-0.10147073921323659
11.108400000000003,1.1108400000000002e-05,-0.13113053323372098,-0.10158463617960725
11.109199999999994,1.1109199999999994e-05,-0.07846144581047565,-0.10168102466114849
11.11,1.1109999999999999e-05,-0.0811019738250498,-0.10176074892723551
11.110799999999998,1.1110799999999997e-05,-0.10025332052889036,-0.10182477504214635
11.111600000000003,1.1111600000000002e-05,-0.07359648861653484,-0.10187416786598455
11.112399999999994,1.1112399999999994e-05,-0.06555461389812006,-0.10191006681968835
11.113199999999999,1.1113199999999999e-05,-0.07500990231973048,-0.10193366089419106
11.113999999999997,1.1113999999999997e-05,-0.10953346848724793,-0.10194616328341864
11.114799999999995,1.1114799999999996e-05,-0.12466624226462508,-0.10194878588111038
11.115599999999993,1.1115599999999992e-05,-0.09528396045460907,-0.1019427137426034
11.116399999999999,1.1116399999999997e-05,-0.1161227789965239,-0.1019290795403355
11.117200000000004,1.1117200000000004e-05,-0.09129678379699152,-0.10190893807125166
11.117999999999995,1.1117999999999994e-05,-0.14308657799815877,-0.10188324097776409
11.1188,1.11188e-05,-0.0749194952281293,-0.10185281197165096
11.119599999999998,1.1119599999999998e-05,-0.10482000972501093,-0.10181832298045376
11.120400000000004,1.1120400000000003e-05,-0.08381834531129306,-0.10178027176490323
11.121199999999995,1.1121199999999994e-05,-0.08273459587456367,-0.10173896166383878
11.122,1.1122e-05,-0.03175865400944211,-0.10169448417770252
11.122799999999998,1.1122799999999998e-05,-0.07858532968787035,-0.10164670507962956
11.123600000000003,1.1123600000000003e-05,-0.09008290893132509,-0.10159525462943225
11.124399999999994,1.1124399999999993e-05,-0.08148251535741624,-0.1015395222623459
11.1252,1.11252e-05,-0.09226648411057076,-0.10147865587720784
11.125999999999998,1.1125999999999996e-05,-0.0827992804175684,-0.10141156562973219
11.126800000000003,1.1126800000000002e-05,-0.08760655096277398,-0.10133693198320975
11.127599999999994,1.1127599999999993e-05,-0.1022288462904824,-0.10125321766695736
11.1284,1.1128399999999998e-05,-0.08910564289198347,-0.1011586831154631
11.129199999999997,1.1129199999999997e-05,-0.1017334992922383,-0.1010514049009144
11.130000000000003,1.1130000000000002e-05,-0.12429685966092308,-0.10092929663636567
11.130799999999994,1.1130799999999993e-05,-0.0976421082657149,-0.10079013182585862
11.131599999999999,1.1131599999999999e-05,-0.10432617541242162,-0.100631568179947
11.132399999999997,1.1132399999999997e-05,-0.07579519524720513,-0.10045117300142824
11.133200000000002,1.1133200000000002e-05,-0.09058998268962626,-0.10024644935371722
11.133999999999993,1.1133999999999992e-05,-0.13548633615221317,-0.10001486281080929
11.134799999999998,1.1134799999999997e-05,-0.07479353083348717,-0.09975386863096185
11.135599999999997,1.1135599999999996e-05,-0.12634406785988955,-0.09946093922145498
11.136400000000002,1.11364e-05,-0.07158200086043454,-0.09913359181210717
11.1372,1.1137199999999999e-05,-0.06377938331688476,-0.09876941633807802
11.137999999999998,1.1137999999999997e-05,-0.06703762952154291,-0.09836610360853686
11.138800000000003,1.1138800000000003e-05,-0.07926565190371171,-0.09792147385264291
11.139599999999994,1.1139599999999994e-05,-0.11043697157216775,-0.0974335056580655
11.1404,1.11404e-05,-0.03851913245921079,-0.09690036517237526
11.141199999999998,1.1141199999999998e-05,-0.07696462290994832,-0.0963204352827739
11.142000000000003,1.1142000000000003e-05,-0.07960723144166992,-0.09569234435732474
11.142799999999994,1.1142799999999994e-05,-0.11671269412076407,-0.09501499400165826
11.1436,1.11436e-05,-0.12362694003081887,-0.09428758514652398
11.144399999999997,1.1144399999999996e-05,-0.08157575930899219,-0.09350964168085815
11.145200000000003,1.1145200000000003e-05,-0.11804402280094833,-0.09268103084787527
11.145999999999994,1.1145999999999993e-05,-0.062397177370900225,-0.09180197973483147
11.146799999999999,1.1146799999999998e-05,-0.10017955757436858,-0.09087308735063347
11.147599999999997,1.1147599999999996e-05,-0.10416049268064387,-0.08989533193167762
11.148400000000002,1.1148400000000002e-05,-0.07972676577333498,-0.0888700732193583
11.149199999999993,1.1149199999999993e-05,-0.08463219764743879,-0.08779904953034551
11.149999999999999,1.1149999999999998e-05,-0.08241041681661226,-0.08668436951981183
11.150799999999997,1.1150799999999997e-05,-0.10171345046359154,-0.08552849862099382
11.151600000000002,1.1151600000000002e-05,-0.06913836333484952,-0.08433424021854465
11.152399999999993,1.1152399999999992e-05,-0.07302189345515397,-0.08310471167831969
11.153199999999998,1.1153199999999999e-05,-0.09165500747202893,-0.08184331542163645
11.153999999999996,1.1153999999999995e-05,-0.1268023448695379,-0.08055370529491031
11.154800000000002,1.11548e-05,-0.08252030490546775,-0.07923974854954122
11.1556,1.1155599999999999e-05,-0.06596768736191783,-0.07790548384646802
11.156399999999998,1.1156399999999997e-05,-0.06992649312239901,-0.07655507586276822
11.157200000000003,1.1157200000000002e-05,-0.04929194228380074,-0.07519276726927139
11.158000000000001,1.1158e-05,-0.07674541456373007,-0.07382282899259478
11.1588,1.1158799999999999e-05,-0.04400691373169252,-0.0724495097305287
11.159599999999998,1.1159599999999997e-05,-0.07721560684477052,-0.07107698567401771
11.160400000000003,1.1160400000000002e-05,-0.04950698959572408,-0.06970931134230551
11.161199999999994,1.1161199999999994e-05,-0.09409713231195904,-0.06835037238926432
11.161999999999999,1.1162e-05,-0.04129602745406402,-0.06700384120565578
11.162799999999997,1.1162799999999996e-05,-0.06269487753732794,-0.06567313613635241
11.163600000000002,1.1163600000000003e-05,-0.006849817443970729,-0.06436138515113446
11.164399999999993,1.1164399999999993e-05,0.023257990127737327,-0.06307139481817847
11.165199999999999,1.1165199999999998e-05,-0.08045645256932177,-0.061805625367239964
11.165999999999997,1.1165999999999996e-05,-0.0473262512764534,-0.06056617244442612
11.166800000000002,1.1166800000000001e-05,-0.04684206320677364,-0.05935475587748763
11.167599999999993,1.1167599999999993e-05,-0.046849817443970765,-0.05817271549463616
11.168399999999998,1.1168399999999998e-05,-0.0012863812112543505,-0.0570210138600148
11.169199999999996,1.1169199999999996e-05,-0.023888515062912785,-0.055900245691276884
11.170000000000002,1.1170000000000001e-05,-0.020899598127445684,-0.05481065362461742
11.170799999999993,1.1170799999999993e-05,-0.05088427816458618,-0.05375214982595799
11.171599999999998,1.1171599999999998e-05,-0.05697502549568545,-0.05272434271862503
11.172399999999996,1.1172399999999995e-05,-0.08776788414892234,-0.05172656787131665
11.173200000000001,1.11732e-05,-0.02908956658619677,-0.050757921943746453
11.174,1.1173999999999998e-05,-0.04178021552374367,-0.049817298563632206
11.174799999999998,1.1174799999999997e-05,-0.03879735162838416,-0.04890342508431662
11.175600000000003,1.1175600000000002e-05,-0.03374798704823867,-0.048014899272657376
11.176400000000001,1.11764e-05,-0.04123474760252677,-0.04715022503504518
11.1772,1.1177199999999999e-05,-0.080238000565931,-0.046307846294401926
11.177999999999997,1.1177999999999997e-05,-0.09874590653109128,-0.04548617812169216
11.178800000000003,1.1178800000000002e-05,-0.0708731192360218,-0.04468363426441367
11.1796,1.11796e-05,-0.043809266899876076,-0.04389865036297862
11.180399999999999,1.1180399999999999e-05,-0.014282296040891151,-0.043129702416915314
11.181199999999997,1.1181199999999997e-05,-0.0411770609537917,-0.042375320384494236
11.182000000000002,1.1182000000000002e-05,-0.07788552647487479,-0.041634097058602916
11.182799999999993,1.1182799999999992e-05,-0.06503354435117958,-0.04090469250588355
11.183599999999998,1.1183599999999997e-05,-0.01726988880203817,-0.04018583443972186
11.184399999999997,1.1184399999999996e-05,-0.018509486216300997,-0.039476315010304415
11.185200000000002,1.1185200000000001e-05,-0.02143939232871306,-0.03877498465075406
11.185999999999993,1.1185999999999993e-05,-0.01305518172951281,-0.03808074374365064
11.186799999999998,1.1186799999999998e-05,0.011805614430133282,-0.0373925328982915
11.187599999999996,1.1187599999999996e-05,-0.03783748606904935,-0.036709322553572246
11.188400000000001,1.1188400000000001e-05,-0.02646776322594957,-0.036030102479876265
11.189199999999992,1.1189199999999993e-05,-0.037083400898786145,-0.035353871585387636
11.189999999999998,1.1189999999999998e-05,-0.033825911037055456,-0.03467962828492746
11.190799999999996,1.1190799999999995e-05,-0.020075911037055416,-0.03400636160506509
11.191600000000001,1.1191600000000001e-05,-0.01248417977113414,-0.03333304318229531
11.1924,1.1192399999999998e-05,-0.040570501692472116,-0.032658620326642115
11.193199999999997,1.1193199999999996e-05,-0.038951875431597505,-0.031982010332195616
11.194000000000003,1.1194000000000002e-05,-0.016578407657632188,-0.03130209621031799
11.1948,1.11948e-05,-0.00975248832203146,-0.030617724022742224
11.195599999999999,1.1195599999999998e-05,0.005793547430678281,-0.029927702013055914
11.196399999999997,1.1196399999999997e-05,-0.0002595620803326204,-0.029230801746520006
11.197200000000002,1.1197200000000002e-05,0.0017284467842438866,-0.02852576142111201
11.198,1.1198e-05,-0.042168322781772405,-0.0278112913876495
11.198799999999999,1.1198799999999999e-05,-0.014438711849817154,-0.0270860817426544
11.199599999999997,1.1199599999999997e-05,0.005712786581886564,-0.02634881169246988
11.200400000000002,1.1200400000000002e-05,-0.04058014793528175,-0.02559816027657116
11.2012,1.1201199999999999e-05,-0.03663685064919486,-0.024832817981996144
11.201999999999998,1.1201999999999997e-05,-0.056757897666614765,-0.02405149875685914
11.202799999999996,1.1202799999999995e-05,-0.05324223746425749,-0.023252951948396265
11.203600000000002,1.12036e-05,0.017163270273778064,-0.022435973789163836
11.204399999999993,1.1204399999999992e-05,-0.016881025201182065,-0.021599418239404505
11.205199999999998,1.1205199999999997e-05,0.0005556144301332999,-0.020742207200177238
11.205999999999996,1.1205999999999996e-05,0.010083341631945464,-0.019863340249780453
11.206800000000001,1.1206800000000001e-05,-0.003020380769499287,-0.01896190408091084
11.207599999999992,1.1207599999999992e-05,-0.029480510704200324,-0.018037081749980782
11.208399999999997,1.1208399999999998e-05,0.008484764199717776,-0.017088161743534218
11.209199999999996,1.1209199999999996e-05,-0.005998327287736527,-0.016114546766038945
11.21,1.1210000000000001e-05,-0.018195709744186828,-0.015115762085883083
11.210799999999999,1.1210799999999998e-05,0.008050129221518376,-0.014091463239431386
11.211599999999997,1.1211599999999996e-05,-0.0441534947863742,-0.013041442868884942
11.212400000000002,1.1212400000000001e-05,0.004700719582431567,-0.011965636456749777
11.2132,1.12132e-05,-0.0012188598081747104,-0.010864126733075971
11.213999999999999,1.1213999999999998e-05,-0.024129096411997897,-0.009737146577806829
11.214799999999997,1.1214799999999996e-05,0.030421516478406074,-0.008585080303234276
11.215600000000002,1.1215600000000002e-05,0.004215207338531979,-0.007408463253674116
11.2164,1.12164e-05,-0.011193705090970951,-0.006207979681556178
11.217199999999998,1.1217199999999998e-05,-0.013847472551356987,-0.004984458845358968
11.217999999999996,1.1217999999999997e-05,-0.016679973677798055,-0.0037388692425337827
11.218800000000002,1.1218800000000002e-05,0.0051098205233692795,-0.002472310883291761
11.2196,1.12196e-05,-0.004895096853752889,-0.0011860055636999205
11.220399999999998,1.1220399999999997e-05,-0.023178309264080044,0.00011871480055428499
11.221199999999996,1.1221199999999995e-05,0.02081378477075968,0.0014404215998172938
11.222000000000001,1.1222e-05,-0.010946125847616228,0.0027776044197457845
11.2228,1.1222799999999999e-05,-0.008603865830762336,0.004128686983931866
11.223599999999998,1.1223599999999997e-05,0.07191625886181585,0.005492043628650788
11.224399999999996,1.1224399999999995e-05,0.005582849664484413,0.006866015695897688
11.225200000000001,1.12252e-05,0.04520022761504061,0.008248927185051064
11.225999999999999,1.1225999999999999e-05,0.07610108235138013,0.009639099038257805
11.226799999999997,1.1226799999999997e-05,0.06984540863137056,0.011034861564479881
11.227599999999995,1.1227599999999996e-05,-0.010679065607007487,0.012434564725319777
11.2284,1.12284e-05,0.008714375131673058,0.01383658629518276
11.229199999999999,1.1229199999999997e-05,-0.03381399576556354,0.015239338209980788
11.229999999999997,1.1229999999999996e-05,-0.01118670719670134,0.016641271618170674
11.230800000000002,1.1230800000000001e-05,0.012860992969726204,0.01804088115293769
11.2316,1.12316e-05,0.08332834839076164,0.0194367087640534
11.232399999999998,1.1232399999999998e-05,-0.005171235505778804,0.020827347187584222
11.233199999999997,1.1233199999999996e-05,0.06108084501133859,0.022211442924743696
11.234000000000002,1.1234000000000001e-05,0.04705054532497788,0.023587698525388928
11.2348,1.12348e-05,0.017255757882626677,0.024954874009292236
11.235599999999998,1.1235599999999998e-05,0.01491576689435492,0.026311787344679538
11.236399999999996,1.1236399999999996e-05,0.05257785642333068,0.027657313986718418
11.237200000000001,1.1237200000000001e-05,0.050783144844941064,0.028990385525907512
11.238,1.1238e-05,0.025123059969181183,0.030309987501143623
11.238799999999998,1.1238799999999996e-05,0.0766136413182662,0.03161515642847335
11.239599999999996,1.1239599999999995e-05,-0.002009637944264342,0.0329049761228209
11.240400000000001,1.12404e-05,0.0634703890910906,0.03417857344518715
11.2412,1.1241199999999998e-05,0.04796880054136421,0.035435113661471854
11.241999999999997,1.1241999999999997e-05,0.03726899732833855,0.03667379562902617
11.242799999999995,1.1242799999999995e-05,0.02898786543512888,0.037893847037650516
11.2436,1.12436e-05,0.011848169627343696,0.03909451993605671
11.244399999999999,1.1244399999999999e-05,0.06594939540818168,0.0402750867611725
11.245199999999997,1.1245199999999997e-05,0.060911189756660655,0.04143483702865013
11.245999999999995,1.1245999999999995e-05,0.061194894134448785,0.042573074747266425
11.2468,1.12468e-05,0.07373177561167965,0.04368911654592128
11.247599999999998,1.1247599999999997e-05,0.023445234373916657,0.044782290502461866
11.248399999999997,1.1248399999999996e-05,0.06423620102141092,0.04585193573331145
11.249200000000002,1.12492e-05,0.061151771105785624,0.04689740288897784
11.25,1.1249999999999999e-05,0.005847829387945813,0.04791805575350508
11.250799999999998,1.1250799999999997e-05,0.05499709557456911,0.04891327415062964
11.251599999999996,1.1251599999999996e-05,0.058358988316540406,0.04988245831809689
11.252400000000002,1.1252400000000001e-05,0.04996097044020553,0.0508250348243887
11.2532,1.12532e-05,0.05213471086517685,0.05174046398564503
11.253999999999998,1.1253999999999998e-05,0.04917076013553867,0.0526282486334321
11.254799999999996,1.1254799999999996e-05,0.0521819949281348,0.05348794400641298
11.255600000000001,1.1255600000000001e-05,0.10207626787361412,0.0543191684767934
11.2564,1.12564e-05,0.03822753871338325,0.05512161476550397
11.257199999999997,1.1257199999999996e-05,0.07594447803101945,0.055895061266929814
11.257999999999996,1.1257999999999995e-05,0.06026774901805021,0.056639383113322714
11.2588,1.12588e-05,0.1040899992867873,0.057354562647923824
11.259599999999999,1.1259599999999998e-05,0.04241444272010486,0.058040699020431866
11.260399999999997,1.1260399999999996e-05,0.08300700619288504,0.058698016670139505
11.261199999999995,1.1261199999999995e-05,0.026647874446917186,0.05932687253036177
11.262,1.1262e-05,0.11194198141044243,0.05992776185313722
11.262799999999999,1.1262799999999998e-05,0.050858988316540454,0.060501322583650485
11.263599999999997,1.1263599999999997e-05,0.10199910022772496,0.06104833821228581
11.264399999999995,1.1264399999999995e-05,0.08759658107765733,0.06156973903965804
11.2652,1.12652e-05,0.04877433080892024,0.062066601843052197
11.265999999999998,1.1265999999999999e-05,-0.00013076082571561454,0.06254014802893307
11.266799999999996,1.1266799999999995e-05,0.06573169974767823,0.06299174044393269
11.267600000000002,1.12676e-05,0.08070314033904691,0.06342287901484116
11.2684,1.1268399999999999e-05,0.09233992342278563,0.06383519525791916
11.269200000000005,1.1269200000000004e-05,0.08558909121592673,0.06423044550778194
11.269999999999996,1.1269999999999995e-05,0.10037480024686063,0.06461050259162412
11.270800000000001,1.12708e-05,0.05883750266621035,0.06497734568166474
11.2716,1.1271599999999999e-05,0.10391050927780476,0.06533304816859037
11.272399999999998,1.1272399999999997e-05,0.05643982502930345,0.06567976354485834
11.273199999999996,1.1273199999999996e-05,0.07935157431881124,0.06601970941955235
11.274000000000001,1.1274e-05,0.05815453210178889,0.06635514988521857
11.274799999999999,1.12748e-05,0.03794099747559021,0.06668837651411823
11.275599999999997,1.1275599999999996e-05,0.0950388944289523,0.06702168826683032
11.276399999999995,1.1276399999999994e-05,0.056596997181086794,0.0673573705434029
11.2772,1.12772e-05,0.10949701971057757,0.06769767351325053
11.277999999999999,1.1277999999999998e-05,0.10872212936879999,0.06804478977203361
11.278799999999997,1.1278799999999996e-05,0.10485032600852273,0.06840083134782343
11.279599999999995,1.1279599999999994e-05,0.06380553856613158,0.06876780615041803
11.2804,1.12804e-05,0.05405954787243328,0.06914759411957537
11.281199999999998,1.1281199999999998e-05,0.06396554757792983,0.0695419235178173
11.281999999999996,1.1281999999999996e-05,0.07782619200961272,0.06995234794038899
11.282799999999995,1.1282799999999995e-05,0.09885698366339446,0.07038022462946183
11.2836,1.12836e-05,0.07379589232326189,0.07082669461594072
11.284399999999998,1.1284399999999998e-05,0.037373400208579155,0.07129266514783635
11.285199999999996,1.1285199999999995e-05,0.06108651873134818,0.0717787948381079
11.286000000000001,1.1286e-05,0.11235240652567025,0.07228548194281142
11.2868,1.1286799999999998e-05,0.06745888992305815,0.07281285611089647
11.287600000000005,1.1287600000000004e-05,0.051710478472774546,0.07336077384033818
11.288399999999996,1.1288399999999995e-05,0.05844107333959192,0.07392881778626366
11.289200000000001,1.12892e-05,0.09289428124405497,0.07451630000486117
11.29,1.1289999999999999e-05,0.0659270775509826,0.07512226913584555
11.290800000000004,1.1290800000000004e-05,0.04121305095735295,0.07574552140484603
11.291599999999995,1.1291599999999995e-05,0.09949910022772501,0.0763846151927305
11.2924,1.12924e-05,0.10599459895399221,0.07703788879078868
11.293199999999999,1.1293199999999999e-05,0.05507029069759839,0.07770348083871374
11.294000000000004,1.1294000000000004e-05,0.0858763887965871,0.07837935284619912
11.294799999999995,1.1294799999999994e-05,0.08383485431763027,0.07906331315034866
11.2956,1.1295599999999999e-05,0.14137930152059053,0.07975304164064738
11.296399999999998,1.1296399999999997e-05,0.10865460796579052,0.08044611456831893
11.297199999999997,1.1297199999999996e-05,0.11114212486290598,0.0811400287801116
11.297999999999995,1.1297999999999994e-05,0.10047220523280165,0.08183222483142458
11.2988,1.12988e-05,0.1214454987493161,0.08252010863878088
11.299599999999998,1.1299599999999998e-05,0.03870605306308339,0.08320107156800732
11.300399999999996,1.1300399999999996e-05,0.08707626787361411,0.08387250905935645
11.301199999999994,1.1301199999999994e-05,0.09265294355207243,0.08453183802018711
11.302,1.1302e-05,0.10799584726428058,0.08517651324437063
11.302799999999998,1.1302799999999998e-05,0.08122629040309504,0.08580404306484647
11.303599999999996,1.1303599999999995e-05,0.074316205527305,0.08641200437793699
11.304399999999994,1.1304399999999993e-05,0.097377561242874,0.08699805714222017
11.3052,1.1305199999999998e-05,0.06537971762402295,0.08755995843381825
11.306000000000004,1.1306000000000003e-05,0.12212279559371486,0.08809557609415362
11.306799999999996,1.1306799999999995e-05,0.10291792327553395,0.08860290193066084
11.3076,1.13076e-05,0.09283451407820242,0.08908006435880422
11.308399999999999,1.1308399999999998e-05,0.058391708759476524,0.08952534034108652
11.309200000000004,1.1309200000000003e-05,0.09813505110460474,0.08993716648454553
11.309999999999995,1.1309999999999995e-05,0.08995264837161587,0.09031414915529912
11.3108,1.13108e-05,0.14534491666393945,0.09065507341388548
11.311599999999999,1.1311599999999999e-05,0.10447337767908849,0.09095891048996226
11.312400000000004,1.1312400000000004e-05,0.06941701520467336,0.09122482347158935
11.313199999999995,1.1313199999999994e-05,0.13797636626709642,0.09145217092595465
11.314,1.1313999999999999e-05,0.09785323873252916,0.09164050826315367
11.314799999999998,1.1314799999999997e-05,0.13745813358020065,0.09178958674547665
11.315600000000003,1.1315600000000002e-05,0.09247629040309502,0.0918993501243029
11.316399999999994,1.1316399999999994e-05,0.08537063921256594,0.09196992898768969
11.3172,1.1317199999999999e-05,0.07480512246270199,0.09200163302613933
11.317999999999998,1.1317999999999997e-05,0.12631253646043838,0.09199494152306786
11.318799999999996,1.1318799999999996e-05,0.11022670650652444,0.09195049240461894
11.319599999999994,1.1319599999999994e-05,0.06025659008945561,0.09186907015430032
11.3204,1.13204e-05,0.10906503308101823,0.09175159286678139
11.321199999999997,1.1321199999999998e-05,0.12488796382861111,0.09159909870663387
11.321999999999996,1.1321999999999996e-05,0.05052440667292191,0.09141273202873738
11.322799999999994,1.1322799999999993e-05,0.103452800099609,0.09119372939291662
11.323599999999999,1.1323599999999998e-05,0.12964170875947645,0.09094340567545414
11.324400000000004,1.1324400000000003e-05,0.07678972663581107,0.09066314044539975
11.325199999999995,1.1325199999999994e-05,0.09817250041325831,0.0903543647377749
11.326,1.1326e-05,0.0751279773463035,0.09001854833932195
11.326799999999999,1.1326799999999998e-05,0.09220431278533381,0.08965718770202014
11.327600000000004,1.1327600000000003e-05,0.13391826351496483,0.08927179457907357
11.328399999999995,1.1328399999999995e-05,0.07945314033904693,0.08886388542586847
11.3292,1.13292e-05,0.12771895226936736,0.08843497156331794
11.329999999999998,1.1329999999999998e-05,0.07930561443013329,0.08798655010694878
11.330800000000004,1.1330800000000003e-05,0.062358080245689784,0.08752009572191294
11.331599999999995,1.1331599999999993e-05,0.06150034853801334,0.08703705332669251
11.3324,1.13324e-05,0.1473134445312948,0.08653883187823865
11.333199999999998,1.1333199999999997e-05,0.10148786543512889,0.0860267993024743
11.334000000000003,1.1334000000000002e-05,0.09526699267519279,0.08550227853345915
11.334799999999994,1.1334799999999994e-05,0.055219708612224694,0.08496654458155718
11.3356,1.1335599999999999e-05,0.143569686082737,0.08442082259511237
11.336399999999998,1.1336399999999997e-05,0.060507762535742526,0.08386628694985979
11.337200000000003,1.1337200000000002e-05,0.08669232164988039,0.08330406143607175
11.337999999999994,1.1337999999999994e-05,0.0014961875037485806,0.08273522061636006
11.338799999999999,1.1338799999999999e-05,0.11038520283259778,0.0821607923971789
11.339599999999997,1.1339599999999997e-05,0.09943649620186756,0.08158176175140944
11.340399999999995,1.1340399999999996e-05,0.1600339770518,0.080999075337602
11.341199999999994,1.1341199999999992e-05,0.09892526140927149,0.08041364657756211
11.341999999999999,1.1341999999999997e-05,0.05828598170494581,0.07982636071082966
11.342800000000004,1.1342800000000004e-05,0.09488096593431139,0.07923807947650917
11.343599999999995,1.1343599999999994e-05,0.05905803518670849,0.07864964527580669
11.3444,1.13444e-05,0.10830621904499749,0.07806188480563316
11.345199999999998,1.1345199999999998e-05,0.06363872017146843,0.07747561217696089
11.346000000000004,1.1346000000000003e-05,0.06594107333959187,0.07689163148742723
11.346799999999995,1.1346799999999994e-05,0.08102731939692831,0.07631073876088687
11.3476,1.13476e-05,0.09268566399500855,0.07573372310706214
11.348399999999998,1.1348399999999998e-05,0.1572028000996123,0.07516136688512874
11.349200000000003,1.1349200000000003e-05,0.06665544017264946,0.07459444460617916
11.349999999999994,1.1349999999999993e-05,0.06712014724514492,0.0740337203432022
11.3508,1.13508e-05,0.046659601206944123,0.07347994355048654
11.351599999999998,1.1351599999999996e-05,0.07206945849073931,0.0729338433472182
11.352400000000003,1.1352400000000002e-05,0.07077557911920873,0.07239612137913255
11.353199999999994,1.1353199999999993e-05,0.13444273775330673,0.07186744330384945
11.354,1.1353999999999998e-05,0.10679313132724866,0.07134842882411098
11.354799999999997,1.1354799999999997e-05,0.11586939090227744,0.07083964013325289
11.355600000000003,1.1355600000000002e-05,0.07825326126201981,0.07034156871510827
11.356399999999994,1.1356399999999993e-05,0.06164844227834965,0.06985462064927091
11.357199999999999,1.1357199999999999e-05,0.0551098205233993,0.06937910082761559
11.357999999999997,1.1357999999999997e-05,0.0664460665807457,0.06891519668213567
11.358800000000002,1.1358800000000002e-05,0.07901907319234025,0.0684629620939275
11.359599999999993,1.1359599999999992e-05,0.05480304194555474,0.06802230210805654
11.360399999999998,1.1360399999999997e-05,0.04905179363526635,0.06759295897715677
11.361199999999997,1.1361199999999996e-05,0.056569194115312915,0.0671744999458607
11.361999999999995,1.1361999999999994e-05,0.11249085402312686,0.0667663070723776
11.3628,1.1362799999999999e-05,0.05281995045817045,0.06636756925413193
11.363599999999998,1.1363599999999997e-05,0.06065169524178404,0.06597727650636726
11.364400000000003,1.1364400000000003e-05,0.1120191490563317,0.06559421647454203
11.365199999999994,1.1365199999999994e-05,0.0504311627212759,0.0652169731434351
11.366,1.1366e-05,0.07846471537107091,0.06484392771106429
11.366799999999998,1.1366799999999998e-05,0.05041243806694917,0.06447326161115075
11.367600000000003,1.1367600000000003e-05,0.08221812006250828,0.06410296168577813
11.368399999999994,1.1368399999999994e-05,0.05914636176120225,0.06373082750796867
11.3692,1.13692e-05,0.11672636626709643,0.0633544808233192
11.369999999999997,1.1369999999999996e-05,0.04421596368135927,0.06297137704621811
11.370800000000003,1.1370800000000003e-05,0.07967934657956477,0.06257881874551854
11.371599999999994,1.1371599999999993e-05,0.0627698295351975,0.0621739710955861
11.372399999999999,1.1372399999999998e-05,0.058407028722365695,0.06175387932190029
11.373199999999997,1.1373199999999996e-05,0.09302365033006443,0.0613154881986336
11.374000000000002,1.1374000000000002e-05,0.04867824999726955,0.06085566365149499
11.374799999999993,1.1374799999999993e-05,0.023201816164756917,0.060371216502009925
11.375599999999999,1.1375599999999998e-05,0.05208042890790909,0.05985892836651438
11.376399999999997,1.1376399999999997e-05,0.0718237712530374,0.05931557966553514
11.377200000000002,1.1377200000000002e-05,0.07016410248066696,0.05873797957612541
11.377999999999993,1.1377999999999992e-05,0.07706094791071494,0.058122997596588254
11.378799999999998,1.1378799999999999e-05,0.06335898831654041,0.05746759626262682
11.379599999999996,1.1379599999999995e-05,0.07624085402312686,0.056768864503761396
11.380400000000002,1.13804e-05,0.07798128364424872,0.05602405114741377
11.3812,1.1381199999999999e-05,0.021519829535197488,0.05523059812945222
11.381999999999998,1.1381999999999997e-05,0.045212710717955074,0.054386173024680184
11.382800000000003,1.1382800000000002e-05,0.07667416482697609,0.05348870053739031
11.383600000000001,1.13836e-05,0.0720887509764988,0.052536392560461664
11.3844,1.1384399999999999e-05,0.07710747563082554,0.05152777633406437
11.385199999999998,1.1385199999999997e-05,0.04910531924967654,0.05046172017680093
11.386000000000003,1.1386000000000002e-05,0.10193290299899527,0.04933745627688504
11.386799999999994,1.1386799999999994e-05,0.05345847381962865,0.04815460011311723
11.387599999999999,1.13876e-05,0.024500424401974974,0.04691316619051453
11.388399999999997,1.1388399999999996e-05,0.06852032150262855,0.04561357989663696
11.389200000000002,1.1389200000000003e-05,0.08526699267519278,0.04425668538314202
11.389999999999993,1.1389999999999993e-05,0.04815736896180367,0.04284374943125846
11.390799999999999,1.1390799999999998e-05,0.03159491666393954,0.041376461293494794
11.391599999999997,1.1391599999999996e-05,0.044973453543090125,0.039856928560579694
11.392400000000002,1.1392400000000001e-05,0.033356907799362956,0.038287669174111326
11.393199999999993,1.1393199999999993e-05,0.03914428124408498,0.036671599739437725
11.393999999999998,1.1393999999999998e-05,0.07188429476174729,0.03501202026787628
11.394799999999996,1.1394799999999996e-05,0.06414919862120716,0.03331259542543545
11.395600000000002,1.1395600000000001e-05,0.008181578824675295,0.031577332340299656
11.396399999999993,1.1396399999999993e-05,0.017237033228299836,0.029810555055089442
11.397199999999998,1.1397199999999998e-05,0.05572054081908373,0.028016875778252112
11.397999999999996,1.1397999999999995e-05,0.06441909572182092,0.02620116312855543
11.398800000000001,1.13988e-05,0.024066357255268178,0.02436850755530065
11.3996,1.1399599999999998e-05,0.04013346255491834,0.022524184108920146
11.400399999999998,1.1400399999999997e-05,0.007384370625708847,0.02067361278591045
11.401200000000003,1.1401200000000002e-05,0.0614515517893206,0.01882231675930735
11.402000000000001,1.1402e-05,0.06215892072804852,0.01697587887930172
11.4028,1.1402799999999999e-05,0.009170760135508771,0.01513989688384332
11.403599999999997,1.1403599999999997e-05,0.012394205380053314,0.01331993783989807
11.404400000000003,1.1404400000000002e-05,0.03148011119796179,0.011521492460331495
11.4052,1.14052e-05,-0.01083831827590831,0.009749930063404048
11.405999999999999,1.1405999999999999e-05,-0.0007624748043391083,0.008010455004719615
11.406799999999997,1.1406799999999997e-05,-0.04936702941254267,0.006308065400157605
11.407600000000002,1.1407600000000002e-05,-0.00857549493362586,0.004647514875029513
11.408399999999993,1.1408399999999992e-05,0.021864057421695726,0.003033277907007615
11.409199999999998,1.1409199999999997e-05,0.03584083149367612,0.001469519085174092
11.409999999999997,1.1409999999999996e-05,-0.005425056300675801,-3.9933646446801713e-05
11.410800000000002,1.1410800000000001e-05,0.0010000841625771306,-0.0014916118597724445
11.411599999999993,1.1411599999999993e-05,0.003213542924814128,-0.002882425773457446
11.412399999999998,1.1412399999999998e-05,-0.014730926807629663,-0.004209679770675942
11.413199999999996,1.1413199999999996e-05,0.012963126821384563,-0.005471084423209137
11.414000000000001,1.1414000000000001e-05,-0.01550846549800744,-0.006664765171161626
11.414799999999993,1.1414799999999993e-05,0.026320102186133565,-0.007789267858658254
11.415599999999998,1.1415599999999998e-05,0.029656272379508297,-0.008843561370595743
11.416399999999996,1.1416399999999995e-05,0.0035224020198060257,-0.00982703762577238
11.417200000000001,1.1417200000000001e-05,-0.006277870631229976,-0.010739509131137321
11.418,1.1417999999999998e-05,-0.004269812938006545,-0.011581204189308024
11.418799999999997,1.1418799999999996e-05,-0.03004186641976936,-0.012352759719748209
11.419600000000003,1.1419600000000002e-05,0.006704804752794891,-0.013055211563230001
11.4204,1.14204e-05,0.0019175830361360946,-0.013689982118059281
11.421199999999999,1.1421199999999998e-05,-0.045023709596935024,-0.01425886518683842
11.421999999999997,1.1421999999999997e-05,0.0044489793047821635,-0.014764007957185837
11.422800000000002,1.1422800000000002e-05,-0.04190258671548375,-0.015207890083493795
11.4236,1.14236e-05,-0.01931217962388243,-0.01559329989645731
11.424399999999999,1.1424399999999999e-05,0.004829332325613778,-0.015923307861028187
11.425199999999997,1.1425199999999997e-05,-0.03231093131359397,-0.016201237524111428
11.426000000000002,1.1426000000000002e-05,0.008868142591959005,-0.016430634313448236
11.4268,1.1426799999999999e-05,0.006361901040516704,-0.016615232641386018
11.427599999999998,1.1427599999999997e-05,-0.030090474657087363,-0.016758921817200196
11.428399999999996,1.1428399999999995e-05,-0.016017051942063376,-0.016865711279805993
11.429200000000002,1.14292e-05,-0.007839566586196778,-0.016939695646533335
11.429999999999993,1.1429999999999992e-05,-0.010829996207318615,-0.016985020065802766
11.430799999999998,1.1430799999999997e-05,0.010266992675222686,-0.017005846382092238
11.431599999999996,1.1431599999999996e-05,0.015905516036681,-0.017006320651472992
11.432400000000001,1.1432400000000001e-05,0.005977198473955503,-0.016990542543685927
11.433199999999992,1.1433199999999992e-05,-0.017309607139273986,-0.016962537103521854
11.433999999999997,1.1433999999999998e-05,0.008075851770214637,-0.016926229224001006
11.434799999999996,1.1434799999999996e-05,-0.04128770538547433,-0.01688542104367142
11.4356,1.1435600000000001e-05,0.018035377090051652,-0.01684377236787642
11.436399999999999,1.1436399999999998e-05,-0.01971144581047568,-0.016804784154009385
11.437199999999997,1.1437199999999996e-05,-0.01709815303025286,-0.01677178508444751
11.438000000000002,1.1438000000000001e-05,0.03345147592535891,-0.01674792125089646
11.4388,1.14388e-05,-0.020791034212910287,-0.01673614896624076
11.439599999999999,1.1439599999999998e-05,0.007547784329004603,-0.01673923068871648
11.440399999999997,1.1440399999999996e-05,-0.0026977143973025974,-0.01675973397859997
11.441200000000002,1.1441200000000002e-05,-0.026640443851997042,-0.016800033316641518
11.442,1.1442e-05,-0.03510863147992149,-0.016862314524087603
11.442799999999998,1.1442799999999998e-05,-0.0005455354867029971,-0.016948581470215968
11.443599999999996,1.1443599999999997e-05,0.011306862740421586,-0.017060664757399844
11.444400000000002,1.1444400000000002e-05,-0.005295687214666223,-0.01720023212564832
11.4452,1.14452e-05,0.019955296720155946,-0.01736880036585501
11.445999999999998,1.1445999999999997e-05,-0.02802529814662147,-0.01756774851800893
11.446799999999996,1.1446799999999995e-05,0.0010634445312618368,-0.0177983320505243
11.447600000000001,1.14476e-05,0.0024887735059494487,-0.018061697609800424
11.4484,1.1448399999999999e-05,-0.023608971719419447,-0.018358897837775806
11.449199999999998,1.1449199999999997e-05,-0.0669213113698105,-0.018690905695041816
11.449999999999996,1.1449999999999995e-05,-0.007623951442880861,-0.019058627703051632
11.450800000000001,1.14508e-05,0.0115837577353749,-0.01946291555378842
11.4516,1.1451599999999999e-05,-0.053911589262969184,-0.019904575642144942
11.452399999999997,1.1452399999999997e-05,-0.01879735162838414,-0.02038437621432616
11.453199999999995,1.1453199999999996e-05,-0.03473300732477724,-0.02090305193981578
11.454,1.1454e-05,0.0022744825369535038,-0.021461305807117498
11.454799999999999,1.1454799999999997e-05,-0.02401239894030749,-0.02205980834827817
11.455599999999997,1.1455599999999996e-05,0.01435289849313115,-0.022699194307523516
11.456400000000002,1.1456400000000001e-05,-0.04813651040969691,-0.023380056943848145
11.4572,1.14572e-05,-0.02044321312360986,-0.02410294017689447
11.457999999999998,1.1457999999999998e-05,-0.07873966497964902,-0.02486832877764692
11.458799999999997,1.1458799999999996e-05,0.007951967892720124,-0.025676636827126485
11.459600000000002,1.1459600000000001e-05,-0.021414993954336548,-0.02652819476061028
11.4604,1.14604e-05,0.028089659047319304,-0.027423235465676765
11.461199999999998,1.1461199999999998e-05,-0.020871038718874413,-0.02836188003095837
11.461999999999996,1.1461999999999996e-05,-0.020268640491749812,-0.02934412376932607
11.462800000000001,1.1462800000000001e-05,-0.0031902245355719394,-0.030369823053262367
11.4636,1.14636e-05,-0.06261770989143856,-0.03143868336113554
11.464399999999998,1.1464399999999996e-05,-0.009995906531091281,-0.0325502488131367
11.465199999999996,1.1465199999999995e-05,0.019374460007432925,-0.03370389341102628
11.466000000000001,1.1466e-05,-0.014941624573823531,-0.034898814175210936
11.4668,1.1466799999999998e-05,-0.008099061101043303,-0.036134026342579194
11.467599999999997,1.1467599999999997e-05,-0.022291450316339834,-0.03740836069022933
11.468399999999995,1.1468399999999995e-05,-0.052393016336605536,-0.03872046288005939
11.4692,1.14692e-05,-0.06782500296616484,-0.04006879453803156
11.469999999999999,1.1469999999999999e-05,-0.012875123889137585,-0.041451635663424996
11.470799999999997,1.1470799999999997e-05,-0.05739017947663072,-0.04286708794668907
11.471599999999995,1.1471599999999995e-05,-0.036911665126900695,-0.04431307864450507
11.4724,1.14724e-05,-0.07591208123033011,-0.04578736476284467
11.473199999999999,1.1473199999999997e-05,-0.026372627268560822,-0.047287537393464134
11.473999999999997,1.1473999999999996e-05,-0.04772967849734144,-0.048811026141571325
11.474800000000002,1.14748e-05,-0.09018579912581082,-0.050355103686677595
11.4756,1.1475599999999999e-05,-0.015305521969010583,-0.051916890627331624
11.476399999999998,1.1476399999999997e-05,-0.04495145932816802,-0.0534933608643066
11.477199999999996,1.1477199999999996e-05,-0.02301697607803177,-0.055081347872926754
11.478000000000002,1.1478000000000001e-05,-0.016311347417023447,-0.05667755227821334
11.4788,1.14788e-05,-0.07878354435117962,-0.05827855113471235
11.479599999999998,1.1479599999999998e-05,-0.007692797020180442,-0.05988080921751979
11.480399999999996,1.1480399999999996e-05,-0.05138927140574012,-0.06148069249122011
11.481200000000001,1.1481200000000001e-05,-0.06780968300330553,-0.06307448378510877
11.482,1.1482e-05,-0.05881550845131822,-0.06465840058368816
11.482799999999997,1.1482799999999996e-05,-0.06529436304034608,-0.06622861474561159
11.483599999999996,1.1483599999999995e-05,-0.03365625578231746,-0.06778127390759846
11.4844,1.14844e-05,-0.060042622762696674,-0.0693125243166562
11.485199999999999,1.1485199999999998e-05,-0.08663968750916962,-0.07081853483297654
11.485999999999997,1.1485999999999996e-05,-0.024364381064002627,-0.07229552182257933
11.486799999999995,1.1486799999999995e-05,-0.08478728928204493,-0.07373977461524914
11.4876,1.14876e-05,-0.06200623325289678,-0.07514768116066678
11.488399999999999,1.1488399999999998e-05,-0.08216340540465017,-0.07651575347912803
11.489199999999997,1.1489199999999997e-05,-0.09704803210727991,-0.07784065247338436
11.489999999999995,1.1489999999999995e-05,-0.07007250634558793,-0.07911921166431012
11.4908,1.14908e-05,-0.09587103871887437,-0.08034845945809563
11.491599999999998,1.1491599999999999e-05,-0.04900615738886516,-0.08152563964506215
11.492399999999996,1.1492399999999995e-05,-0.06881966948561324,-0.08264822994071118
11.493200000000002,1.14932e-05,-0.05158124451760715,-0.08371395846511821
11.494,1.1493999999999999e-05,-0.10551413921805708,-0.08472081808115182
11.494800000000005,1.1494800000000004e-05,-0.07286945016908808,-0.08566707847106458
11.495599999999996,1.1495599999999995e-05,-0.08391007657721439,-0.08655129576336046
11.496400000000001,1.14964e-05,-0.09042240795213574,-0.08737231948080751
11.4972,1.1497199999999999e-05,-0.11988885530231058,-0.0881292965896193
11.497999999999998,1.1497999999999997e-05,-0.08319854660416165,-0.08882167248163247
11.498799999999996,1.1498799999999996e-05,-0.11205143679864743,-0.08944918881246199
11.499600000000001,1.14996e-05,-0.04082299831304903,-0.09001187825324541
11.500399999999999,1.15004e-05,-0.08974416625344173,-0.09051005636967835
11.501199999999997,1.1501199999999996e-05,-0.10291257319779124,-0.09094431096649186
11.501999999999995,1.1501999999999994e-05,-0.09884747255135706,-0.09131548929062198
11.5028,1.15028e-05,-0.07038893116634226,-0.09162468349371175
11.503599999999999,1.1503599999999998e-05,-0.04308166062103658,-0.09187321477000907
11.504399999999997,1.1504399999999996e-05,-0.07990833629946481,-0.09206261662139763
11.505199999999995,1.1505199999999994e-05,-0.10185605899541306,-0.09219461770423974
11.506,1.1506e-05,-0.029133445957727266,-0.09227112463937655
11.506799999999998,1.1506799999999998e-05,-0.09964884178461819,-0.09229420504139735
11.507599999999996,1.1507599999999996e-05,-0.08237353533945135,-0.09226607089495441
11.508399999999995,1.1508399999999995e-05,-0.11096144581047568,-0.09218906229111319
11.5092,1.15092e-05,-0.07728445242207016,-0.0920656314432458
11.509999999999998,1.1509999999999998e-05,-0.08011279251421621,-0.09189832685798464
11.510799999999996,1.1510799999999995e-05,-0.09691166512690064,-0.09168977755418876
11.511600000000001,1.15116e-05,-0.07247226449964228,-0.0914426772695799
11.5124,1.1512399999999998e-05,-0.07753278800835217,-0.09115976863088938
11.513200000000005,1.1513200000000004e-05,-0.11814558882121401,-0.09084382727778637
11.513999999999996,1.1513999999999995e-05,-0.07672101618935379,-0.09049764593440633
11.514800000000001,1.15148e-05,-0.06317490457271269,-0.0901240184336807
11.5156,1.1515599999999999e-05,-0.07963843919888125,-0.08972572373146614
11.516400000000004,1.1516400000000004e-05,-0.09104977238492945,-0.08930550998316576
11.517199999999995,1.1517199999999995e-05,-0.0720368731786154,-0.08886607876090336
11.518,1.1518e-05,-0.11362977689089354,-0.08841006946098026
11.518799999999999,1.1518799999999999e-05,-0.07762943665139566,-0.08794004392557932
11.519600000000004,1.1519600000000004e-05,-0.06673841666936053,-0.08745847131319354
11.520399999999995,1.1520399999999994e-05,-0.10477121297635827,-0.08696771330072692
11.5212,1.1521199999999999e-05,-0.08489301633660551,-0.0864700097624069
11.521999999999998,1.1521999999999997e-05,-0.05159788865478654,-0.08596746512391107
11.522799999999997,1.1522799999999996e-05,-0.09310454630965825,-0.08546203563249577
11.523599999999995,1.1523599999999994e-05,-0.035495414563730066,-0.08495551781521944
11.5244,1.15244e-05,-0.0913189131426857,-0.08444953839841093
11.525199999999998,1.1525199999999998e-05,-0.09180385755529274,-0.08394554591636723
11.525999999999996,1.1525999999999996e-05,-0.07004735162838416,-0.08344480416261485
11.526799999999994,1.1526799999999994e-05,-0.08455559783294225,-0.08294838757547124
11.5276,1.15276e-05,-0.08449375015001226,-0.08245717863418477
11.528399999999998,1.1528399999999998e-05,-0.0721301171302915,-0.08197186736993084
11.529199999999996,1.1529199999999995e-05,-0.047305446104979,-0.08149295314138238
11.529999999999994,1.1529999999999993e-05,-0.010390443851997055,-0.08102074886011348
11.5308,1.1530799999999998e-05,-0.07412304337199027,-0.080555387839747
11.531600000000005,1.1531600000000003e-05,-0.04490625578231744,-0.08009683333833258
11.532399999999996,1.1532399999999995e-05,-0.09444987077848166,-0.0796448906574431
11.5332,1.15332e-05,-0.10446727125848837,-0.07919922141667235
11.533999999999999,1.1533999999999998e-05,-0.059129852754825074,-0.07875935943469105
11.534800000000004,1.1534800000000003e-05,-0.0778214097632628,-0.07832472757859285
11.535599999999995,1.1535599999999995e-05,-0.08141215709436167,-0.0778946549824908
11.5364,1.15364e-05,-0.06604561135063458,-0.07746839412307693
11.537199999999999,1.1537199999999999e-05,-0.10536037175767093,-0.07704513731873384
11.538000000000004,1.1538000000000004e-05,-0.10504111007694183,-0.07662403228338902
11.538799999999995,1.1538799999999994e-05,-0.08153320411178167,-0.07620419644948125
11.5396,1.1539599999999999e-05,-0.03384690471996432,-0.07578472990939064
11.540399999999998,1.1540399999999997e-05,-0.055964282670450394,-0.07536472700405412
11.541200000000003,1.1541200000000002e-05,-0.07630434952265375,-0.07494328674602213
11.541999999999994,1.1541999999999994e-05,-0.07958056403871128,-0.07451952232949867
11.5428,1.1542799999999999e-05,-0.04246885980817472,-0.07409256995189252
11.543599999999998,1.1543599999999997e-05,-0.07583132038163876,-0.07366159711790318
11.544399999999996,1.1544399999999996e-05,-0.06689766933836139,-0.07322581056810037
11.545199999999994,1.1545199999999994e-05,-0.08334323565303048,-0.07278446396341419
11.546,1.1546e-05,-0.06779852407464104,-0.07233686545115678
11.546799999999998,1.1546799999999998e-05,-0.03428229604089117,-0.0718823852492085
11.547599999999996,1.1547599999999996e-05,-0.04120353984531544,-0.0714204634181096
11.548399999999994,1.1548399999999993e-05,-0.02769771439730262,-0.07095061801005348
11.549199999999999,1.1549199999999998e-05,-0.006890103612599119,-0.07047245373153707
11.550000000000004,1.1550000000000003e-05,-0.076846980583896,-0.0699856710994172
11.550799999999995,1.1550799999999995e-05,-0.07856509234788878,-0.0694900758236394
11.5516,1.15516e-05,-0.1168740273068124,-0.06898558787948456
11.552399999999999,1.1552399999999998e-05,-0.04621186191390514,-0.06847224953870883
11.553200000000004,1.1553200000000003e-05,-0.11968496691895181,-0.06795023159419783
11.553999999999995,1.1553999999999995e-05,-0.06787985275482511,-0.0674198371369954
11.5548,1.15548e-05,-0.058130268858254674,-0.06688150245873292
11.555599999999998,1.1555599999999998e-05,-0.043988756908858395,-0.06633579488551476
11.556400000000004,1.1556400000000003e-05,-0.09468288640180433,-0.06578340755371734
11.557199999999995,1.1557199999999993e-05,-0.030839074618735807,-0.06522515128022358
11.558,1.1558e-05,-0.07177737866376893,-0.06466194375501724
11.558799999999998,1.1558799999999997e-05,-0.07496186191390514,-0.0640947963234106
11.559600000000003,1.1559600000000002e-05,-0.0588523899284793,-0.06352479865918231
11.560399999999994,1.1560399999999994e-05,-0.040061347417023496,-0.06295310167202968
11.5612,1.1561199999999999e-05,-0.0708528818959403,-0.06238089904741807
11.561999999999998,1.1561999999999997e-05,-0.042539029559794495,-0.061809407873316916
11.562800000000003,1.1562800000000002e-05,-0.019237092495140495,-0.0612398488432622
11.563599999999994,1.1563599999999994e-05,-0.06917297578352843,-0.06067342652478978
11.5644,1.1564399999999999e-05,-0.05033332503475452,-0.060111310143925255
11.565199999999997,1.1565199999999997e-05,-0.03867365626242414,-0.059554615266189055
11.565999999999995,1.1565999999999996e-05,-0.023386358681733777,-0.0590043866759065
11.566799999999994,1.1566799999999992e-05,-0.10777280152604451,-0.05846158268998613
11.567599999999999,1.1567599999999997e-05,-0.006485163705956309,-0.05792706108658687
11.568399999999997,1.1568399999999996e-05,-0.018774465939762508,-0.057401566779397124
11.569199999999995,1.1569199999999994e-05,-0.07057882376106173,-0.05688572133003581
11.57,1.157e-05,-0.054301020695217805,-0.05638001434647112
11.570799999999998,1.1570799999999998e-05,-0.07040141426922686,-0.05588479674256758
11.571600000000004,1.1571600000000003e-05,-0.007369374305156495,-0.05540027576347818
11.572399999999995,1.1572399999999994e-05,-0.09004111007694188,-0.054926511663825506
11.5732,1.15732e-05,-0.0672823719049227,-0.05446341595656463
11.573999999999998,1.1573999999999998e-05,-0.02221844370474535,-0.0540107511946024
11.574800000000003,1.1574800000000003e-05,-0.07827439007573089,-0.05356813230177242
11.575599999999994,1.1575599999999993e-05,0.02364477321144598,-0.0531350295455257
11.5764,1.15764e-05,-0.050841155135883054,-0.0527107733121154
11.577199999999998,1.1577199999999996e-05,-0.0700013917397061,-0.0522945608533154
11.578000000000003,1.1578000000000002e-05,0.0058130284278322675,-0.05188546510350367
11.578799999999994,1.1578799999999993e-05,-0.06129602745406404,-0.05148244555488402
11.5796,1.1579599999999998e-05,-0.0497031237418859,-0.05108436107806763
11.580399999999997,1.1580399999999997e-05,-0.041213942431052586,-0.050689984501314386
11.581200000000003,1.1581200000000002e-05,-0.055740913289937355,-0.050298018709823505
11.581999999999994,1.1581999999999993e-05,-0.016902586715483725,-0.049907114004137686
11.582799999999999,1.1582799999999999e-05,-0.01685322213533813,-0.04951588646392654
11.583599999999997,1.1583599999999997e-05,-0.062148841784618214,-0.04912293706781261
11.584400000000002,1.1584400000000002e-05,-0.07424333404658268,-0.04872687128577066
11.585199999999993,1.1585199999999992e-05,-0.05012187092573339,-0.048326318799097434
11.585999999999999,1.1585999999999997e-05,-0.0494269850898601,-0.047919952976933
11.586799999999997,1.1586799999999996e-05,-0.03248550394535421,-0.04750650979847213
11.587599999999995,1.1587599999999994e-05,-0.005418814749233558,-0.04708480603304186
11.5884,1.1588399999999999e-05,-0.029547275764352565,-0.046653756598840065
11.589199999999998,1.1589199999999997e-05,-0.025268640491749705,-0.04621239104986653
11.590000000000003,1.1590000000000003e-05,-0.03458907461873573,-0.04575986907407651
11.590799999999994,1.1590799999999994e-05,-0.05791200536639862,-0.045295494758579406
11.5916,1.15916e-05,-0.050281123594634214,-0.04481872924994552
11.592399999999998,1.1592399999999998e-05,-0.03408181234899976,-0.0443292013620313
11.593200000000003,1.1593200000000003e-05,-0.019458192847071287,-0.043826715681093385
11.593999999999994,1.1593999999999994e-05,-0.08878902955979445,-0.04331125776835064
11.5948,1.15948e-05,-0.03510522678855399,-0.04278299612333254
11.595599999999997,1.1595599999999996e-05,-0.0539490385716227,-0.042242280634777134
11.596400000000003,1.1596400000000003e-05,-0.044536116835788064,-0.0416896373360189
11.597199999999994,1.1597199999999993e-05,-0.060792358387230405,-0.04112575941518472
11.597999999999999,1.1597999999999998e-05,-0.07391007657721438,-0.04055149458846924
11.598799999999997,1.1598799999999996e-05,0.0037143751316730533,-0.03996782911075567
11.599600000000002,1.1599600000000002e-05,-0.021247987048238715,-0.03937586887332543
11.600399999999993,1.1600399999999993e-05,-0.041232667085379204,-0.03877681820229119
11.601199999999999,1.1601199999999998e-05,-0.014440792366964494,-0.03817195707021109
11.601999999999997,1.1601999999999997e-05,-0.02465716385320793,-0.037562617440830545
11.602800000000002,1.1602800000000002e-05,-0.03516764230297664,-0.036950159417065365
11.603599999999993,1.1603599999999992e-05,0.003349909905093318,-0.03633594780171325
11.604399999999998,1.1604399999999999e-05,0.007328008151293641,-0.035721329620922754
11.605199999999996,1.1605199999999995e-05,-0.057376940030818835,-0.03510761308523098
11.606000000000002,1.1606e-05,-0.03325547690996933,-0.034496048354235094
11.6068,1.1606799999999999e-05,-0.0317106136036166,-0.03388781034434589
11.607599999999998,1.1607599999999997e-05,-0.002874367546310319,-0.0332839837292814
11.608400000000003,1.1608400000000002e-05,-0.018483007324777256,-0.032685550263845606
11.609200000000001,1.16092e-05,-0.008966439051629416,-0.03209337857653592
11.61,1.1609999999999999e-05,-0.03714524858171597,-0.031508216561589704
11.610799999999998,1.1610799999999997e-05,-0.02339184389034865,-0.030930686437098745
11.611600000000003,1.1611600000000002e-05,0.003969708612224676,-0.0303612824558165
11.612399999999994,1.1612399999999994e-05,-0.013013382875129542,-0.029800371194467004
11.613199999999999,1.16132e-05,-0.05157424662333743,-0.029248194302974408
11.613999999999997,1.1613999999999996e-05,-0.003146345164041442,-0.02870487354301756
11.614800000000002,1.1614800000000003e-05,-0.02485046113939504,-0.028170417887904767
11.615599999999993,1.1615599999999993e-05,0.000728862887673376,-0.027644732420589548
11.616399999999999,1.1616399999999998e-05,-0.012137682856053766,-0.02712762875620707
11.617199999999997,1.1617199999999996e-05,-0.030406331646348983,-0.026618836696657173
11.618000000000002,1.1618000000000001e-05,-0.05306066693812761,-0.026118016776961225
11.618799999999993,1.1618799999999993e-05,-0.04635503827711929,-0.025624773313159595
11.619599999999998,1.1619599999999998e-05,-0.013160908784073277,-0.025138667566007192
11.620399999999997,1.1620399999999996e-05,-0.002097396687325337,-0.024659230728218087
11.621200000000002,1.1621200000000001e-05,0.011060039839894453,-0.024185976593821185
11.621999999999993,1.1621999999999993e-05,-0.022183642744731835,-0.023718413891628553
11.622799999999998,1.1622799999999998e-05,-0.018233159052840398,-0.023256058293368773
11.623599999999996,1.1623599999999995e-05,-0.02016839864580411,-0.022798444047216967
11.624400000000001,1.16244e-05,-0.019614608655997512,-0.02234513510444166
11.6252,1.1625199999999998e-05,-0.03041957109206095,-0.021895735560604937
11.625999999999998,1.1625999999999997e-05,0.009783560948370518,-0.02144989923781649
11.626800000000003,1.1626800000000002e-05,-0.0074813429110592855,-0.02100733827053118
11.627600000000001,1.16276e-05,-0.005839642450228388,-0.020567830591355783
11.6284,1.1628399999999999e-05,-0.036466439051629496,-0.02013122621506048
11.629199999999997,1.1629199999999997e-05,0.016501672712263438,-0.019697452183482723
11.630000000000003,1.1630000000000002e-05,-0.03197067594995584,-0.01926651598956811
11.6308,1.16308e-05,-0.018384845995979004,-0.018838507274595902
11.631599999999999,1.1631599999999999e-05,0.0033618251765852314,-0.018413597591206893
11.632399999999997,1.1632399999999997e-05,-0.012312255487814006,-0.017992038036694552
11.633200000000002,1.1633200000000002e-05,-0.034203615709347046,-0.017574154579705445
11.633999999999993,1.1633999999999992e-05,-0.020640103612599048,-0.01716034092292985
11.634799999999998,1.1634799999999997e-05,0.00024826802089594757,-0.01675104876965145
11.635599999999997,1.1635599999999996e-05,-0.022752564185963053,-0.016346775411792046
11.636400000000002,1.1636400000000001e-05,-0.029564676244459243,-0.015948048633211077
11.637199999999993,1.1637199999999993e-05,-0.009790693973512399,-0.015555409003556432
11.637999999999998,1.1637999999999998e-05,-0.03720652843335337,-0.015169389717462229
11.638799999999996,1.1638799999999996e-05,-0.0032242691527579748,-0.01479049422719872
11.639600000000002,1.1639600000000001e-05,-0.02338484599597901,-0.014419172032861423
11.640399999999993,1.1640399999999993e-05,-0.005840398793055868,-0.014055793120808941
11.641199999999998,1.1641199999999998e-05,-0.0038105910740959814,-0.013700621659099022
11.641999999999996,1.1641999999999995e-05,0.008999592195115924,-0.013353789652988016
11.642800000000001,1.1642800000000001e-05,-0.008471092053385365,-0.013015271323066598
11.6436,1.1643599999999998e-05,0.04057793228736217,-0.012684858984364444
11.644399999999997,1.1644399999999996e-05,-0.018365364998824685,-0.012362141171626179
11.645200000000003,1.1645200000000002e-05,0.020253185398018236,-0.01204648367501307
11.646,1.1646e-05,0.01621721199164783,-0.011737014031688975
11.646799999999999,1.1646799999999998e-05,-0.0012529044254608879,-0.011432609880838277
11.647599999999997,1.1647599999999997e-05,-0.01811854209829744,-0.011131891449682314
11.648400000000002,1.1648400000000002e-05,-0.032871530686235384,-0.010833218309114438
11.6492,1.16492e-05,0.04212355193654238,-0.010534690445183908
11.649999999999999,1.1649999999999999e-05,-0.014776698184873038,-0.010234153663941929
11.650799999999997,1.1650799999999997e-05,-0.013932962265836069,-0.009929209366890075
11.651600000000002,1.1651600000000002e-05,-0.0007728773900761432,-0.009617228750586133
11.6524,1.1652399999999999e-05,0.025664934687495866,-0.009295371473761496
11.653199999999998,1.1653199999999997e-05,0.012689068686406069,-0.008960608817956187
11.653999999999996,1.1653999999999995e-05,-0.007461861913905077,-0.00860975134606368
11.654800000000002,1.16548e-05,0.022575019563355836,-0.008239481008782565
11.655599999999993,1.1655599999999992e-05,0.03744281361727153,-0.00784638755251624
11.656399999999998,1.1656399999999997e-05,-0.003981759014488717,-0.0074270089634314845
11.657199999999996,1.1657199999999996e-05,0.0375812611147982,-0.006977875547601639
11.658000000000001,1.1658000000000001e-05,0.01773162388371663,-0.006495557085242638
11.658799999999992,1.1658799999999992e-05,0.006418263514931799,-0.005976712310840276
11.659599999999998,1.1659599999999998e-05,-0.031168738885201885,-0.005418139780240012
11.660399999999996,1.1660399999999996e-05,-0.02146435853448203,-0.004816829018852673
11.661200000000001,1.1661200000000001e-05,-0.01521019750018715,-0.004170010747207065
11.661999999999999,1.1661999999999998e-05,-0.009620282375947031,-0.0034752049954526725
11.662799999999997,1.1662799999999996e-05,-0.007212202153302982,-0.00273026604479809
11.663600000000002,1.1663600000000001e-05,-0.016684134712092846,-0.001933423317797201
11.6644,1.16644e-05,0.017629301520623475,-0.0010833175243573547
11.665199999999999,1.1665199999999998e-05,-0.002486828119674267,-0.00017903153137485087
11.665999999999997,1.1665999999999996e-05,0.008300545324947839,0.000779884444385745
11.666800000000002,1.1666800000000002e-05,-0.061855870483978226,0.0017933936210053495
11.6676,1.16676e-05,0.05798393199285867,0.002860959633926314
11.668399999999998,1.1668399999999998e-05,0.006848925970271202,0.0039815398401062945
11.669199999999996,1.1669199999999997e-05,0.006987184956263048,0.005153584944231748
11.670000000000002,1.1670000000000002e-05,0.019276487190069247,0.006375044840205673
11.6708,1.16708e-05,-0.015591306863946386,0.007643380513284115
11.671599999999998,1.1671599999999997e-05,0.02083326576791389,0.008955581840496062
11.672399999999996,1.1672399999999995e-05,-0.006631933271972534,0.010308191105262796
11.673200000000001,1.16732e-05,0.025388039692642694,0.011697331978622369
11.674,1.1673999999999999e-05,0.038252693430587015,0.013118743625024236
11.674799999999998,1.1674799999999997e-05,0.004272326155774553,0.014567819495860767
11.675599999999996,1.1675599999999995e-05,-0.004317664832397261,0.01603965030847518
11.676400000000001,1.16764e-05,0.00755213387473419,0.017529070674167813
11.6772,1.1677199999999999e-05,0.02993108685731427,0.019030708797061244
11.677999999999997,1.1677999999999997e-05,0.022641784623507966,0.020539038575580357
11.678799999999995,1.1678799999999996e-05,0.07600783839974412,0.02204843331070019
11.6796,1.16796e-05,0.05581094791071495,0.023553220121197444
11.680399999999999,1.1680399999999997e-05,0.025205901335050185,0.025047734147823165
11.681199999999997,1.1681199999999996e-05,0.0023295208370486264,0.026526371714557774
11.682000000000002,1.1682000000000001e-05,0.07269247337787355,0.02798364176086197
11.6828,1.16828e-05,0.053770169774625454,0.029414214981173827
11.683599999999998,1.1683599999999998e-05,0.036635202832567826,0.03081297016724481
11.684399999999997,1.1684399999999996e-05,0.05304105081010135,0.03217503728787957
11.685200000000002,1.1685200000000001e-05,0.07535399507538654,0.03349583691486077
11.686,1.1686e-05,0.03936897479881796,0.03477111571573975
11.686799999999998,1.1686799999999998e-05,0.009248684124325335,0.03599697786014083
11.687599999999996,1.1687599999999996e-05,0.05420196789272014,0.03716991230842161
11.688400000000001,1.1688400000000001e-05,0.014075435666785263,0.03828681603753971
11.6892,1.16892e-05,0.06154971311811874,0.039345013269480054
11.689999999999998,1.1689999999999996e-05,0.08978072408836568,0.04034227070627252
11.690799999999996,1.1690799999999995e-05,0.035856151456535534,0.04127680869922483
11.691600000000001,1.16916e-05,0.06285948028397148,0.04214730825508177
11.6924,1.1692399999999998e-05,-0.0016347701320473806,0.04295291383306803
11.693199999999997,1.1693199999999997e-05,0.07909832135537687,0.043693231971622865
11.693999999999996,1.1693999999999995e-05,0.08048676885283357,0.04436832582961433
11.6948,1.16948e-05,0.10006310429186394,0.044978705714337604
11.695599999999999,1.1695599999999999e-05,0.0312346124716546,0.045525315663724475
11.696399999999997,1.1696399999999997e-05,0.035559207633005574,0.04600951623166282
11.697199999999995,1.1697199999999995e-05,0.06352448253692355,0.04643306378363796
11.698,1.1698e-05,0.05315169524178398,0.0467980867506807
11.698799999999999,1.1698799999999999e-05,0.07254437963753713,0.04710705934370582
11.699599999999997,1.1699599999999996e-05,0.019337767041606613,0.047362773221235555
11.700400000000002,1.17004e-05,0.03711522986795257,0.04756830758931684
11.7012,1.1701199999999999e-05,0.041243690883141615,0.04772699820083916
11.701999999999998,1.1701999999999997e-05,0.05949777605343487,0.04784240567220111
11.702799999999996,1.1702799999999996e-05,0.051390460449187936,0.04791828342821507
11.703600000000002,1.1703600000000001e-05,0.05937805321030509,0.047958545455544774
11.7044,1.17044e-05,0.022312120357041776,0.04796723394148992
11.705199999999998,1.1705199999999998e-05,0.06915884486408697,0.04794848681265128
11.705999999999996,1.1705999999999996e-05,0.07641542665495704,0.04790650514201262
11.706800000000001,1.1706800000000001e-05,0.07292908220412853,0.04784552034497443
11.7076,1.17076e-05,0.05286931503828585,0.047769761057806524
11.708399999999997,1.1708399999999996e-05,0.08863304645145875,0.04768341962437785
11.709199999999996,1.1709199999999995e-05,0.048856983663394526,0.04759061821187628
11.71,1.171e-05,0.04360448704281761,0.04749537469963623
11.710799999999999,1.1710799999999998e-05,0.07633542214906286,0.0474015686024116
11.711599999999997,1.1711599999999996e-05,0.09048809302712357,0.04731290738032083
11.712399999999995,1.1712399999999995e-05,0.030422840652656102,0.0472328935531019
11.7132,1.17132e-05,-0.00378203166552471,0.04716479310064074
11.713999999999999,1.1713999999999998e-05,0.10861072859425991,0.04711160570029067
11.714799999999997,1.1714799999999997e-05,0.012167431308072851,0.04707603737786684
11.715599999999995,1.1715599999999995e-05,0.04531919411531293,0.04706047609695078
11.7164,1.17164e-05,0.039871887522824334,0.04706697071171522
11.717199999999998,1.1717199999999999e-05,0.04414711810405969,0.04709721360557714
11.717999999999996,1.1717999999999995e-05,0.05858576238849089,0.047152527230280225
11.718800000000002,1.17188e-05,0.06997477771738003,0.047233854639942736
11.7196,1.1719599999999999e-05,0.06578522536208842,0.047341754008401814
11.720400000000005,1.1720400000000004e-05,0.03715003082806623,0.0474763970619746
11.721199999999996,1.1721199999999995e-05,0.039387131621752114,0.047637571362103504
11.722000000000001,1.1722e-05,0.05174376674713321,0.04782468640078978
11.7228,1.1722799999999999e-05,0.0533067868764201,0.04803678347403756
11.723599999999998,1.1723599999999997e-05,0.08702614695064148,0.048272549251003286
11.724399999999996,1.1724399999999996e-05,0.05105304194555471,0.04853033288900159
11.725200000000001,1.17252e-05,0.05112472438286919,0.048808166509740944
11.725999999999999,1.1726e-05,0.015792223256358096,0.04910378887139207
11.726799999999997,1.1726799999999996e-05,0.04227448253695354,0.04941467210764987
11.727599999999995,1.1727599999999994e-05,0.07942193258183561,0.049738051392891384
11.7284,1.17284e-05,0.07365536430864783,0.05007095730271931
11.729199999999999,1.1729199999999998e-05,0.036873892176010226,0.050410250517743546
11.729999999999997,1.1729999999999996e-05,0.03800492567576774,0.05075265844157049
11.730799999999995,1.1730799999999994e-05,0.0650095786774535,0.05109481329025008
11.7316,1.17316e-05,0.06257085852903088,0.05143329120600942
11.732399999999998,1.1732399999999998e-05,0.0509597979939187,0.051764651906980305
11.733199999999997,1.1733199999999996e-05,0.07392374872354668,0.05208547832377963
11.733999999999995,1.1733999999999995e-05,0.03734276028279049,0.05239241563281993
11.7348,1.17348e-05,0.11689753420748916,0.05268220908474481
11.735599999999998,1.1735599999999998e-05,0.10259450056051,0.05295174003728667
11.736399999999996,1.1736399999999995e-05,0.07506518480901125,0.05319805965340658
11.737200000000001,1.17372e-05,0.0191463617612323,0.053418419857368886
11.738,1.1737999999999998e-05,0.05865252744864291,0.05361030134978454
11.738800000000005,1.1738800000000004e-05,0.07606968608273401,0.053771438682081965
11.739599999999996,1.1739599999999995e-05,0.08785323873252926,0.05389984248781733
11.740400000000001,1.17404e-05,0.013794568148971842,0.05399381896697668
11.7412,1.1741199999999999e-05,0.049202724235617445,0.05405198670020428
11.742000000000004,1.1742000000000004e-05,0.05577198591634647,0.05407329086826485
11.742799999999995,1.1742799999999995e-05,0.05911156080111879,0.05405701492381682
11.7436,1.17436e-05,0.0424358157230017,0.05400278967284847
11.744399999999999,1.1744399999999999e-05,0.08826574436490431,0.05391059960311811
11.745200000000004,1.1745200000000004e-05,0.059895529554343296,0.053780786197260184
11.745999999999995,1.1745999999999994e-05,0.08862945324858662,0.05361404791295175
11.7468,1.1746799999999999e-05,0.0807156234419314,0.05341143651129987
11.747599999999998,1.1747599999999997e-05,0.07226899732833858,0.05317434947507772
11.748399999999997,1.1748399999999996e-05,0.0764133461378097,0.05290451837604299
11.749199999999995,1.1749199999999994e-05,0.05585407093938799,0.052603993204293875
11.75,1.175e-05,0.021064768705581827,0.052275122830339124
11.750799999999998,1.1750799999999998e-05,0.07956019156785754,0.051920531893536924
11.751599999999996,1.1751599999999996e-05,0.037255757882626694,0.05154309446386597
11.752399999999994,1.1752399999999994e-05,0.05996305095735299,0.05114590480025847
11.7532,1.17532e-05,0.09898294805796659,0.050732245461177786
11.753999999999998,1.1753999999999998e-05,0.0310140799512163,0.05030555296281049
11.754799999999996,1.1754799999999995e-05,0.08127414229748553,0.04986938116317502
11.755599999999994,1.1755599999999993e-05,0.08271063020077773,0.049427362584186736
11.7564,1.1756399999999998e-05,0.08053405291580162,0.04898316795389317
11.757200000000005,1.1757200000000003e-05,0.06137854517772601,0.04854046434791168
11.757999999999996,1.1757999999999995e-05,0.036217211991647846,0.04810287243952261
11.7588,1.17588e-05,0.035349077698234366,0.047673923520549784
11.759599999999999,1.1759599999999998e-05,0.034794719876935165,0.047257017075461996
11.760400000000004,1.1760400000000003e-05,0.06289844227834973,0.04685537972049704
11.761199999999995,1.1761199999999995e-05,0.05487321169714443,0.04647202625106512
11.762,1.1762e-05,0.048921668206399316,0.0461097234250845
11.762799999999999,1.1762799999999999e-05,0.04426192357003722,0.045770957011032634
11.763600000000004,1.1763600000000004e-05,0.01402115370951762,0.045457902572219995
11.764399999999995,1.1764399999999994e-05,0.06976332360831905,0.045172400416731553
11.7652,1.1765199999999999e-05,0.04219807123389163,0.04491593507427235
11.765999999999998,1.1765999999999997e-05,0.05304105081010135,0.044689619557976526
11.766800000000003,1.1766800000000002e-05,0.04050076464144281,0.04449418456294101
11.767599999999995,1.1767599999999994e-05,0.057559699600426395,0.04432997267603766
11.7684,1.1768399999999999e-05,0.03353431729122791,0.04419693762214464
11.769199999999998,1.1769199999999997e-05,0.05588679138232433,0.04409464852980079
11.769999999999996,1.1769999999999996e-05,0.05890426772636248,0.04402229915290454
11.770799999999994,1.1770799999999994e-05,0.008210894576173966,0.04397872193596461
11.7716,1.17716e-05,0.026432827134963754,0.04396240676003971
11.772399999999998,1.1772399999999998e-05,0.06007710008047318,0.04397152413970786
11.773199999999996,1.1773199999999996e-05,0.04012305996915111,0.04400395253138773
11.773999999999994,1.1773999999999993e-05,0.056613641318266184,0.04405730926201733
11.774799999999999,1.1774799999999998e-05,0.07661855869541845,0.044128984442140765
11.775600000000004,1.1775600000000003e-05,0.037018581224908975,0.044216177138477204
11.776399999999995,1.1776399999999995e-05,0.06972436161395057,0.044315933060277625
11.7772,1.17772e-05,0.04848344002539773,0.04442518304329491
11.777999999999999,1.1777999999999998e-05,0.0526202231091365,0.04454078166674644
11.778800000000004,1.1778800000000003e-05,0.08869281361730152,0.04465954538952868
11.779599999999995,1.1779599999999995e-05,0.060350401872524384,0.044778289639734646
11.7804,1.17804e-05,0.052687744512155965,0.04489386435461759
11.781199999999998,1.1781199999999998e-05,0.04240177110581567,0.045003187563619935
11.782000000000004,1.1782000000000003e-05,0.04602656305410091,0.045103276720821456
11.782799999999995,1.1782799999999993e-05,0.08264726983205273,0.04519127758189364
11.7836,1.17836e-05,0.05102731939692828,0.04526449045866896
11.784399999999998,1.1784399999999997e-05,0.057958965787059724,0.045320393696273935
11.785200000000003,1.1785200000000002e-05,0.06787896128115567,0.04535666424783588
11.785999999999994,1.1785999999999994e-05,0.020155024069219984,0.04537119528303795
11.7868,1.1786799999999999e-05,0.08434873745880633,0.045362110834883416
11.787599999999998,1.1787599999999997e-05,0.05741084951723263,0.04532777753631128
11.788400000000003,1.1788400000000002e-05,0.037745431160821186,0.04526681352186753
11.789199999999994,1.1789199999999994e-05,0.03146138654363517,0.04517809458806996
11.79,1.1789999999999999e-05,0.09029763260097134,0.045060757727284344
11.790799999999997,1.1790799999999997e-05,0.03287347607261071,0.04491420215603543
11.791599999999995,1.1791599999999996e-05,0.0417256099242691,0.04473808794201531
11.792399999999994,1.1792399999999992e-05,0.03128189653465263,0.04453233231505515
11.793199999999999,1.1793199999999997e-05,0.08160948028397152,0.04429710373180585
11.793999999999997,1.1793999999999996e-05,0.0558610688336878,0.04403281373060267
11.794799999999995,1.1794799999999994e-05,0.055055538566131546,0.04374010656620983
11.7956,1.17956e-05,0.0694315788247053,0.043419846596861315
11.796399999999998,1.1796399999999998e-05,0.031507914263705694,0.043073103433949635
11.797200000000004,1.1797200000000003e-05,0.0639946748179937,0.04270113493636507
11.797999999999995,1.1797999999999994e-05,0.05107309077417155,0.04230536819932645
11.7988,1.17988e-05,0.06764386514062548,0.04188737873305014
11.799599999999998,1.1799599999999998e-05,0.053910509277834806,0.04144886805820845
11.800400000000003,1.1800400000000003e-05,0.0551620219635196,0.040991639985910974
11.801199999999994,1.1801199999999993e-05,0.04207418735649682,0.04051757591353818
11.802,1.1802e-05,0.042662021963519536,0.040028609543403405
11.802799999999998,1.1802799999999997e-05,0.01331794580505452,0.03952670149206191
11.803600000000003,1.1803600000000002e-05,0.017115229867952553,0.03901381427618607
11.804399999999994,1.1804399999999993e-05,0.031617802352561175,0.03849188811299883
11.8052,1.1805199999999998e-05,0.05554729236154343,0.03796281784842508
11.805999999999997,1.1805999999999997e-05,0.06342083599954029,0.03742843114632491
11.806800000000003,1.1806800000000002e-05,0.0409257533766626,0.0368904678994256
11.807599999999994,1.1807599999999993e-05,0.05938921213889958,0.03635056072291123
11.808399999999999,1.1808399999999999e-05,0.07685989638740098,0.03581021638560463
11.809199999999997,1.1809199999999997e-05,0.05915752068979685,0.03527079809643612
11.810000000000002,1.1810000000000002e-05,0.07467915806812997,0.03473350867178327
11.810799999999993,1.1810799999999992e-05,0.06456302842786232,0.034199374762320094
11.811599999999999,1.1811599999999999e-05,0.01912404390400335,0.033669232515169276
11.812399999999997,1.1812399999999996e-05,-0.02638643454576528,0.03314371525909727
11.813199999999995,1.1813199999999994e-05,0.002941565306982974,0.03262324396174161
11.814,1.1813999999999999e-05,0.0074017711058156355,0.03210802123148472
11.814799999999998,1.1814799999999997e-05,0.03728772198266539,0.03159802947171545
11.815600000000003,1.1815600000000003e-05,0.0644245809304057,0.031093033488308445
11.816399999999994,1.1816399999999994e-05,0.0035369656398379634,0.03059258752667954
11.8172,1.18172e-05,0.012715547577929809,0.030096046480942714
11.817999999999998,1.1817999999999998e-05,0.026359064180542013,0.029602580889520905
11.818800000000003,1.1818800000000003e-05,0.05018623182643123,0.029111195241428873
11.819599999999994,1.1819599999999994e-05,0.052801037292408926,0.028620749004100034
11.8204,1.18204e-05,0.05166584275838648,0.028129979663726587
11.821199999999997,1.1821199999999996e-05,0.043284469019261196,0.027637527007576792
11.822000000000003,1.1822000000000003e-05,0.03188353841884983,0.027141957907377598
11.822799999999994,1.1822799999999993e-05,0.051602482389701776,0.0266417909562049
11.823599999999999,1.1823599999999998e-05,0.07851748464261377,0.026135520419366995
11.824399999999997,1.1824399999999996e-05,0.049684075445282194,0.025621639062700468
11.825200000000002,1.1825200000000002e-05,0.05287196338685596,0.025098659544020054
11.825999999999993,1.1825999999999993e-05,-0.0010393697991922801,0.024565134225264275
11.826799999999999,1.1826799999999998e-05,0.04307509542728738,0.02401967346575848
11.827599999999997,1.1827599999999997e-05,-0.031606967066203584,0.023460962622763898
11.828400000000002,1.1828400000000002e-05,0.04703030798496621,0.022887778050346107
11.829199999999993,1.1829199999999992e-05,0.03304729236154347,0.022299002337283505
11.829999999999998,1.1829999999999999e-05,0.015033220708972728,0.021693638897914876
11.830799999999996,1.1830799999999995e-05,0.03795896578708968,0.021070825893973702
11.831600000000002,1.18316e-05,0.008226026027698619,0.020429849372872066
11.8324,1.1832399999999999e-05,0.04258258528901815,0.019770155461327654
11.833199999999998,1.1833199999999997e-05,0.02146895226939738,0.01909136142437069
11.834000000000003,1.1834000000000002e-05,0.01643831234357873,0.018393265372628517
11.834800000000001,1.18348e-05,0.04515559190061258,0.01767585437950711
11.8356,1.1835599999999999e-05,-0.027248327287736518,0.016939310757382045
11.836399999999998,1.1836399999999997e-05,0.07813561893602738,0.016184016229646766
11.837200000000003,1.1837200000000002e-05,0.003675413137264605,0.015410553713592913
11.837999999999994,1.1837999999999994e-05,0.05259374421768259,0.014619706404246553
11.838799999999999,1.18388e-05,0.06973476419968772,0.013812453850345232
11.839599999999997,1.1839599999999996e-05,0.022453216203008552,0.012989964773543746
11.840400000000002,1.1840400000000003e-05,0.07963943973089427,0.012153586517093657
11.841199999999994,1.1841199999999993e-05,-0.012543946936916628,0.011304831215830568
11.841999999999999,1.1841999999999998e-05,0.040794303773535545,0.01044535902648384
11.842799999999997,1.1842799999999996e-05,-0.02081675676160666,0.009576958993864546
11.843600000000002,1.1843600000000001e-05,-0.008279875284345706,0.008701528297057077
11.844399999999993,1.1844399999999993e-05,-0.002805521969010516,0.007821050681573832
11.845199999999998,1.1845199999999998e-05,-0.0088225063455879,0.0069375748299053686
11.845999999999997,1.1845999999999996e-05,0.04151964102376282,0.006053193277256836
11.846800000000002,1.1846800000000001e-05,0.002801037292408881,0.0051700222939989595
11.847599999999993,1.1847599999999993e-05,0.015077100080503225,0.004290182997057106
11.848399999999998,1.1848399999999998e-05,-0.008633937925188406,0.003415783862295199
11.849199999999996,1.1849199999999995e-05,-0.021643092200636982,0.0025489047793643164
11.850000000000001,1.185e-05,0.02351332360828906,0.0016915827668593708
11.8508,1.1850799999999998e-05,0.014124800246830715,0.000845799401874116
11.851599999999998,1.1851599999999997e-05,-0.02115417526517005,1.346991597970127e-05
11.852400000000003,1.1852400000000002e-05,0.011274898640383002,-0.0008035661892207393
11.853200000000001,1.18532e-05,0.023303950016415276,-0.0016035532220970905
11.854,1.1853999999999999e-05,0.029403019416104015,-0.002384826337828992
11.854799999999997,1.1854799999999997e-05,-0.013494166253441686,-0.0031458178198684027
11.855600000000003,1.1855600000000002e-05,0.013436155962399776,-0.003885062877844944
11.8564,1.18564e-05,0.01967499703383513,-0.004601205171855815
11.857199999999999,1.1857199999999999e-05,0.016365305731984137,-0.0052930021991176805
11.857999999999997,1.1857999999999997e-05,0.00783375773537498,-0.005959330614655865
11.858800000000002,1.1858800000000002e-05,0.0017583303671351302,-0.006599191487535462
11.859599999999993,1.1859599999999992e-05,0.01936821845599057,-0.007211715403820435
11.860399999999998,1.1860399999999997e-05,-0.026641011683489535,-0.007796167231204726
11.861199999999997,1.1861199999999996e-05,-0.015039785902621783,-0.008351950281909435
11.862000000000002,1.1862000000000001e-05,-0.010832833067293324,-0.00887860956866086
11.862799999999993,1.1862799999999993e-05,-0.02873966497964897,-0.00937583386177121
11.863599999999998,1.1863599999999998e-05,-0.0061798978138664085,-0.009843456332382837
11.864399999999996,1.1864399999999996e-05,0.005458209444162421,-0.010281453691850285
11.865200000000002,1.1865200000000001e-05,0.010732267579140808,-0.010689943875371458
11.865999999999993,1.1865999999999993e-05,0.008891028280580637,-0.01106918242908158
11.866799999999998,1.1866799999999998e-05,-0.014024882043192077,-0.011419557809386117
11.867599999999996,1.1867599999999995e-05,0.008141860487439478,-0.011741585783940366
11.868400000000001,1.1868400000000001e-05,0.00032467932385793485,-0.012035903064688314
11.8692,1.1869199999999998e-05,-0.007017392181461246,-0.012303260243538136
11.869999999999997,1.1869999999999996e-05,-0.00920229153502694,-0.01254451405622424
11.870800000000003,1.1870800000000002e-05,-0.04136279251421626,-0.012760618967724333
11.8716,1.18716e-05,0.015339242943889886,-0.012952618061414765
11.872399999999999,1.1872399999999998e-05,0.012622303626253939,-0.013121633241576018
11.873199999999997,1.1873199999999997e-05,-0.0546919648133215,-0.013268854819180371
11.874000000000002,1.1874000000000002e-05,-0.015035624868326991,-0.013395530609786483
11.8748,1.18748e-05,0.005940316996694506,-0.013502954716355084
11.875599999999999,1.1875599999999999e-05,0.005255833746558247,-0.013592456228372159
11.876399999999997,1.1876399999999997e-05,0.014569269979274657,-0.013665388153027614
11.877200000000002,1.1877200000000002e-05,0.024736844716865214,-0.013723116954666336
11.878,1.1877999999999999e-05,-0.018014895560884425,-0.01376701305834366
11.878799999999998,1.1878799999999997e-05,0.019622795593714826,-0.013798442568578168
11.879599999999996,1.1879599999999995e-05,-0.02774008108307846,-0.013818760307973795
11.880400000000002,1.18804e-05,0.01563561893599741,-0.013829304142933369
11.881199999999993,1.1881199999999992e-05,-0.033957360640212375,-0.013831390466258827
11.881999999999998,1.1881999999999997e-05,-0.006115969613689098,-0.01382631065451435
11.882799999999996,1.1882799999999996e-05,-0.002306770279299042,-0.01381532830569028
11.883600000000001,1.1883600000000001e-05,-0.017990497186507914,-0.013799677083608375
11.884399999999992,1.1884399999999992e-05,0.020685739858970265,-0.013780559036636582
11.885199999999998,1.1885199999999998e-05,-0.008833665274152414,-0.013759143295810738
11.885999999999996,1.1885999999999996e-05,0.0364606302008077,-0.013736565066753751
11.886800000000001,1.1886800000000001e-05,-0.05058298479535661,-0.013713924795520476
11.887599999999999,1.1887599999999998e-05,-0.04647608529453917,-0.013692287315454368
11.888399999999997,1.1888399999999996e-05,-0.009346980583895936,-0.013672680713699679
11.889200000000002,1.1889200000000001e-05,0.008848661594804796,-0.013656094662394393
11.89,1.189e-05,0.0036322901085614756,-0.013643478067798084
11.890799999999999,1.1890799999999998e-05,-0.003252072218601909,-0.013635736036110744
11.891599999999997,1.1891599999999996e-05,-0.028373875578849295,-0.013633726242990082
11.892400000000002,1.1892400000000002e-05,-0.022626788302855583,-0.013638254801228739
11.8932,1.18932e-05,-0.010905839678887919,-0.01365007170553411
11.893999999999998,1.1893999999999998e-05,-0.03798425563506569,-0.013669865961096091
11.894799999999996,1.1894799999999997e-05,0.057937404272717985,-0.01369826059003898
11.895600000000002,1.1895600000000002e-05,-0.015258237906012662,-0.013735807820852406
11.8964,1.18964e-05,0.0061336142828815055,-0.013782984839290632
11.897199999999998,1.1897199999999997e-05,0.02160739976682391,-0.01384019046798866
11.897999999999996,1.1897999999999995e-05,-0.004688560121854035,-0.01390774304904666
11.898800000000001,1.18988e-05,0.011816017015870317,-0.013985879671392396
11.8996,1.1899599999999999e-05,-0.02763511037144528,-0.014074756747850137
11.900399999999998,1.1900399999999997e-05,0.00028439315522954534,-0.01417445182175507
11.901199999999996,1.1901199999999995e-05,-0.031218859808174737,-0.014284966389611221
11.902000000000001,1.1902e-05,-0.02018107026012317,-0.014406229487428656
11.9028,1.1902799999999999e-05,-0.015436215229240324,-0.014538101811468602
11.903599999999997,1.1903599999999997e-05,0.027226442131128015,-0.01468038021800484
11.904399999999995,1.1904399999999996e-05,0.006352066286272273,-0.01483280254119512
11.9052,1.19052e-05,-0.0020327121443206586,-0.01499505273214691
11.905999999999999,1.1905999999999997e-05,-0.004301777038145271,-0.01516676630974811
11.906799999999997,1.1906799999999996e-05,-0.008614456927934167,-0.015347536027621494
11.907600000000002,1.1907600000000001e-05,-0.07249590653109128,-0.015536917555555722
11.9084,1.19084e-05,0.02178613343297897,-0.015734434910908993
11.909199999999998,1.1909199999999998e-05,0.014304290255813257,-0.015939585392576207
11.909999999999997,1.1909999999999996e-05,-0.039484671738495236,-0.01615184385528084
11.910800000000002,1.1910800000000001e-05,-0.012101557721620249,-0.016370666252896248
11.9116,1.19116e-05,-0.0037425018397239107,-0.016595492424026286
11.912399999999998,1.1912399999999998e-05,-0.01317074353841785,-0.01682574810753163
11.913199999999996,1.1913199999999996e-05,-0.010363964960573124,-0.01706084620191624
11.914000000000001,1.1914000000000001e-05,-0.00525199635457041,-0.01730018732108399
11.9148,1.19148e-05,-0.01130718638272854,-0.017543159726563666
11.915599999999998,1.1915599999999997e-05,-0.01895395594874494,-0.017789138727169522
11.916399999999996,1.1916399999999995e-05,-0.0039518754315974736,-0.018037485640354015
11.917200000000001,1.19172e-05,-0.007587069965619864,-0.01828754641387894
11.918,1.1917999999999998e-05,-0.01980185290207681,-0.018538650015021772
11.918799999999997,1.1918799999999997e-05,-0.02590092230176566,-0.018790106703833305
11.919599999999996,1.1919599999999995e-05,-0.006397593474329666,-0.01904120631675517
11.9204,1.19204e-05,-0.01174957559802503,-0.019291216708413914
11.921199999999999,1.1921199999999999e-05,-0.0014303139172959778,-0.0195393825385793
11.921999999999997,1.1921999999999997e-05,-0.004189052089315082,-0.019784924630831025
11.922799999999995,1.1922799999999995e-05,-0.023604054342197145,-0.020027040143137786
11.9236,1.19236e-05,-0.0162765464569099,-0.020264903771397013
11.924399999999999,1.1924399999999999e-05,-0.019124367546310306,-0.02049767017521103
11.925199999999997,1.1925199999999996e-05,-0.0024925018397238263,-0.020724477799936625
11.926000000000002,1.1926e-05,0.025744182850532593,-0.02094445427995001
11.9268,1.1926799999999999e-05,0.008580088668441177,-0.021156723618779228
11.927599999999998,1.1927599999999997e-05,0.010353995075356504,-0.021360415303046505
11.928399999999996,1.1928399999999996e-05,-0.011665410057766001,-0.021554675384954376
11.929200000000002,1.1929200000000001e-05,-0.02780760248615799,-0.02173867937693301
11.93,1.193e-05,-0.014953539845315444,-0.021911646601589757
11.930799999999998,1.1930799999999998e-05,9.090735760786117e-05,-0.022072855494100947
11.931599999999996,1.1931599999999996e-05,-0.021277302799737274,-0.022221659287162993
11.932400000000001,1.1932400000000001e-05,-0.028061423280955067,-0.022357501495515172
11.9332,1.19332e-05,-0.052703199605917406,-0.022479930620097673
11.933999999999997,1.1933999999999996e-05,-0.009321825866692168,-0.022588613508778357
11.934799999999996,1.1934799999999995e-05,-0.016990913289937404,-0.022683346870949805
11.9356,1.19356e-05,-0.00019355336300785897,-0.022764066554749968
11.936399999999999,1.1936399999999998e-05,-0.0627797994203142,-0.02283085431697851
11.937199999999997,1.1937199999999996e-05,-0.020629701026862013,-0.02288394190245674
11.937999999999995,1.1937999999999995e-05,-0.03398592004878376,-0.0229237123113001
11.9388,1.19388e-05,0.0010140799512162735,-0.02295069821781455
11.939599999999999,1.1939599999999998e-05,0.0013201021861335427,-0.02296557762970559
11.940399999999997,1.1940399999999997e-05,0.0014175071721044263,-0.02296916699566048
11.941199999999995,1.1941199999999995e-05,-0.014754568839178805,-0.02296241202182743
11.942,1.1942e-05,-0.032649673991477224,-0.022946376423741983
11.942799999999998,1.1942799999999999e-05,-0.02534864499761391,-0.02292222875678242
11.943599999999996,1.1943599999999995e-05,-0.03299749508087768,-0.022891227400389264
11.944400000000002,1.19444e-05,0.008603730699990209,-0.022854703766604537
11.9452,1.1945199999999999e-05,-0.01416465371493869,-0.022814043859976017
11.946000000000005,1.1946000000000004e-05,-0.043919154988631415,-0.022770668388319253
11.946799999999996,1.1946799999999995e-05,-0.04054553548670303,-0.022726011669893912
11.947600000000001,1.19476e-05,-0.0025460274540640704,-0.022681499610381586
11.9484,1.1948399999999999e-05,-0.018478846290482465,-0.022638527078364078
11.949199999999998,1.1949199999999997e-05,-0.018636018442335756,-0.022598435105921286
11.949999999999996,1.1949999999999996e-05,-0.009871454822303893,-0.022562488440982582
11.950800000000001,1.19508e-05,0.007136035039426836,-0.022531854037741654
11.9516,1.19516e-05,-0.005277718903166639,-0.022507581085387418
11.952399999999997,1.1952399999999996e-05,0.01752489864038298,-0.022490583149557
11.953199999999995,1.1953199999999994e-05,-0.01276580363177493,-0.02248162292866045
11.954,1.1954e-05,-0.02303078335523634,-0.022481300006475698
11.954799999999999,1.1954799999999998e-05,-0.0027408374260059487,-0.022490041835898
11.955599999999997,1.1955599999999996e-05,-0.0035144035934232543,-0.022508098056383583
11.956399999999995,1.1956399999999994e-05,0.017621547283426464,-0.022535538154576887
11.9572,1.19572e-05,-0.018806430039801203,-0.022572252407702872
11.957999999999998,1.1957999999999998e-05,-0.034799772384929484,-0.022617955963905458
11.958799999999997,1.1958799999999996e-05,-0.03100040780488411,-0.022672195804992704
11.959599999999995,1.1959599999999995e-05,0.017930406378418473,-0.022734360247827184
11.9604,1.19604e-05,-0.02365966047378487,-0.022803690614723024
11.961199999999998,1.1961199999999998e-05,-0.012263647250596033,-0.02287929472610695
11.961999999999996,1.1961999999999995e-05,-0.037242085736294284,-0.02296016188528471
11.962800000000001,1.19628e-05,-0.03623474760252687,-0.023045179014495206
11.9636,1.1963599999999998e-05,-0.004152926954881453,-0.023133147599861084
11.964400000000005,1.1964400000000004e-05,-0.017967611497886282,-0.023222801149073498
11.965199999999996,1.1965199999999995e-05,-0.029038121488903945,-0.023312822950957494
11.966000000000001,1.1966e-05,-0.018034376558038523,-0.023401864009245474
11.9668,1.1966799999999999e-05,-0.0195417905558376,-0.023488561080526302
11.967600000000004,1.1967600000000004e-05,0.02052365033009451,-0.023571554788585074
11.968399999999995,1.1968399999999995e-05,-0.03477688669630785,-0.023649507822246153
11.9692,1.19692e-05,0.02025167271226347,-0.023721123232465776
11.969999999999999,1.1969999999999999e-05,0.0017798918815367104,-0.02378516280530159
11.970799999999997,1.1970799999999997e-05,0.006078008151293668,-0.023840465401071244
11.971599999999995,1.1971599999999994e-05,-0.0325384617284018,-0.023885965026416347
11.9724,1.1972399999999999e-05,-0.03845444791620589,-0.023920708257406453
11.973199999999999,1.1973199999999997e-05,-0.028149749855508777,-0.02394387049498726
11.973999999999997,1.1973999999999996e-05,-0.013873951442880839,-0.023954770466282634
11.974799999999995,1.1974799999999994e-05,-0.0241646537149387,-0.02395288241341379
11.9756,1.19756e-05,-0.03602613035348046,-0.023937845502857154
11.976399999999998,1.1976399999999998e-05,-0.0800800720713502,-0.023909470091349437
11.977199999999996,1.1977199999999996e-05,-0.023075419069594316,-0.023867740591230976
11.977999999999994,1.1977999999999994e-05,-0.022493826013943785,-0.023812814829122644
11.9788,1.19788e-05,-0.02454519524720511,-0.023745020011158174
11.979599999999998,1.1979599999999998e-05,-0.011800264352390566,-0.023664845654261666
11.980399999999996,1.1980399999999995e-05,0.004636791382354288,-0.02357293404329038
11.981199999999994,1.1981199999999993e-05,0.004633198179452069,-0.023470068888432182
11.982,1.1981999999999998e-05,0.01950250491912231,-0.023357162884502843
11.982800000000005,1.1982800000000003e-05,0.005787305879235927,-0.023235244816796355
11.983599999999996,1.1983599999999995e-05,-0.013039861766653393,-0.02310544671990205
11.9844,1.19844e-05,-0.02649499846030068,-0.022968991399732543
11.985199999999999,1.1985199999999998e-05,0.016868974798817993,-0.022827180424543975
11.986000000000004,1.1986000000000003e-05,0.02479604405125513,-0.02268138252746449
11.986799999999995,1.1986799999999995e-05,-0.03299049718650793,-0.022533022246009726
11.9876,1.19876e-05,-0.050120358239978624,-0.022383568511904497
11.988399999999999,1.1988399999999999e-05,-0.035377772237677685,-0.02223452278020819
11.989200000000004,1.1989200000000004e-05,-0.03843496691895176,-0.02208740620801623
11.989999999999995,1.1989999999999994e-05,-0.023892676097207577,-0.021943745432316145
11.9908,1.1990799999999999e-05,-0.03790425112920148,-0.021805056652667146
11.991599999999998,1.1991599999999997e-05,-0.025120358239978602,-0.021672827931418382
11.992400000000004,1.1992400000000002e-05,-0.048855038277119345,-0.02154849982597393
11.993199999999995,1.1993199999999994e-05,-0.0063482288941844045,-0.02143344465212618
11.994,1.1993999999999999e-05,-0.01287852858060512,-0.02132894485424671
11.994799999999998,1.1994799999999997e-05,0.003218460301936288,-0.02123617112319397
11.995599999999996,1.1995599999999996e-05,-0.004461029707046094,-0.021156161027135967
11.996399999999994,1.1996399999999994e-05,0.023099493801663873,-0.02108979897120612
11.9972,1.19972e-05,-0.0005294591809161808,-0.021037798268559442
11.997999999999998,1.1997999999999998e-05,0.003628129074266573,-0.021000685999216843
11.998799999999996,1.1998799999999996e-05,-0.021187463539528717,-0.020978791174610167
11.999599999999994,1.1999599999999993e-05,-0.01638643454576527,-0.020972236547063865
12.000399999999999,1.2000399999999998e-05,0.03467007965671298,-0.0209809342468067
12.001200000000004,1.2001200000000003e-05,-0.006392676097207506,-0.021004585317865435
12.001999999999995,1.2001999999999995e-05,-0.032801928766108324,-0.021042683136183273
12.0028,1.20028e-05,-0.022381101065113596,-0.021094520589862498
12.003599999999999,1.2003599999999998e-05,-0.002962694120764109,-0.02115920078962502
12.004400000000004,1.2004400000000003e-05,0.02293948478983554,-0.02123565100666607
12.005199999999995,1.2005199999999995e-05,-0.021295271111236636,-0.021322639517594187
12.006,1.2006e-05,-0.016579164000459667,-0.02141879501928386
12.006799999999998,1.2006799999999998e-05,0.0025882590090677837,-0.021522628214027922
12.007600000000004,1.2007600000000003e-05,-0.017834649209074627,-0.021632555074979198
12.008399999999995,1.2008399999999993e-05,-0.053492653567686954,-0.021746921227825396
12.0092,1.20092e-05,-0.03456883727875415,-0.02186402684877357
12.009999999999998,1.2009999999999997e-05,-0.031472680603071734,-0.02198215149530263
12.010800000000003,1.2010800000000002e-05,-0.015326327140484874,-0.022099578376827623
12.011599999999994,1.2011599999999994e-05,-0.0023595395508120287,-0.02221461773134067
12.0124,1.2012399999999999e-05,0.04305353391298572,-0.022325629143948967
12.013199999999998,1.2013199999999997e-05,-0.024104130206228702,-0.022431042747840947
12.014000000000003,1.2014000000000002e-05,-0.019277378663768885,-0.022529379238447184
12.014799999999994,1.2014799999999994e-05,-0.0350878263084472,-0.022619268518554635
12.0156,1.2015599999999999e-05,-0.02461196030735735,-0.022699466653258588
12.016399999999997,1.2016399999999997e-05,-0.00345520425903334,-0.022768870739500797
12.017199999999995,1.2017199999999996e-05,-0.030439052089315077,-0.022826531314112643
12.017999999999994,1.2017999999999992e-05,-0.021274465939762455,-0.02287166199469096
12.018799999999999,1.2018799999999997e-05,-0.040340890760516834,-0.022903646118481797
12.019599999999997,1.2019599999999996e-05,-0.03754527111123662,-0.022922040207548653
12.020399999999995,1.2020399999999994e-05,-0.016990913289937404,-0.022926574170504567
12.0212,1.20212e-05,0.006864813764523192,-0.022917148270979158
12.021999999999998,1.2021999999999998e-05,-0.03230109655924951,-0.02289382703199582
12.022800000000004,1.2022800000000003e-05,-0.022735920048783775,-0.02285683035743901
12.023599999999995,1.2023599999999994e-05,-0.01957583517302386,-0.022806522209522666
12.0244,1.20244e-05,-0.02436854209829742,-0.02274339720651568
12.025199999999998,1.2025199999999998e-05,0.05527399056949245,-0.02266806553637296
12.026000000000003,1.2026000000000003e-05,-0.04247358867396234,-0.022581236617382427
12.026799999999994,1.2026799999999993e-05,0.0180085188786,-0.022483701930460284
12.0276,1.20276e-05,-0.06673482346655824,-0.022376317368007298
12.028399999999998,1.2028399999999997e-05,-0.009214774637911538,-0.02225998532592169
12.029200000000003,1.2029200000000002e-05,0.004183243238393253,-0.02213563668533105
12.029999999999994,1.2029999999999993e-05,-0.001129020547966153,-0.022004212830079684
12.0308,1.2030799999999998e-05,-0.04370278350248813,-0.02186664788949794
12.031599999999997,1.2031599999999997e-05,-0.035973172570532785,-0.021723851419980164
12.032400000000003,1.2032400000000002e-05,-0.002150922301765612,-0.021576691734464946
12.033199999999994,1.2033199999999993e-05,-0.03536661330911317,-0.02142598010673599
12.033999999999999,1.2033999999999999e-05,-0.016304349522653805,-0.021272456149199252
12.034799999999997,1.2034799999999997e-05,0.031041883016960092,-0.021116774760778112
12.035600000000002,1.2035600000000002e-05,0.020599493801663815,-0.020959495117143224
12.036399999999993,1.2036399999999992e-05,0.02684325225022155,-0.020801072185700674
12.037199999999999,1.2037199999999999e-05,-0.028348720861645416,-0.020641851153290803
12.037999999999997,1.2037999999999996e-05,0.01025942694946047,-0.020482064950850986
12.038799999999995,1.2038799999999994e-05,0.013523158362633403,-0.020321834806298615
12.0396,1.2039599999999999e-05,-0.044757973530546336,-0.020161173533672954
12.040399999999998,1.2040399999999997e-05,-0.028430805884657073,-0.019999991105886388
12.041200000000003,1.2041200000000003e-05,-0.0195103942871917,-0.01983810195868208
12.041999999999994,1.2041999999999994e-05,-0.027288613456364907,-0.019675233445989482
12.0428,1.20428e-05,-0.018811347417023505,-0.019511034922530555
12.043599999999998,1.2043599999999998e-05,-0.01722184839621277,-0.019345087041108107
12.044400000000003,1.2044400000000003e-05,0.001041315185567604,-0.019176910972898448
12.045199999999994,1.2045199999999994e-05,-0.015594900066748574,-0.019005977359145665
12.046,1.2046e-05,-0.030304765626083308,-0.018831714869182493
12.046799999999998,1.2046799999999996e-05,-0.031058094453519147,-0.01865351827408946
12.047600000000003,1.2047600000000003e-05,-0.04583340089878618,-0.018470755974315103
12.048399999999994,1.2048399999999993e-05,0.026124724382899256,-0.01828277698544565
12.049199999999999,1.2049199999999998e-05,-0.0015958081376390432,-0.018088917504470926
12.049999999999997,1.2049999999999996e-05,0.005605735353106156,-0.017888507307081483
12.050800000000002,1.2050800000000002e-05,0.010729619230500642,-0.017680876291451347
12.051599999999993,1.2051599999999993e-05,0.00035323873252923743,-0.01746536144695696
12.052399999999999,1.2052399999999998e-05,0.0002531853980182186,-0.017241314410750413
12.053199999999997,1.2053199999999997e-05,-0.004086729726221927,-0.017008109629636486
12.054000000000002,1.2054000000000002e-05,-0.032075835173023814,-0.016765153005022147
12.054799999999993,1.2054799999999992e-05,-0.04124098915396901,-0.01651189078952811
12.055599999999998,1.2055599999999999e-05,-0.023768792219712842,-0.016247818453716777
12.056399999999996,1.2056399999999995e-05,0.01866236220298756,-0.01597248927678515
12.057200000000002,1.20572e-05,0.000989113745447412,-0.015685522528173318
12.058,1.2057999999999999e-05,0.02873045143735975,-0.015386611233641028
12.058799999999998,1.2058799999999997e-05,-0.037506309116828396,-0.01507552957554346
12.059600000000003,1.2059600000000002e-05,-0.03061778575537011,-0.01475213993259223
12.060400000000001,1.20604e-05,-0.0023421390708052714,-0.014416399473165007
12.0612,1.2061199999999999e-05,0.018939825029333446,-0.014068366165753913
12.061999999999998,1.2061999999999997e-05,-0.031341230999914704,-0.01370820409561082
12.062800000000003,1.2062800000000002e-05,0.013295627947825572,-0.013336188032882066
12.063599999999994,1.2063599999999994e-05,-0.013478089947655092,-0.01295270722568109
12.0644,1.20644e-05,0.010738697642017847,-0.012558268384941049
12.065199999999997,1.2065199999999996e-05,-0.004585481415933512,-0.012153497810373462
12.066000000000003,1.2066000000000003e-05,-0.007558510556948672,-0.011739142585757773
12.066799999999994,1.2066799999999993e-05,-0.005082152588497646,-0.011316070742272174
12.067599999999999,1.2067599999999998e-05,-0.0014129134371891894,-0.0108852702574064
12.068399999999997,1.2068399999999996e-05,-0.017282371904922766,-0.01044784673905485
12.069200000000002,1.2069200000000001e-05,-0.03263775871998531,-0.010005019647940113
12.069999999999993,1.2069999999999993e-05,-0.03438234937540208,-0.009558116942703103
12.070799999999998,1.2070799999999998e-05,-0.01869030039960351,-0.009108568109197303
12.071599999999997,1.2071599999999996e-05,0.05182585177018473,-0.008657895677095835
12.072400000000002,1.2072400000000002e-05,-0.005092555174234792,-0.008207705510360193
12.073199999999993,1.2073199999999993e-05,0.03951650070776169,-0.007759676305982654
12.073999999999998,1.2073999999999998e-05,0.038082849664484386,-0.007315548767726495
12.074799999999996,1.2074799999999995e-05,-0.003587978036510453,-0.006877114820251714
12.075600000000001,1.20756e-05,-0.012306013936371762,-0.00644620703745791
12.0764,1.2076399999999998e-05,-0.0022358441848520094,-0.0060246882440019465
12.077199999999998,1.2077199999999997e-05,-0.009799772384929462,-0.005614441080827888
12.078000000000003,1.2078000000000002e-05,-0.003802269005506398,-0.005217357252447003
12.078800000000001,1.20788e-05,0.04666659910124382,-0.004835326189542568
12.0796,1.2079599999999999e-05,0.0022502726740118995,-0.004470222911384912
12.080399999999997,1.2080399999999997e-05,-0.06020244326299018,-0.0041238948978096265
12.081200000000003,1.2081200000000002e-05,0.0005306482243642163,-0.003798147760162554
12.082,1.2082e-05,-0.02580559783294223,-0.003494729485934135
12.082799999999999,1.2082799999999999e-05,0.007389288002931038,-0.0032153131018315714
12.083599999999997,1.2083599999999997e-05,-0.010411816854963951,-0.002961477767945379
12.084400000000002,1.2084400000000002e-05,0.022775314743812447,-0.0027346885145183306
12.085199999999993,1.2085199999999992e-05,-0.023816832625538353,-0.00253627499342874
12.085999999999999,1.2085999999999997e-05,0.0005062498499877055,-0.0023674097193448784
12.086799999999997,1.2086799999999996e-05,0.031642200726937575,-0.0022290863395998052
12.087600000000002,1.2087600000000001e-05,0.0076056594890745455,-0.0021220985224441103
12.088399999999993,1.2088399999999993e-05,0.018358988316510394,-0.0020470200906165374
12.089199999999998,1.2089199999999998e-05,0.016804290255813203,-0.0020041870251358202
12.089999999999996,1.2089999999999996e-05,-0.02221068946764837,-0.001993681910463566
12.090800000000002,1.2090800000000001e-05,0.02504721649751196,-0.0020153213126531933
12.091599999999993,1.2091599999999993e-05,0.036767408778652255,-0.0020686465166488035
12.092399999999998,1.2092399999999998e-05,-0.010832076724466067,-0.002152918010842902
12.093199999999996,1.2093199999999995e-05,-0.004723928913360154,-0.0022671140717051962
12.094000000000001,1.2094000000000001e-05,0.03069897930478216,-0.0024099337447115073
12.0948,1.2094799999999998e-05,0.03639878251777773,-0.0025798044541408215
12.095599999999997,1.2095599999999996e-05,0.037871395555433396,-0.0027748944204483263
12.096400000000003,1.2096400000000002e-05,0.04145798185219762,-0.00299312998657211
12.0972,1.20972e-05,0.03691701520467339,-0.0032322177994752854
12.097999999999999,1.2097999999999998e-05,-0.007829164000459743,-0.0034896715500324508
12.098799999999997,1.2098799999999997e-05,-0.010295687214666116,-0.0037628426868203833
12.099600000000002,1.2099600000000002e-05,-0.026522045183217213,-0.004048954258988942
12.1004,1.21004e-05,0.020001256608834006,-0.004345136881812665
12.101199999999999,1.2101199999999999e-05,-0.007157920196035339,-0.004648465788383261
12.101999999999997,1.2101999999999997e-05,-0.022358215376492074,-0.004955997997921773
12.102800000000002,1.2102800000000002e-05,-0.029941624573823544,-0.005264808728186973
12.1036,1.2103599999999999e-05,0.01885982052336921,-0.0055720262759016365
12.104399999999998,1.2104399999999997e-05,0.003920344032079304,-0.005874864702304067
12.105199999999996,1.2105199999999996e-05,-0.013403002818913157,-0.006170653794773044
12.106000000000002,1.2106e-05,-0.00170437205217433,-0.006456865891588279
12.106799999999993,1.2106799999999992e-05,0.001272250291742938,-0.00673113922609349
12.107599999999998,1.2107599999999997e-05,-0.007514631185418064,-0.006991297486658596
12.108399999999996,1.2108399999999996e-05,-0.03261203617138886,-0.007235365330743381
12.109200000000001,1.2109200000000001e-05,-0.03218837161041932,-0.007461579648384226
12.109999999999992,1.2109999999999992e-05,-0.025134354028617856,-0.007668396458156512
12.110799999999998,1.2110799999999998e-05,-0.006850385275363413,-0.007854493464299502
12.111599999999996,1.2111599999999996e-05,0.028569118251311476,-0.008018768510789488
12.112400000000001,1.2112400000000001e-05,0.012600742111952168,-0.008160334388475143
12.113199999999999,1.2113199999999998e-05,0.013915426654957042,-0.00827851060740628
12.113999999999997,1.2113999999999996e-05,-0.029351141618190746,-0.00837281278738573
12.114800000000002,1.2114800000000001e-05,0.007780988463762073,-0.008442940263453281
12.1156,1.21156e-05,0.03349251843681467,-0.008488762421400248
12.116399999999999,1.2116399999999998e-05,-0.02465016595893832,-0.008510304229048849
12.117199999999997,1.2117199999999996e-05,0.015120223109106434,-0.008507731405889092
12.118000000000002,1.2118000000000002e-05,0.0026981470979231537,-0.008481335640471498
12.1188,1.21188e-05,-0.004903418922342695,-0.008431520215362098
12.119599999999998,1.2119599999999998e-05,-0.00589184389034858,-0.008358786353837619
12.120399999999997,1.2120399999999997e-05,0.012248948499721801,-0.008263720571658272
12.121200000000002,1.2121200000000002e-05,0.013526563054100937,-0.00814698329910868
12.122,1.2122e-05,0.0022300353339302914,-0.008009299024485425
12.122799999999998,1.2122799999999997e-05,0.029652111345213505,-0.007851448181330607
12.123599999999996,1.2123599999999995e-05,-0.003936555468738168,-0.007674260940144643
12.124400000000001,1.21244e-05,0.01890086303492511,-0.007478612970913734
12.1252,1.2125199999999999e-05,-0.015119790408585798,-0.007265423130095271
12.125999999999998,1.2125999999999997e-05,0.005931238585277443,-0.007035652915552058
12.126799999999996,1.2126799999999995e-05,-0.011931713955547596,-0.006790307448334163
12.127600000000001,1.21276e-05,-0.030027870631230025,-0.006530437698596388
12.1284,1.2128399999999999e-05,0.06621305095735297,-0.006257143679222657
12.129199999999997,1.2129199999999997e-05,-0.012132197647438892,-0.005971578371588029
12.129999999999995,1.2129999999999996e-05,0.03052289398716701,-0.0056749521828962386
12.1308,1.21308e-05,-0.007973096706501148,-0.005368537712718473
12.131599999999999,1.2131599999999997e-05,-0.003980434840268776,-0.005053674516930092
12.132399999999997,1.2132399999999996e-05,-0.010382689614899965,-0.004731773447613996
12.133200000000002,1.2133200000000001e-05,-0.01012527561710086,-0.004404320077579321
12.134,1.2134e-05,-0.0327546447031104,-0.004072876716844331
12.134799999999998,1.2134799999999998e-05,0.025921592342367794,-0.003739082594398364
12.135599999999997,1.2135599999999996e-05,-0.015203199605917428,-0.003404651894555089
12.136400000000002,1.2136400000000001e-05,0.014024746912319808,-0.003071369472446555
12.1372,1.21372e-05,-0.03353577659639018,-0.002741084190392219
12.137999999999998,1.2137999999999998e-05,0.003607323902792503,-0.0024156999005330677
12.138799999999996,1.2138799999999996e-05,0.05053764611866385,-0.0020971641701501595
12.139600000000002,1.2139600000000001e-05,0.009574187356496844,-0.0017874549234272257
12.1404,1.21404e-05,-0.03296477463791159,-0.0014885652300850741
12.141199999999998,1.2141199999999997e-05,0.02381329280329869,-0.001202486467258073
12.141999999999996,1.2141999999999995e-05,-0.019970183982494838,-0.0009311900362275428
12.142800000000001,1.21428e-05,-0.004563919901531932,-0.0006766077993739352
12.1436,1.2143599999999998e-05,0.009659677070975814,-0.00044061145041589603
12.144399999999997,1.2144399999999997e-05,0.021551037292408926,-0.00022499112055209426
12.145199999999996,1.2145199999999995e-05,-0.004838734379337795,-3.1433616080705096e-05
12.146,1.2146e-05,0.016702724235647448,0.0001384992511670037
12.146799999999999,1.2146799999999999e-05,-0.006898425681188702,0.00028339175396704854
12.147599999999997,1.2147599999999997e-05,0.002280156256903143,0.00040199427381171866
12.148399999999995,1.2148399999999995e-05,0.05738455913717355,0.0004932417697911442
12.1492,1.21492e-05,0.0205036015014477,0.0005562701928366193
12.149999999999999,1.2149999999999999e-05,0.0324726972002628,0.000590430361145687
12.150799999999997,1.2150799999999996e-05,0.0076745050663741265,0.000595298897072505
12.151600000000002,1.21516e-05,0.018363905693732585,0.0005706859830514491
12.1524,1.2152399999999999e-05,-0.027632273511470573,0.0005166398740577452
12.153199999999998,1.2153199999999997e-05,0.030098661594804788,0.000433448244607624
12.153999999999996,1.2153999999999996e-05,0.0017702456386270438,0.0003216365166114246
12.154800000000002,1.2154800000000001e-05,0.03269814709792318,0.00018196331845820755
12.1556,1.21556e-05,0.012529059674677878,1.5413207852933903e-05
12.156399999999998,1.2156399999999998e-05,0.026848737458836425,-0.00017681319933113195
12.157199999999996,1.2157199999999996e-05,-0.006606967066203562,-0.0003933114931047412
12.158000000000001,1.2158000000000001e-05,0.005808867393537476,-0.0006324878329143815
12.1588,1.21588e-05,-0.036621530686235415,-0.0008925750287147608
12.159599999999998,1.2159599999999996e-05,0.00723835740251999,-0.0011716499148420063
12.160399999999996,1.2160399999999995e-05,-0.016101973825049742,-0.0014676516251190476
12.161200000000001,1.21612e-05,0.016384786729138345,-0.0017784004858666692
12.161999999999999,1.2161999999999998e-05,0.016915502518988657,-0.002101617389365499
12.162799999999997,1.2162799999999996e-05,0.02812729686740767,-0.0024349436382255143
12.163599999999995,1.2163599999999995e-05,-0.006155499439490009,-0.0027759613160137295
12.1644,1.21644e-05,0.002302285602697407,-0.00312221422768818
12.165199999999999,1.2165199999999998e-05,-0.010991329393367,-0.0034712293917388286
12.165999999999997,1.2165999999999997e-05,0.018137699453144807,-0.0038205390078668343
12.166799999999995,1.2166799999999995e-05,0.034437820376117645,-0.004167702807022809
12.1676,1.21676e-05,0.016430746617816294,-0.00451033070039447
12.168399999999998,1.2168399999999999e-05,-0.015297767731813572,-0.004846105628256519
12.169199999999996,1.2169199999999995e-05,-0.020544779143775727,-0.005172806436961238
12.170000000000002,1.217e-05,0.028518240985511256,-0.00548833051592791
12.1708,1.2170799999999999e-05,0.004895529554373335,-0.005790715871833901
12.171600000000005,1.2171600000000004e-05,-0.00742498043664408,-0.006078162322971542
12.172399999999996,1.2172399999999995e-05,-0.005087069965619917,-0.00634905151848891
12.173200000000001,1.21732e-05,0.014740437919667393,-0.0066019654874424905
12.174,1.2173999999999999e-05,0.010521569812947051,-0.006835703412358986
12.174799999999998,1.2174799999999997e-05,-0.04497150815681483,-0.007049296320165146
12.175599999999996,1.2175599999999996e-05,0.02003397705179999,-0.007242019386227748
12.176400000000001,1.2176400000000001e-05,-0.01571367805558621,-0.007413401558224457
12.1772,1.21772e-05,0.006529475778107252,-0.007563232245540386
12.177999999999997,1.2177999999999996e-05,0.016845900598761565,-0.007691564884696203
12.178799999999995,1.2178799999999994e-05,-0.0014547122915723465,-0.007798717247951729
12.1796,1.21796e-05,0.009124800246830711,-0.007885268380641752
12.180399999999999,1.2180399999999998e-05,-0.028878112477175644,-0.007952052030523717
12.181199999999997,1.2181199999999996e-05,-0.019389347269771706,-0.008000146393554392
12.181999999999995,1.2181999999999994e-05,-0.006540202006051321,-0.008030859986658909
12.1828,1.21828e-05,-0.025905083336060564,-0.008045713505301737
12.183599999999998,1.2183599999999998e-05,-0.008744582356871144,-0.008046417635564561
12.184399999999997,1.2184399999999996e-05,-0.03481641652210876,-0.008034846940317098
12.185199999999995,1.2185199999999995e-05,0.012885202832567777,-0.008013010101106395
12.186,1.2186e-05,-0.017728922154513937,-0.00798301696214722
12.186799999999998,1.2186799999999998e-05,-0.0003826896148999559,-0.007947042981025896
12.187599999999996,1.2187599999999995e-05,0.03358576238849087,-0.007907291822348438
12.188399999999994,1.2188399999999993e-05,-0.025063995765563507,-0.007865956916293899
12.1892,1.2189199999999998e-05,-0.03401580363177492,-0.007825182837879604
12.190000000000005,1.2190000000000004e-05,-0.0005099781837620831,-0.007787027363457992
12.190799999999996,1.2190799999999995e-05,0.0457852253620884,-0.007753425075488628
12.191600000000001,1.21916e-05,0.0185920039399331,-0.007726153443796128
12.1924,1.2192399999999999e-05,0.030955636959653865,-0.007706802363950865
12.193200000000004,1.2193200000000004e-05,0.06010622732056703,-0.007696748092656821
12.193999999999996,1.2193999999999995e-05,0.044377296867407656,-0.007697132347411722
12.1948,1.21948e-05,0.0011177264885294802,-0.007708847057355415
12.195599999999999,1.2195599999999999e-05,-0.004979262393911998,-0.007732524905878659
12.196399999999997,1.2196399999999997e-05,-0.03292581264350314,-0.007768535451381854
12.197199999999995,1.2197199999999994e-05,0.011659601206944203,-0.007816986336759273
12.198,1.2197999999999999e-05,-0.03257175000276047,-0.007877728967727217
12.198799999999999,1.2198799999999997e-05,0.003889704106360581,-0.007950368049161653
12.199599999999997,1.2199599999999996e-05,-0.013172067712637792,-0.008034274456263502
12.200399999999995,1.2200399999999994e-05,0.029565108944979657,-0.008128601024901976
12.2012,1.22012e-05,0.014837842905638277,-0.008232300936971925
12.201999999999998,1.2201999999999998e-05,-0.013206868672751337,-0.00834414842262683
12.202799999999996,1.2202799999999996e-05,-0.008591571239312645,-0.008462761482380895
12.203599999999994,1.2203599999999994e-05,0.0007797401534735959,-0.00858662626771571
12.2044,1.22044e-05,-0.021159660473784925,-0.008714122703460944
12.205199999999998,1.2205199999999998e-05,0.01561330107886838,-0.008843550928670982
12.205999999999996,1.2205999999999995e-05,-0.0026941211944003784,-0.00897315816885431
12.206799999999994,1.2206799999999993e-05,-0.009756649356326252,-0.009101165698965616
12.2076,1.2207599999999998e-05,-0.0029174905749134172,-0.009225795587935504
12.208400000000005,1.2208400000000003e-05,-0.0015721661061899317,-0.00934529692885646
12.209199999999996,1.2209199999999995e-05,0.018881949869163583,-0.009457971268624053
12.21,1.221e-05,-0.025064752108390986,-0.00956219696389798
12.210799999999999,1.2210799999999998e-05,-0.013796027454064053,-0.009656452196637407
12.211600000000004,1.2211600000000003e-05,0.014882290108561458,-0.009739336380222783
12.212399999999995,1.2212399999999995e-05,-0.008012058700909486,-0.009809589696001441
12.2132,1.22132e-05,0.00770230813221795,-0.009866110530045692
12.213999999999999,1.2213999999999999e-05,-0.024315584315249827,-0.009907970610027567
12.214800000000004,1.2214800000000004e-05,0.021157444825765093,-0.009934427651905164
12.215599999999995,1.2215599999999994e-05,-0.03215092230176564,-0.009944935324723002
12.2164,1.2216399999999999e-05,-0.020144756614355108,-0.009939150350162925
12.217199999999998,1.2217199999999997e-05,0.023546044051255044,-0.009916936583067002
12.218000000000004,1.2218000000000002e-05,-0.033784868525499556,-0.00987836597440177
12.218799999999995,1.2218799999999994e-05,0.009956809405910705,-0.009823716392215043
12.2196,1.2219599999999999e-05,-0.0267022915350269,-0.009753466348682937
12.220399999999998,1.2220399999999997e-05,0.020890952416649067,-0.009668286741261096
12.221199999999996,1.2221199999999996e-05,0.0012860575689475073,-0.009569029769612956
12.221999999999994,1.2221999999999994e-05,-0.025004228599680878,-0.009456715235943868
12.2228,1.22228e-05,-0.024068761414722584,-0.009332514462148861
12.223599999999998,1.2223599999999998e-05,0.007974285749948962,-0.009197732072468764
12.224399999999996,1.2224399999999996e-05,0.005940316996694506,-0.009053785930345662
12.225199999999994,1.2225199999999993e-05,-0.004799772384929457,-0.008902185594316717
12.225999999999999,1.2225999999999998e-05,-0.021986752255642616,-0.008744509733977331
12.226800000000004,1.2226800000000003e-05,-0.004084649209074587,-0.008582382989514468
12.227599999999995,1.2227599999999995e-05,0.0166567643469695,-0.008417452781732782
12.2284,1.22284e-05,0.01142866610066895,-0.008251366614866142
12.229199999999999,1.2229199999999998e-05,0.056896777864631876,-0.0080857504515744
12.230000000000004,1.2230000000000003e-05,0.004899690588668126,-0.007922188727284028
12.230799999999995,1.2230799999999995e-05,-0.019029799420314242,-0.007762206468102031
12.2316,1.22316e-05,0.014193645824130408,-0.007607253796069376
12.232399999999998,1.2232399999999998e-05,0.027431654688706897,-0.0074586929152976236
12.233200000000004,1.2233200000000003e-05,-0.03615417526516995,-0.007317787537701207
12.233999999999995,1.2233999999999993e-05,0.0006314579017024924,-0.007185694633425265
12.2348,1.22348e-05,0.035927833893810046,-0.0070634583501332235
12.235599999999998,1.2235599999999997e-05,0.028369958733740153,-0.006952005925222443
12.236400000000003,1.2236400000000002e-05,-0.029122287029162863,-0.006852145399943661
12.237199999999994,1.2237199999999994e-05,-0.0034635263276231454,-0.006764564894494419
12.238,1.2237999999999999e-05,-0.040900165958938306,-0.006689833115852304
12.238799999999998,1.2238799999999997e-05,-0.002166242264625029,-0.006628400713668222
12.239600000000003,1.2239600000000002e-05,-0.005014063354025322,-0.006580602140253505
12.240399999999994,1.2240399999999994e-05,-0.004648841784618218,-0.0065466578014977145
12.2412,1.2241199999999999e-05,0.01626165919457112,-0.006526676443954909
12.241999999999997,1.2241999999999997e-05,0.03777039736659027,-0.0065206578481023
12.242799999999995,1.2242799999999996e-05,-0.026684134712092855,-0.006528495955459615
12.243599999999994,1.2243599999999992e-05,0.04303197239868417,-0.006549982539305054
12.244399999999999,1.2244399999999997e-05,-0.045564260141029767,-0.006584811452364416
12.245199999999997,1.2245199999999996e-05,0.026921744070430798,-0.006632583393039162
12.245999999999995,1.2245999999999994e-05,0.007456809405910647,-0.00669281106783676
12.2468,1.22468e-05,-0.023605378516517228,-0.006764924604465758
12.247599999999998,1.2247599999999998e-05,-0.0036102958936394813,-0.006848277070251455
12.248400000000004,1.2248400000000003e-05,-0.01184073903245364,-0.006942149959372148
12.249199999999995,1.2249199999999994e-05,0.007820518289563094,-0.007045758540347156
12.25,1.225e-05,-0.00758366527415244,-0.007158257014434121
12.250799999999998,1.2250799999999998e-05,0.028143941004586948,-0.00727874350887766
12.251600000000003,1.2251600000000003e-05,-0.014774049836333014,-0.0074062649822666665
12.252399999999994,1.2252399999999993e-05,-0.03250706545975579,-0.0075398221342696
12.2532,1.22532e-05,0.03364269269429854,-0.007678374401477359
12.253999999999998,1.2253999999999997e-05,0.024871131179996953,-0.007820845118274477
12.254800000000003,1.2254800000000002e-05,-0.012509145976903113,-0.007966126937782647
12.255599999999994,1.2255599999999993e-05,-0.017053517315794853,-0.008113087607267266
12.2564,1.2256399999999998e-05,0.015985520542545206,-0.00826057614623801
12.257199999999997,1.2257199999999997e-05,-0.006878944684034605,-0.00840742941628057
12.258000000000003,1.2258000000000002e-05,0.03069614244470731,-0.00855247904571753
12.258799999999994,1.2258799999999993e-05,0.0013151848090112717,-0.008694558670022924
12.259599999999999,1.2259599999999999e-05,-0.008791866419769367,-0.008832511425137708
12.260399999999997,1.2260399999999997e-05,-0.027507821802583043,-0.00896519756797138
12.261200000000002,1.2261200000000002e-05,0.0010161604683638359,-0.009091502028479793
12.261999999999993,1.2261999999999992e-05,0.005159185103514652,-0.009210341671676354
12.262799999999999,1.2262799999999999e-05,-0.00139418878286246,-0.009320672084100878
12.263599999999997,1.2263599999999996e-05,0.006607399766824007,-0.009421493762783974
12.264399999999995,1.2264399999999994e-05,-0.0314817590144888,-0.00951185762660665
12.2652,1.2265199999999999e-05,-0.01724549042766166,-0.009590869779714274
12.265999999999998,1.2265999999999997e-05,0.008887623589213245,-0.009657695467910461
12.266800000000003,1.2266800000000003e-05,-0.007654591368599473,-0.009711562218038847
12.267599999999995,1.2267599999999994e-05,0.017841323461037284,-0.009751762233329846
12.2684,1.22684e-05,-0.0013503094113318515,-0.009777654191351518
12.269199999999998,1.2269199999999998e-05,0.03229604405125508,-0.00978866461546117
12.270000000000003,1.2270000000000003e-05,0.008191981410412441,-0.009784288955856816
12.270799999999994,1.2270799999999994e-05,-0.02473849253339222,-0.009764092431545884
12.2716,1.22716e-05,0.013772818123235497,-0.009727710568108046
12.272399999999998,1.2272399999999996e-05,-0.029009562080332674,-0.009674849254123045
12.273200000000003,1.2273200000000003e-05,-0.03760863147992155,-0.009605284075383061
12.273999999999994,1.2273999999999993e-05,0.04274959219511587,-0.009518858693464255
12.274799999999999,1.2274799999999998e-05,-0.031970108118463236,-0.009415482105378953
12.275599999999997,1.2275599999999996e-05,0.007216039545390851,-0.00929512471868201
12.276400000000002,1.2276400000000002e-05,-0.04166597788925863,-0.009157813257167113
12.277199999999993,1.2277199999999993e-05,-0.004482591221347754,-0.009003624564361795
12.277999999999999,1.2277999999999998e-05,-0.005417490574913475,-0.008832678430830437
12.278799999999997,1.2278799999999997e-05,-0.020600385275363453,-0.008645129669840438
12.279600000000002,1.2279600000000002e-05,0.02180561443013329,-0.008441159792452368
12.280399999999993,1.2280399999999992e-05,0.02726124309114164,-0.00822096874898558
12.281199999999998,1.2281199999999999e-05,0.017841323461037284,-0.007984767273354192
12.281999999999996,1.2281999999999995e-05,0.012742594300846455,-0.007732770361190319
12.282800000000002,1.22828e-05,0.0029067643469694593,-0.007465192320378827
12.2836,1.2283599999999999e-05,0.025084665806165418,-0.007182243680247361
12.284399999999998,1.2284399999999997e-05,-0.022118958201726935,-0.006884130084720822
12.285200000000003,1.2285200000000002e-05,0.012056030533562745,-0.006571053161930876
12.286000000000001,1.2286e-05,-0.001531879937461622,-0.006243213269334005
12.2868,1.2286799999999999e-05,0.024925413137264596,-0.005900813959866549
12.287599999999998,1.2287599999999997e-05,-0.016462278017334575,-0.00554406799005715
12.288400000000003,1.2288400000000002e-05,0.016448147097923083,-0.005173204670808566
12.289199999999994,1.2289199999999994e-05,0.015681578824675357,-0.004788478329782563
12.29,1.229e-05,0.01899618750374865,-0.0043901776149367815
12.290799999999997,1.2290799999999996e-05,-0.004356058995413026,-0.00397863532340282
12.291600000000003,1.2291600000000003e-05,-0.014391427786919153,-0.0035542383792536783
12.292399999999994,1.2292399999999993e-05,-0.01674049718650794,-0.00311743751658673
12.293199999999999,1.2293199999999998e-05,0.008488357402519964,-0.002668756190828938
12.293999999999997,1.2293999999999996e-05,0.003082093321657098,-0.002208798275613795
12.294800000000002,1.2294800000000001e-05,-0.0018142601410297,-0.0017382541931175908
12.295599999999993,1.2295599999999993e-05,0.017177077550982522,-0.0012579052250813391
12.296399999999998,1.2296399999999998e-05,0.007723869646519499,-0.0007686258225993148
12.297199999999997,1.2297199999999996e-05,-0.021391351922887547,-0.00027138376968163314
12.298000000000002,1.2298000000000002e-05,-0.012395096853752952,0.00023276192578047805
12.298799999999993,1.2298799999999993e-05,0.0056446973475143825,0.0007426655109187214
12.299599999999998,1.2299599999999998e-05,-0.009627280270316674,0.0012571013620585963
12.300399999999996,1.2300399999999995e-05,0.047259162573994096,0.0017747731598208969
12.301200000000001,1.23012e-05,-0.03780400928325589,0.0022943251400079643
12.302,1.2301999999999998e-05,0.03322678237052601,0.002814355098284871
12.302799999999998,1.2302799999999997e-05,-0.0010713338993310062,0.003333428773879788
12.303600000000003,1.2303600000000002e-05,0.024741762093987374,0.0038500952046988234
12.304400000000001,1.23044e-05,0.025817945805054587,0.004362902615608462
12.3052,1.2305199999999999e-05,0.0031537757589313875,0.004870414384689948
12.305999999999997,1.2305999999999997e-05,0.025696898787634703,0.005371224646695793
12.306800000000003,1.2306800000000002e-05,0.02779271522381921,0.005863973135259619
12.3076,1.23076e-05,0.04263270621199089,0.006347358919645794
12.308399999999999,1.2308399999999999e-05,0.04205470635924269,0.006820152757796964
12.309199999999997,1.2309199999999997e-05,-0.025557262246660217,0.007281207885574896
12.310000000000002,1.2310000000000002e-05,0.006840415390246601,0.007729469197823282
12.310799999999993,1.2310799999999992e-05,0.011235936645974665,0.008163980905898257
12.311599999999999,1.2311599999999997e-05,0.027231359508250286,0.008583892811752373
12.312399999999997,1.2312399999999996e-05,0.034951892028788456,0.008988465304829767
12.313200000000002,1.2313200000000001e-05,-0.0044867522556426565,0.009377073123376243
12.313999999999993,1.2313999999999993e-05,0.024437820376117636,0.00974920789316424
12.314799999999998,1.2314799999999998e-05,0.06245605306305335,0.010104479474259846
12.315599999999996,1.2315599999999996e-05,0.007430330514386796,0.010442616182903952
12.316400000000002,1.2316400000000001e-05,7.918059765055219e-05,0.010763464004249325
12.317199999999993,1.2317199999999993e-05,0.03096395902824345,0.011066984984113161
12.317999999999998,1.2317999999999998e-05,0.017248003645429666,0.011353255064321818
12.318799999999996,1.2318799999999995e-05,0.002332925528515828,0.011622461665376843
12.319600000000001,1.2319600000000001e-05,-0.00017407236585365027,0.011874901313726741
12.3204,1.2320399999999998e-05,-0.015493334046582707,0.012110977575617587
12.321199999999997,1.2321199999999996e-05,0.06636946676627908,0.012331199491489489
12.322000000000003,1.2322000000000002e-05,0.0028275161839326213,0.012536180594772635
12.3228,1.23228e-05,-0.010565016483857215,0.012726638477123638
12.323599999999999,1.2323599999999998e-05,0.02520438864936536,0.01290339477684942
12.324399999999997,1.2324399999999997e-05,0.04358784290563833,0.01306737541931619
12.325200000000002,1.2325200000000002e-05,0.035296876258114174,0.013219610890711648
12.326,1.2326e-05,0.05087979348798455,0.013361236282656817
12.326799999999999,1.2326799999999999e-05,0.053660093174405454,0.01349349085803958
12.327599999999997,1.2327599999999997e-05,0.013043131327248658,0.013617716992361405
12.328400000000002,1.2328400000000002e-05,-0.008735503945354162,0.01373535851874462
12.3292,1.2329199999999999e-05,-0.030631025201181994,0.013847958686139153
12.329999999999998,1.2329999999999997e-05,0.05225084050543438,0.013957158046049467
12.330799999999996,1.2330799999999996e-05,0.0011364511428563207,0.01406469255416945
12.331600000000002,1.23316e-05,-3.4868525499609504e-05,0.014172392032444248
12.332399999999993,1.2332399999999992e-05,0.01825099223346771,0.014282178971034152
12.333199999999998,1.2333199999999997e-05,0.04485448704281758,0.014396067517426997
12.333999999999996,1.2333999999999996e-05,-0.014946541951045722,0.014516162398382024
12.334800000000001,1.2334800000000001e-05,0.015251672712263464,0.014644657436895006
12.335599999999992,1.2335599999999992e-05,0.02295896578708967,0.014783833260580699
12.336399999999998,1.2336399999999998e-05,0.06788312231545035,0.014936053736222716
12.337199999999996,1.2337199999999996e-05,0.022257838399774132,0.015103760601873108
12.338000000000001,1.2338000000000001e-05,0.06873385612882721,0.015289465742512505
12.338799999999999,1.2338799999999998e-05,0.018647610071520826,0.015495740617839156
12.339599999999997,1.2339599999999996e-05,0.04092424069100786,0.015725202500711192
12.340400000000002,1.2340400000000001e-05,0.022903359655501943,0.015980497374232454
12.3412,1.23412e-05,0.021525314743812474,0.01626427951269231
12.341999999999999,1.2341999999999998e-05,0.06233916707992826,0.016579187907338595
12.342799999999997,1.2342799999999996e-05,0.020635618935997413,0.01692781979247332
12.343600000000002,1.2343600000000002e-05,0.026700643718500006,0.017312701605839014
12.3444,1.23444e-05,0.036165010551527654,0.01773625780556262
12.345199999999998,1.2345199999999998e-05,0.01111697014570212,0.018200778061728325
12.345999999999997,1.2345999999999997e-05,0.01346887640536576,0.01870838341797
12.346800000000002,1.2346800000000002e-05,0.023840339526215115,0.01926099205601059
12.3476,1.23476e-05,0.03996929250879522,0.01986028528816899
12.348399999999998,1.2348399999999997e-05,0.01981136401411443,0.020507674359062554
12.349199999999996,1.2349199999999995e-05,0.049978938751705004,0.021204268586083288
12.350000000000001,1.235e-05,0.06376941343176801,0.021950845342280242
12.3508,1.2350799999999999e-05,-0.006620206512015447,0.022747822403857844
12.351599999999998,1.2351599999999997e-05,-0.0031351862354768167,0.023595233245292186
12.352399999999996,1.2352399999999995e-05,0.034060115703826055,0.024492705933256843
12.353200000000001,1.23532e-05,0.04586106883368779,0.02543944628157231
12.354,1.2353999999999999e-05,0.01881386063469126,0.026434225850719417
12.354799999999997,1.2354799999999997e-05,0.0029130058984117024,0.02747537525367854
12.355599999999995,1.2355599999999996e-05,0.010595332767369015,0.028560783127498268
12.3564,1.23564e-05,0.007837918769669883,0.029687901039235607
12.357199999999999,1.2357199999999997e-05,0.027673748723546665,0.03085375445981807
12.357999999999997,1.2357999999999996e-05,0.046877296867407714,0.03205495973863716
12.358800000000002,1.2358800000000001e-05,0.024579104733619128,0.0332877467836115
12.3596,1.23596e-05,0.07942458093040572,0.034547986954831675
12.360399999999998,1.2360399999999998e-05,0.03370472888876341,0.03583122555336805
12.361199999999997,1.2361199999999996e-05,0.08484408445708047,0.03713271823986716
12.362000000000002,1.2362000000000001e-05,0.030493766747103246,0.03844747074256268
12.3628,1.23628e-05,0.06329638429068296,0.03977028129404779
12.363599999999998,1.2363599999999998e-05,0.04446562344196148,0.04109578534199621
12.364399999999996,1.2364399999999996e-05,0.0066512791383546155,0.04241850217576523
12.365200000000002,1.2365200000000001e-05,0.05823586078197296,0.04373288316691935
12.366,1.2366e-05,-0.01828403631864073,0.04503336131214793
12.366799999999998,1.2366799999999997e-05,0.07826498802203685,0.04631440167571575
12.367599999999996,1.2367599999999995e-05,0.05097095692251319,0.04757055216137361
12.368400000000001,1.23684e-05,0.11481628139130662,0.04879649384292853
12.3692,1.2369199999999998e-05,0.06907335514960788,0.04998708992539207
12.369999999999997,1.2369999999999997e-05,0.06182717594446474,0.05113743237153828
12.370799999999996,1.2370799999999995e-05,0.09297636626709649,0.052242885331530604
12.3716,1.23716e-05,0.089559623736435,0.05329912470204347
12.372399999999999,1.2372399999999999e-05,0.054083757735344906,0.05430217334593283
12.373199999999997,1.2373199999999997e-05,0.06547504209280652,0.05524843169639181
12.373999999999995,1.2373999999999995e-05,0.0615969971810868,0.056134703647403535
12.3748,1.23748e-05,0.07065434359035416,0.05695821777395256
12.375599999999999,1.2375599999999999e-05,0.0642201247156543,0.05771664400775533
12.376399999999997,1.2376399999999996e-05,0.05296312682135462,0.058408105926844346
12.377200000000002,1.23772e-05,0.08283300139247762,0.05903118882773507
12.378,1.2377999999999999e-05,0.08011946676627901,0.05958494375155161
12.378799999999998,1.2378799999999997e-05,0.06486980700570688,0.06006888763720393
12.379599999999996,1.2379599999999996e-05,0.08595280009960904,0.06048299979160842
12.380400000000002,1.2380400000000001e-05,0.06275450957230833,0.06082771491230923
12.3812,1.23812e-05,0.021422424549226715,0.061103912961693124
12.381999999999998,1.2381999999999998e-05,0.039893449037226025,0.06131290624102647
12.382799999999996,1.2382799999999996e-05,0.09472644213109804,0.06145642400124761
12.383600000000001,1.2383600000000001e-05,0.04866293003438005,0.06153659482672308
12.3844,1.23844e-05,0.08535664342396665,0.061555926868214025
12.385199999999998,1.2385199999999996e-05,0.07029479574096664,0.06151728585973815
12.385999999999996,1.2385999999999995e-05,0.09142507289783675,0.06142387078299547
12.386800000000001,1.23868e-05,0.09559041539021662,0.06127918704005932
12.387599999999999,1.2387599999999998e-05,0.0716024823896717,0.0610870170445218
12.388399999999997,1.2388399999999996e-05,0.07983084501133864,0.060851388239801164
12.389199999999995,1.2389199999999995e-05,0.07903779784666698,0.06057653868965426
12.39,1.239e-05,0.029798124568402584,0.06026688052852831
12.390799999999999,1.2390799999999998e-05,0.10532959670105002,0.05992696167261723
12.391599999999997,1.2391599999999997e-05,0.059416258861815896,0.05956142625610616
12.392399999999995,1.2392399999999995e-05,0.03529063470667182,0.059174974275797536
12.3932,1.23932e-05,0.07605720297984953,0.058772320923742585
12.393999999999998,1.2393999999999999e-05,0.05766542665495711,0.058358156072058555
12.394799999999996,1.2394799999999995e-05,0.0799204957601124,0.05793710433547356
12.395600000000002,1.23956e-05,0.11093748013671967,0.05751368608056443
12.3964,1.2396399999999999e-05,0.07228980249981287,0.057092279719400486
12.397200000000005,1.2397200000000004e-05,0.01411231714394623,0.05667708566497143
12.397999999999996,1.2397999999999995e-05,0.010804706359242688,0.056272092430375724
12.398800000000001,1.23988e-05,0.04861772648855944,0.055881045440166505
12.3996,1.2399599999999999e-05,0.055099417937662265,0.0555074190800331
12.400399999999998,1.2400399999999997e-05,0.07773635274940405,0.0551543923110659
12.401199999999996,1.2401199999999996e-05,0.08345771747677133,0.05482482790983196
12.402000000000001,1.2402000000000001e-05,0.051466303920787326,0.054521255193427334
12.4028,1.24028e-05,0.07641750717210438,0.054245856010368555
12.403599999999997,1.2403599999999996e-05,0.06562729686743773,0.05400045379942195
12.404399999999995,1.2404399999999994e-05,0.06827898381064623,0.05378650557984102
12.4052,1.24052e-05,0.05629929701468939,0.05360509679743647
12.405999999999999,1.2405999999999998e-05,0.06604604405125514,0.053456939002712776
12.406799999999997,1.2406799999999996e-05,0.07196146240763657,0.05334237038057809
12.407599999999995,1.2407599999999995e-05,0.04338395452227928,0.05326135918322581
12.4084,1.24084e-05,0.048771493948915445,0.05321351013885229
12.409199999999998,1.2409199999999998e-05,0.029380133727482605,0.053198073915378195
12.409999999999997,1.2409999999999996e-05,0.05788387865831779,0.05321395969025823
12.410799999999995,1.2410799999999995e-05,0.07334990990509327,0.05325975079382741
12.4116,1.24116e-05,0.05173052730139127,0.05333372326592269
12.412399999999998,1.2412399999999998e-05,0.10017866610069892,0.053433867042103345
12.413199999999996,1.2413199999999995e-05,0.03685441117881605,0.05355790941630791
12.413999999999994,1.2413999999999993e-05,0.06217707755098256,0.05370334042585463
12.4148,1.2414799999999998e-05,0.05313221424459991,0.05386743984629341
12.415600000000005,1.2415600000000004e-05,0.03439885838180923,0.054047305520506586
12.416399999999996,1.2416399999999995e-05,0.04934608911022631,0.05423988273912104
12.417200000000001,1.24172e-05,0.11472852264824551,0.054441994327020196
12.418,1.2417999999999999e-05,0.06414919862120716,0.054650370997641765
12.418800000000005,1.2418800000000004e-05,0.08683133697875967,0.054861681469486646
12.419599999999996,1.2419599999999995e-05,0.06966875548239293,0.05507256185735483
12.4204,1.24204e-05,0.07323169974767818,0.05527964396243014
12.421199999999999,1.2421199999999999e-05,0.014721713265340552,0.055479582238405
12.421999999999997,1.2421999999999997e-05,0.08409416032108208,0.055669079340364705
12.422799999999995,1.2422799999999994e-05,0.04159491666393955,0.055844910225031394
12.4236,1.2423599999999999e-05,0.06533451407820234,0.05600394475267606
12.424399999999999,1.2424399999999997e-05,0.10272311330366213,0.05614316867073538
12.425199999999997,1.2425199999999996e-05,0.06696562344193147,0.05625970279145003
12.425999999999995,1.2425999999999994e-05,0.07055637077299048,0.05635082015870958
12.4268,1.24268e-05,0.055040218603242375,0.056413961051418965
12.427599999999998,1.2427599999999998e-05,0.07264386514062549,0.05644674576874459
12.428399999999996,1.2428399999999996e-05,0.06962695662800966,0.056446985235384814
12.429199999999994,1.2429199999999994e-05,0.07193573985900026,0.056412689520765946
12.43,1.243e-05,0.09012570831772126,0.05634207439747792
12.430799999999998,1.2430799999999998e-05,0.04714170875947643,0.05623356610335413
12.431599999999996,1.2431599999999995e-05,0.04732668397704376,0.05608580453434599
12.432399999999994,1.2432399999999993e-05,0.04589927448523867,0.055897645165070425
12.4332,1.2433199999999998e-05,0.08052081347004969,0.05566816002868955
12.434000000000005,1.2434000000000003e-05,-0.0030086540094421688,0.05539663805641928
12.434799999999996,1.2434799999999995e-05,0.0766289612811556,0.055082584987425326
12.4356,1.24356e-05,0.10268415130928377,0.05472572293859403
12.436399999999999,1.2436399999999998e-05,0.05522595016366705,0.05432598959456649
12.437200000000004,1.2437200000000004e-05,0.07602240201977606,0.05388353688381543
12.437999999999995,1.2437999999999995e-05,0.05283375773534493,0.05339872899566228
12.4388,1.24388e-05,0.03783735093820717,0.05287213965942954
12.439599999999999,1.2439599999999999e-05,0.06630686274042163,0.05230454868310166
12.440400000000004,1.2440400000000004e-05,0.05236356545426468,0.05169693777544775
12.441199999999995,1.2441199999999994e-05,0.09040960120694419,0.05105048564565932
12.442,1.2441999999999999e-05,0.06345280009960907,0.0503665623255918
12.442799999999998,1.2442799999999997e-05,0.012849834041061658,0.04964672264053036
12.443600000000004,1.2443600000000002e-05,0.032959722129917046,0.04889269877995778
12.444399999999995,1.2444399999999994e-05,0.05827614695064143,0.04810639194393239
12.4452,1.2445199999999999e-05,0.061890536313189526,0.04728986299579264
12.445999999999998,1.2445999999999997e-05,0.07626941343176807,0.04644532193108055
12.446799999999996,1.2446799999999996e-05,0.0726765855835515,0.04557511584935068
12.447599999999994,1.2447599999999994e-05,0.0506342947617473,0.04468171507049338
12.4484,1.24484e-05,0.04772803068081444,0.043767697088448014
12.449199999999998,1.2449199999999998e-05,0.08911780235256117,0.042835728161317484
12.449999999999996,1.2449999999999996e-05,0.05805637077299053,0.04188854244637731
12.450799999999994,1.2450799999999993e-05,0.0975958247348,0.04092891868773361
12.4516,1.2451599999999998e-05,0.025500008298545485,0.039959654582791826
12.452399999999997,1.2452399999999996e-05,0.047620223109136495,0.03898353911568864
12.453199999999995,1.2453199999999995e-05,0.010861825176585183,0.03800332332500284
12.454,1.2454e-05,0.04710615145653552,0.03702169010306333
12.454799999999999,1.2454799999999998e-05,0.04678480925865891,0.03604122365423651
12.455600000000004,1.2455600000000003e-05,0.05723211585110766,0.035064379179217994
12.456399999999995,1.2456399999999995e-05,0.049466947616181534,0.034093453264248993
12.4572,1.24572e-05,0.04532259880671041,0.03313055540429174
12.457999999999998,1.2457999999999998e-05,0.03217707755098265,0.03217758110160148
12.458800000000004,1.2458800000000003e-05,0.0027669926752227347,0.03123618703180443
12.459599999999995,1.2459599999999993e-05,0.045632214244599845,0.030307768810071467
12.4604,1.24604e-05,0.06849043791969733,0.029393441879058773
12.461199999999998,1.2461199999999997e-05,0.010384635001175258,0.028494025977284343
12.462000000000003,1.2462000000000002e-05,0.02236072859425986,0.027610033578155453
12.462799999999994,1.2462799999999994e-05,-0.01975248832203136,0.026741662654739175
12.4636,1.2463599999999999e-05,0.07929937287869093,0.02588879409545384
12.464399999999998,1.2464399999999997e-05,0.03520571282358553,0.02505099401398866
12.465200000000003,1.2465200000000002e-05,0.024547708464973006,0.024227521069867385
12.465999999999994,1.2465999999999994e-05,-0.012176644850362073,0.023417338816873842
12.4668,1.2466799999999999e-05,0.03559457642454167,0.022619133060685328
12.467599999999997,1.2467599999999997e-05,-0.027679557574368574,0.02183133417980275
12.468399999999995,1.2468399999999996e-05,0.04610032600852276,0.02105214427201969
12.469199999999994,1.2469199999999992e-05,0.007623627800573907,0.02027956882164361
12.469999999999999,1.2469999999999997e-05,0.052093668353651035,0.019511452385576472
12.470799999999997,1.2470799999999996e-05,0.021415426654957104,0.018745517625010227
12.471599999999995,1.2471599999999994e-05,-0.02482965596792075,0.017979406901251955
12.4724,1.24724e-05,0.07615460796579043,0.017210725606107334
12.473199999999999,1.2473199999999998e-05,0.029551869499267802,0.016437086369176394
12.474000000000004,1.2474000000000003e-05,0.054417583036136086,0.0156561532524412
12.474799999999995,1.2474799999999994e-05,0.02899127012652647,0.014865685040648703
12.4756,1.24756e-05,0.005651695241783994,0.01406357681032595
12.476399999999998,1.2476399999999998e-05,0.08009298787478514,0.01324789909823549
12.477200000000003,1.2477200000000003e-05,0.004237525195660896,0.01241693413617755
12.477999999999994,1.2477999999999995e-05,-0.025201875431597465,0.011569208743355434
12.4788,1.24788e-05,0.019446898787634725,0.010703523570439657
12.479599999999998,1.2479599999999997e-05,0.065273234226635,0.009818978450389053
12.480400000000003,1.2480400000000002e-05,-0.005925320676142154,0.008914993601670742
12.481199999999994,1.2481199999999993e-05,0.050351914558239064,0.007991326384379384
12.482,1.2481999999999998e-05,-0.004457436504143875,0.0070480833070569295
12.482799999999997,1.2482799999999997e-05,0.011502429055190833,0.006085727045577177
12.483600000000003,1.2483600000000002e-05,0.02263421889774575,0.005105078318452929
12.484399999999994,1.2484399999999993e-05,0.05398219171510921,0.004107312519449141
12.485199999999999,1.2485199999999999e-05,0.002767749018050214,0.0030939510414796137
12.485999999999997,1.2485999999999997e-05,0.020184907652111228,0.0020668472761291674
12.486800000000002,1.2486800000000002e-05,0.02336390569373259,0.0010281673701602462
12.487599999999993,1.2487599999999992e-05,0.007627221003476126,-1.963405365637594e-05
12.488399999999999,1.2488399999999999e-05,0.020889628242329095,-0.001073842887098605
12.489199999999997,1.2489199999999996e-05,0.041094084457080515,-0.0021315188178977263
12.489999999999995,1.2489999999999994e-05,-0.029255817149467345,-0.0031895323903607686
12.4908,1.2490799999999999e-05,-0.025662989301220684,-0.004244605235230084
12.491599999999998,1.2491599999999997e-05,-0.0001281124771757014,-0.005293352771937871
12.492400000000004,1.2492400000000003e-05,-0.006021969319185527,-0.006332328661103734
12.493199999999995,1.2493199999999994e-05,0.01970355644250643,-0.007358070350466393
12.494,1.2494e-05,-0.005199794914450218,-0.008367145173155503
12.494799999999998,1.2494799999999998e-05,-0.026034452422070142,-0.009356196549444775
12.495600000000003,1.2495600000000003e-05,0.032536057568947396,-0.010321989879853213
12.496399999999994,1.2496399999999994e-05,0.03707967256501166,-0.011261457720403784
12.4972,1.24972e-05,-0.023342479310203168,-0.012171743817195397
12.497999999999998,1.2497999999999996e-05,-0.003834989448472381,-0.013050245524702242
12.498800000000003,1.2498800000000003e-05,-0.007813087694672927,-0.013894654026965438
12.499599999999994,1.2499599999999993e-05,-0.012726841637366593,-0.01470299166822666
12.500399999999999,1.2500399999999998e-05,-0.011851141618190675,-0.015473645638658209
12.501199999999997,1.2501199999999996e-05,-0.0317508997722451,-0.016205397260817482
12.502000000000002,1.2502000000000002e-05,-0.029736412016244662,-0.01689744615994153
12.502799999999993,1.2502799999999993e-05,-0.033402246476085695,-0.017549428669107844
12.503599999999999,1.2503599999999998e-05,-0.0284941662534417,-0.018161429930926176
12.504399999999997,1.2504399999999997e-05,-0.02441090878407326,-0.01873398931593538
12.505200000000002,1.2505200000000002e-05,-0.000901678644593118,-0.019268098967989672
12.505999999999993,1.2505999999999992e-05,-0.03715092230176564,-0.019765195476840317
12.506799999999998,1.2506799999999999e-05,-0.015969767879065233,-0.02022714483733205
12.507599999999996,1.2507599999999995e-05,-0.025216439051629513,-0.020656220973489393
12.508400000000002,1.25084e-05,-0.02856093131359394,-0.021055078201415618
12.5092,1.2509199999999999e-05,-0.023589490722165207,-0.02142671810171058
12.509999999999998,1.2509999999999997e-05,-0.028878112477175644,-0.021774451380244485
12.510800000000003,1.2510800000000002e-05,-0.013422483816067365,-0.022101855413199693
12.511600000000001,1.25116e-05,-0.015016143871172782,-0.022412728291470084
12.5124,1.2512399999999999e-05,0.01892658558352156,-0.022711040287107565
12.513199999999998,1.2513199999999997e-05,-0.002648917648649829,-0.023000883736451466
12.514000000000003,1.2514000000000002e-05,0.008755417643128816,-0.023286422342377742
12.514799999999994,1.2514799999999994e-05,0.0019523839961496092,-0.023571840825466227
12.5156,1.25156e-05,0.017848321355406926,-0.023861295711154924
12.516399999999997,1.2516399999999996e-05,-0.009036040971756476,-0.024158867855417026
12.517200000000003,1.2517200000000003e-05,-0.03683657799815876,-0.024468517109888666
12.517999999999994,1.2517999999999993e-05,-0.0633661213416522,-0.02479403933337458
12.518799999999999,1.2518799999999998e-05,-0.011648009577759355,-0.02513902581765436
12.519599999999997,1.2519599999999996e-05,-0.030728430187052957,-0.02550682516777015
12.520400000000002,1.2520400000000001e-05,-0.004840814896485357,-0.02590050776783228
12.521199999999993,1.2521199999999993e-05,-0.00909240344617157,-0.026322833107031787
12.521999999999998,1.2521999999999998e-05,0.009539386396383298,-0.02677622035040797
12.522799999999997,1.2522799999999996e-05,0.01579071057070336,-0.02726272256711572
12.523600000000002,1.2523600000000002e-05,-0.00970728477618088,-0.027784004967425047
12.524399999999993,1.2524399999999993e-05,-0.06680726224666023,-0.028341327359497643
12.525199999999998,1.2525199999999998e-05,-0.020300604591788396,-0.028935530857550372
12.525999999999996,1.2525999999999995e-05,-0.01680593807244013,-0.02956702873051534
12.526800000000001,1.2526800000000002e-05,-0.02922309670650125,-0.030235801238868945
12.5276,1.2527599999999998e-05,-0.03389475661435504,-0.030941394355476787
12.528399999999998,1.2528399999999997e-05,-0.011866461581150123,-0.03168292233737113
12.529200000000003,1.2529200000000002e-05,-0.022329655967920692,-0.03245907416551519
12.530000000000001,1.253e-05,-0.03965583967888797,-0.0332681238980953
12.5308,1.2530799999999999e-05,-0.0357632311471664,-0.034107944997070205
12.531599999999997,1.2531599999999997e-05,0.01298336416136614,-0.034976028694067414
12.532400000000003,1.2532400000000002e-05,-0.02733797803651039,-0.03586950646949268
12.5332,1.25332e-05,-0.001778135006596293,-0.03678517671656242
12.533999999999999,1.2533999999999999e-05,-0.0011721435766693933,-0.03771953561428567
12.534799999999997,1.2534799999999997e-05,-0.02294737415790471,-0.03866881211963246
12.535600000000002,1.2535600000000002e-05,-0.005529459180916296,-0.03962900682290942
12.536399999999993,1.2536399999999992e-05,-0.070716514915661,-0.04059593422005088
12.537199999999999,1.2537199999999997e-05,-0.04526372311462756,-0.04156526777506964
12.537999999999997,1.2537999999999996e-05,-0.03181709700100477,-0.04253258702042539
12.538800000000002,1.2538800000000001e-05,-0.019924980436644146,-0.04349342590874915
12.539599999999993,1.2539599999999993e-05,-0.07353653293921747,-0.044443321674296925
12.540399999999998,1.2540399999999998e-05,0.007071350496421935,-0.04537786352960208
12.541199999999996,1.2541199999999996e-05,-0.006150014230875134,-0.04629274056385608
12.542000000000002,1.2542000000000001e-05,-0.05539876592058668,-0.04718378820800442
12.542799999999993,1.2542799999999993e-05,-0.06691790667834296,-0.048047032577187836
12.543599999999998,1.2543599999999998e-05,-0.05293489105502036,-0.04887873190393272
12.544399999999996,1.2544399999999995e-05,-0.08819154870989204,-0.04967541420064832
12.545200000000001,1.2545200000000001e-05,-0.05233873437933778,-0.05043391031502277
12.546,1.2545999999999998e-05,-0.0826725596800989,-0.05115138168385462
12.546799999999998,1.2546799999999996e-05,-0.0740332041117816,-0.05182534231144279
12.547600000000003,1.2547600000000002e-05,-0.04569987077848159,-0.05245367475579731
12.5484,1.25484e-05,-0.030752072218601878,-0.05303464017218666
12.549199999999999,1.2549199999999998e-05,-0.01984856913368227,-0.05356688270748202
12.549999999999997,1.2549999999999997e-05,-0.040699870778481695,-0.05404942871109283
12.550800000000002,1.2550800000000002e-05,-0.050020304905467716,-0.05448168128683536
12.5516,1.25516e-05,-0.009696882190443734,-0.05486341066186842
12.552399999999999,1.2552399999999999e-05,-0.06723924887621957,-0.055194740747062564
12.553199999999997,1.2553199999999997e-05,-0.08175581714946734,-0.05547613215881223
12.554000000000002,1.2554000000000002e-05,-0.09359573227360751,-0.05570836189564184
12.5548,1.2554799999999999e-05,-0.0688440678598895,-0.055892499853603415
12.555599999999998,1.2555599999999997e-05,-0.034531199458665784,-0.056029882469057
12.556399999999996,1.2556399999999996e-05,-0.005366045477720682,-0.05612208398774493
12.557200000000002,1.25572e-05,-0.05174049718650786,-0.05617088608209772
12.557999999999993,1.2557999999999992e-05,-0.030752828561429357,-0.056178246659761455
12.558799999999998,1.2558799999999997e-05,-0.012201043224738584,-0.056146268681373804
12.559599999999996,1.2559599999999996e-05,-0.02230468976215172,-0.05607716967779672
12.560400000000001,1.2560400000000001e-05,-0.03408616189472924,-0.05597325248514899
12.561199999999992,1.2561199999999992e-05,-0.08397135642875175,-0.055836877520906714
12.561999999999998,1.2561999999999998e-05,-0.033317513104434204,-0.05567043672176866
12.562799999999996,1.2562799999999996e-05,-0.07851780828489074,-0.05547632910433242
12.563600000000001,1.2563600000000001e-05,-0.02066866302127035,-0.055256937842929205
12.5644,1.2564399999999998e-05,-0.06360254165654233,-0.055014608779752956
12.565199999999997,1.2565199999999996e-05,-0.0992752981466215,-0.05475163034009817
12.566000000000003,1.2566000000000001e-05,-0.0008515577216202663,-0.054470214884256934
12.5668,1.25668e-05,-0.02252446593976254,-0.054172481592677624
12.567599999999999,1.2567599999999998e-05,-0.07323259122134779,-0.05386044105366763
12.568399999999997,1.2568399999999996e-05,-0.015485768320820381,-0.053535981761492685
12.569200000000002,1.2569200000000002e-05,-0.0038308284141775895,-0.053200858700116836
12.57,1.257e-05,-0.03432125803529951,-0.052856684099267165
12.570799999999998,1.2570799999999998e-05,-0.068513647250596,-0.052504920328065155
12.571599999999997,1.2571599999999997e-05,-0.0576761528830011,-0.05214687473973012
12.572400000000002,1.2572400000000002e-05,-0.07205427365872219,-0.05178369613393424
12.5732,1.25732e-05,-0.042967611497886304,-0.051416372435361686
12.573999999999998,1.2573999999999997e-05,-0.04176073452658957,-0.05104572923344576
12.574799999999996,1.2574799999999995e-05,-0.0462619828368781,-0.05067242894824919
12.575600000000001,1.25756e-05,-0.07155476562608332,-0.05029697051068582
12.5764,1.2576399999999999e-05,-0.03826455532148654,-0.04991968953419849
12.577199999999998,1.2577199999999997e-05,-0.03894847074013008,-0.049540759022219986
12.577999999999996,1.2577999999999995e-05,-0.06101572776774333,-0.04916019072839043
12.578800000000001,1.25788e-05,-0.06608873437933782,-0.04877783736674207
12.579599999999992,1.2579599999999992e-05,-0.0026135488571437104,-0.04839339594547718
12.580399999999997,1.2580399999999997e-05,-0.007091155135883098,-0.04800641257030126
12.581199999999995,1.2581199999999996e-05,-0.024264895560884403,-0.04761628911697046
12.582,1.2582e-05,-0.0291973741579048,-0.047222292157192494
12.582799999999999,1.2582799999999998e-05,-0.05821519074134107,-0.046823564405101305
12.583599999999997,1.2583599999999996e-05,-0.03205843469301706,-0.046419138776968724
12.584400000000002,1.2584400000000001e-05,-0.006890859955426487,-0.04600795500840148
12.5852,1.25852e-05,-0.07122434501678954,-0.04558887869251759
12.585999999999999,1.2585999999999998e-05,-0.022587069965619988,-0.045160722565842956
12.586799999999997,1.2586799999999996e-05,0.012721032786544795,-0.04472226983755338
12.587600000000002,1.2587600000000001e-05,-0.006057526622126552,-0.04427229931633491
12.5884,1.25884e-05,-0.05359081489648532,-0.0438096120173774
12.589199999999998,1.2589199999999998e-05,-0.02233116865357554,-0.0433330587969387
12.589999999999996,1.2589999999999996e-05,-0.09668356688070023,-0.04284156837791019
12.590800000000002,1.2590800000000001e-05,-0.07540500747202894,-0.042334174981919694
12.5916,1.25916e-05,-0.007829164000459743,-0.04181004476031787
12.592399999999998,1.2592399999999997e-05,0.002144357108016526,-0.04126850033799881
12.593199999999996,1.2593199999999995e-05,-0.03539384854346439,-0.040709042978084004
12.594000000000001,1.2594e-05,-0.05480052872785679,-0.040131372016380625
12.5948,1.2594799999999998e-05,-0.06651788414892235,-0.03953540123270909
12.595599999999997,1.2595599999999997e-05,-0.06307958010388914,-0.038921271782562064
12.596399999999996,1.2596399999999995e-05,0.0015120752980005703,-0.03828936132779306
12.5972,1.25972e-05,-0.006456792808719802,-0.037640289127249954
12.597999999999999,1.2597999999999999e-05,-0.042345732273607495,-0.03697491701086896
12.598799999999997,1.2598799999999997e-05,-0.054966022948199966,-0.03629434625951134
12.599599999999995,1.2599599999999995e-05,-0.00019355336300785897,-0.035599910415647515
12.6004,1.26004e-05,-0.0411889762252835,-0.03489316401833032
12.601199999999999,1.2601199999999999e-05,-0.04466699860755241,-0.03417586725485779
12.601999999999997,1.2601999999999996e-05,-0.011999991701454493,-0.03344996655251214
12.602800000000002,1.26028e-05,-0.01749382601394389,-0.03271757117197893
12.6036,1.2603599999999999e-05,-0.0686401794766307,-0.03198092590247146
12.604399999999998,1.2604399999999997e-05,-0.04350456883917886,-0.03124237999822299
12.605199999999996,1.2605199999999996e-05,-0.024381025201182016,-0.030504352548232333
12.606000000000002,1.2606000000000001e-05,-0.0187549849426083,-0.029769294565413676
12.6068,1.26068e-05,-0.0676600765772144,-0.02903964822421045
12.607599999999998,1.2607599999999998e-05,0.0011725762772898385,-0.02831780382902238
12.608399999999996,1.2608399999999996e-05,-0.03406460038042769,-0.027606055226833306
12.609200000000001,1.2609200000000001e-05,-0.03075831377004412,-0.026906554489869988
12.61,1.261e-05,-0.026538121488904,-0.026221266794948135
12.610799999999998,1.2610799999999996e-05,-0.00458699410158836,-0.025551926510881708
12.611599999999996,1.2611599999999995e-05,0.019197050515597835,-0.024899995573958562
12.612400000000001,1.26124e-05,0.031114133285727208,-0.02426662527372221
12.613199999999999,1.2613199999999998e-05,0.04063977997029211,-0.02365262254371775
12.613999999999997,1.2613999999999996e-05,-0.027713034360162037,-0.023058421703980272
12.614799999999995,1.2614799999999995e-05,-0.015336161894729305,-0.022484062330892493
12.6156,1.26156e-05,-0.024082568691927153,-0.02192917360665301
12.616399999999999,1.2616399999999998e-05,0.007015744364934351,-0.021392965233608348
12.617199999999997,1.2617199999999997e-05,-0.0120153116643138,-0.02087422485200719
12.617999999999995,1.2617999999999995e-05,0.011840415390246717,-0.020371321846596447
12.6188,1.26188e-05,-0.0052623989403075555,-0.019882217393542095
12.619599999999998,1.2619599999999999e-05,-0.0451086314799215,-0.019404480535652212
12.620399999999997,1.2620399999999995e-05,-0.053169987195490376,-0.018935309988130457
12.621200000000002,1.26212e-05,0.0331307015588751,-0.01847156132048159
12.622,1.2621999999999999e-05,-0.02785072551476131,-0.01800977918364639
12.622800000000005,1.2622800000000004e-05,0.044415502518988625,-0.017546234342305907
12.623599999999996,1.2623599999999995e-05,0.023763739711718523,-0.017076965345961658
12.624400000000001,1.26244e-05,0.0023300886684411992,-0.01659782464537786
12.6252,1.2625199999999999e-05,-0.010443213123609851,-0.016104528814183953
12.625999999999998,1.2625999999999997e-05,-0.013748743391166052,-0.015592712314189098
12.626799999999996,1.2626799999999996e-05,-0.024063844037600313,-0.01505798402744466
12.627600000000001,1.2627600000000001e-05,-0.01973508784192468,-0.014495985640591093
12.6284,1.26284e-05,0.023241345990557938,-0.013902450931670451
12.629199999999997,1.2629199999999996e-05,0.01202122957344931,-0.01327326504674581
12.629999999999995,1.2629999999999994e-05,-0.021054689762151746,-0.012604522901849068
12.6308,1.26308e-05,-0.015560099106734948,-0.011892585849306773
12.631599999999999,1.2631599999999998e-05,0.006246339231711695,-0.011134135703211121
12.632399999999997,1.2632399999999996e-05,-0.02871394243105252,-0.010326225177672711
12.633199999999995,1.2633199999999995e-05,-0.03676621973520433,-0.009466323798716406
12.634,1.2634e-05,0.004683319102424921,-0.008552358411551657
12.634799999999998,1.2634799999999998e-05,-0.03550865400944214,-0.007582747512907575
12.635599999999997,1.2635599999999996e-05,0.001147610071520755,-0.006556428789497007
12.636399999999995,1.2636399999999995e-05,-0.012114797167432134,-0.005472879419949736
12.6372,1.26372e-05,-0.01261354885714372,-0.004332128870917381
12.637999999999998,1.2637999999999998e-05,-0.016995830667159706,-0.0031347640746338026
12.638799999999996,1.2638799999999995e-05,0.006108648077112422,-0.0018819270188283506
12.639599999999994,1.2639599999999993e-05,-0.003796783796991554,-0.000575304920847463
12.6404,1.2640399999999998e-05,0.004931654688706932,0.0007828867016345855
12.641200000000005,1.2641200000000004e-05,0.026279816017505175,0.0021899276238495687
12.641999999999996,1.2641999999999995e-05,-0.020076667379882673,0.003642622634526072
12.642800000000001,1.26428e-05,0.058340831493646106,0.005137336785406285
12.6436,1.2643599999999999e-05,0.009601234079413379,0.006670035540050805
12.644400000000005,1.2644400000000004e-05,-0.01817830926408004,0.00823632918841967
12.645199999999996,1.2645199999999995e-05,0.021065525048409306,0.00983152091349313
12.646,1.2646e-05,-0.002408336299464797,0.011450657914657733
12.646799999999999,1.2646799999999999e-05,0.04363437062570885,0.013088584968787856
12.647599999999997,1.2647599999999997e-05,0.014595748870798508,0.014739999735620386
12.648399999999995,1.2648399999999994e-05,0.0554644509956046,0.016399509032049307
12.6492,1.2649199999999999e-05,0.014499100227754913,0.0180616852603699
12.649999999999999,1.2649999999999997e-05,-0.0034224838160673565,0.019721122192983054
12.650799999999997,1.2650799999999996e-05,0.07921237047848717,0.02137248936575295
12.651599999999995,1.2651599999999994e-05,0.04189602152173444,0.023010584374145257
12.6524,1.26524e-05,0.05101124309114158,0.02463038239170775
12.653199999999998,1.2653199999999998e-05,0.06975292102258179,0.0262270822814235
12.653999999999996,1.2653999999999996e-05,0.03283659459534982,0.027796148789643295
12.654799999999994,1.2654799999999994e-05,-0.019801285070684238,0.02933335048850635
12.6556,1.26556e-05,0.016609480283971467,0.03083479330526409
12.656399999999998,1.2656399999999998e-05,0.06808133697875962,0.0322969495668229
12.657199999999996,1.2657199999999995e-05,0.07585066624795067,0.03371668244889556
12.657999999999994,1.2657999999999993e-05,0.06438977997032214,0.035091265602583376
12.6588,1.2658799999999998e-05,0.025429082204098563,0.03641839766449423
12.659600000000005,1.2659600000000003e-05,0.07983292552848587,0.03769621141777185
12.660399999999996,1.2660399999999995e-05,0.04063977997029211,0.03892327751948817
12.661200000000001,1.26612e-05,0.05995680940591075,0.0400986028583188
12.661999999999999,1.2661999999999998e-05,0.0860000841625772,0.041221623720284394
12.662800000000004,1.2662800000000004e-05,0.04946770395910882,0.04229219403930677
12.663599999999995,1.2663599999999995e-05,0.055326759841005435,0.043310569120904696
12.6644,1.26644e-05,0.012849077698234401,0.04427738535742
12.665199999999999,1.2665199999999999e-05,0.059612393007977826,0.045193636573026164
12.666000000000004,1.2666000000000004e-05,0.08806053180728546,0.04606064769744857
12.666799999999995,1.2666799999999994e-05,0.047490854023126805,0.04688004645422188
12.6676,1.2667599999999999e-05,0.043259502813462136,0.04765373371287589
12.668399999999998,1.2668399999999997e-05,0.039606151456535565,0.04838385315448255
12.669200000000004,1.2669200000000002e-05,0.009701475925358971,0.049072760928258456
12.669999999999995,1.2669999999999994e-05,0.022416334725847586,0.04972299596499149
12.6708,1.2670799999999999e-05,0.04723968157683989,0.05033725150392728
12.671599999999998,1.2671599999999997e-05,0.06115668848293787,0.05091834817994189
12.672399999999996,1.2672399999999996e-05,0.08592083599954026,0.05146920875677992
12.673199999999994,1.2673199999999994e-05,0.0407052208562243,0.051992834361470314
12.674,1.2674e-05,0.06369148944302139,0.052492281941201625
12.674799999999998,1.2674799999999998e-05,0.10674925195571816,0.05297064263162294
12.675599999999996,1.2675599999999996e-05,0.05657259880674048,0.05343102075191403
12.676399999999994,1.2676399999999993e-05,0.07452955164206887,0.05387651319876115
12.6772,1.2677199999999998e-05,-0.0070069895957241,0.05431018910039182
12.677999999999997,1.2677999999999996e-05,0.1077662363323253,0.05473506969153233
12.678799999999995,1.2678799999999995e-05,0.08407259880674045,0.055154108420837754
12.6796,1.26796e-05,0.08186140907312578,0.05557017128233105
12.680399999999999,1.2680399999999998e-05,0.09737321169714441,0.05598601733899447
12.681200000000004,1.2681200000000003e-05,0.08191134148466372,0.05640427946743968
12.681999999999995,1.2681999999999995e-05,0.03298336416136616,0.056827445512110115
12.6828,1.26828e-05,0.055858231973683004,0.057257840236884905
12.683599999999998,1.2683599999999998e-05,0.03762097945200382,0.05769760862157946
12.684400000000004,1.2684400000000003e-05,0.024401695241784038,0.058148701107188436
12.685199999999995,1.2685199999999993e-05,0.056613641318266184,0.0586128613242876
12.686,1.2686e-05,0.07381102377471649,0.059091616667816406
12.686799999999998,1.2686799999999997e-05,0.08492541313726465,0.05958627186165636
12.687600000000003,1.2687600000000002e-05,0.06687729686743771,0.060097905456460834
12.688399999999994,1.2688399999999994e-05,0.06636606207484164,0.06062736908559338
12.6892,1.2689199999999999e-05,0.024643032933796438,0.06117528927880554
12.689999999999998,1.2689999999999997e-05,0.08378322070894262,0.06174207164957289
12.690800000000003,1.2690800000000002e-05,0.13174717143857073,0.06232790726111562
12.691599999999994,1.2691599999999994e-05,0.06748177561167967,0.06293278092518131
12.6924,1.2692399999999999e-05,0.06621229461449563,0.06355648116154296
12.693199999999997,1.2693199999999997e-05,0.0658610688336877,0.06419861161060057
12.693999999999996,1.2693999999999996e-05,0.032179914410957355,0.06485860381884079
12.694799999999994,1.2694799999999992e-05,0.07949002181626796,0.065535731408417
12.695599999999999,1.2695599999999998e-05,0.051718044198506896,0.06622912563197465
12.696399999999997,1.2696399999999996e-05,0.06947054081908377,0.06693779221351868
12.697199999999995,1.2697199999999994e-05,0.04154687625811415,0.06766062923566873
12.698,1.2698e-05,0.10230379828842207,0.06839644569139341
12.698799999999999,1.2698799999999998e-05,0.1042972923615435,0.06914398018700994
12.699600000000004,1.2699600000000003e-05,0.07130837542614643,0.06990191917814174
12.700399999999995,1.2700399999999994e-05,0.0935940844570805,0.07066891407775182
12.7012,1.27012e-05,0.06631802166901613,0.0714435966151768
12.701999999999998,1.2701999999999998e-05,0.1345477084649731,0.07222459191497747
12.702800000000003,1.2702800000000003e-05,0.1043014533958383,0.07301052885867977
12.703599999999994,1.2703599999999995e-05,0.08900791426373567,0.0738000473930025
12.7044,1.27044e-05,0.12345904165105126,0.07459180259361964
12.705199999999998,1.2705199999999997e-05,0.09015294355207237,0.07538446549707813
12.706000000000003,1.2706000000000002e-05,0.04284907769823432,0.07617672094274747
12.706799999999994,1.2706799999999993e-05,0.07339095241661897,0.07696726287291883
12.7076,1.2707599999999998e-05,0.12288387865831785,0.07775478767421162
12.708399999999997,1.2708399999999997e-05,0.08447470185337846,0.07853798617796597
12.709200000000003,1.2709200000000002e-05,0.043861144697689425,0.07931553490248194
12.709999999999994,1.2709999999999994e-05,0.10806752970159506,0.08008608708657315
12.710799999999999,1.2710799999999999e-05,0.03848344002539772,0.08084826405175864
12.711599999999997,1.2711599999999997e-05,0.0763473374205148,0.08160064739251073
12.712400000000002,1.2712400000000002e-05,0.09001373971174853,0.0823417723933632
12.713199999999993,1.2713199999999992e-05,0.11834083149364616,0.08307012292060546
12.713999999999999,1.2713999999999999e-05,0.08876373971174856,0.08378412787876721
12.714799999999997,1.2714799999999996e-05,0.11635357897195708,0.08448215921543485
12.715599999999995,1.2715599999999994e-05,0.08490668848293792,0.08516253144061864
12.7164,1.2716399999999999e-05,0.16406087204672326,0.08582350268809144
12.717199999999998,1.2717199999999997e-05,0.050005417643128824,0.08646327745019639
12.718000000000004,1.2718000000000003e-05,0.03215494820521836,0.08708001124286628
12.718799999999995,1.2718799999999994e-05,0.04515161937778245,0.08767181757095321
12.7196,1.27196e-05,0.061167091068674906,0.0882367775789155
12.720399999999998,1.2720399999999998e-05,0.09954146691353072,0.08877295260207758
12.721200000000003,1.2721200000000003e-05,0.14370813358019763,0.08927839950186993
12.721999999999994,1.2721999999999994e-05,0.07089378927662382,0.0897511883147537
12.7228,1.27228e-05,0.0967375251956909,0.09018942151236473
12.723599999999998,1.2723599999999996e-05,0.1447264421310981,0.09059125409940354
12.724400000000003,1.2724400000000003e-05,0.07871097044020559,0.09095491380421655
12.725199999999994,1.2725199999999993e-05,0.141845332767369,0.09127872067621064
12.725999999999999,1.2725999999999998e-05,0.09334990990509329,0.09156110548196848
12.726799999999997,1.2726799999999996e-05,0.11581794580502458,0.0918006263990008
12.727600000000002,1.2727600000000002e-05,0.0780431313272486,0.09199598363165476
12.728399999999993,1.2728399999999993e-05,0.130557127115855,0.09214603169130307
12.729199999999999,1.2729199999999998e-05,0.10792359699555365,0.09224978917153276
12.729999999999997,1.2729999999999997e-05,0.1394323351675698,0.09230644591087087
12.730800000000002,1.2730800000000002e-05,0.11406011570385599,0.09231536750426879
12.731599999999993,1.2731599999999992e-05,0.07389670200063025,0.09227609723864179
12.732399999999998,1.2732399999999999e-05,0.09574910022772498,0.09218835568561638
12.733199999999997,1.2733199999999995e-05,0.08782411149246516,0.09205203833231003
12.734000000000002,1.2734e-05,0.10403231263808221,0.0918672117045285
12.7348,1.2734799999999999e-05,0.06772178912937199,0.09163410842012423
12.735599999999998,1.2735599999999997e-05,0.07691361051324597,0.09135312153840301
12.736400000000003,1.2736400000000002e-05,0.09406503308101821,0.09102479847620416
12.737200000000001,1.27372e-05,0.07436140907312572,0.0906498346409957
12.738,1.2737999999999999e-05,0.08632218270331105,0.0902290667801663
12.738799999999998,1.2738799999999997e-05,0.11284907769823438,0.08976346588034874
12.739600000000003,1.2739600000000003e-05,0.11912896128115569,0.08925412929880706
12.740399999999994,1.2740399999999994e-05,0.1362499324345806,0.08870227170053088
12.7412,1.27412e-05,0.10915203548121188,0.08810921434726642
12.741999999999997,1.2741999999999996e-05,0.11887097945200387,0.08747637236609428
12.742800000000003,1.2742800000000003e-05,0.09064621003319917,0.08680523980145115
12.743599999999994,1.2743599999999993e-05,0.09877924818608264,0.08609737247056722
12.744399999999999,1.2744399999999998e-05,0.10439053631318951,0.08535436883708074
12.745199999999997,1.2745199999999996e-05,0.0663403395262151,0.08457784925674078
12.746000000000002,1.2746000000000001e-05,0.10121929250879524,0.08376943402996652
12.746799999999993,1.2746799999999993e-05,0.07839662613662868,0.08293072072911208
12.747599999999998,1.2747599999999998e-05,0.10554180715295869,0.08206326126271518
12.748399999999997,1.2748399999999996e-05,0.1055126799128947,0.0811685391100565
12.749200000000002,1.2749200000000002e-05,0.1181961424447373,0.08024794713784505
12.749999999999993,1.2749999999999993e-05,0.04175984305288993,0.07930276643071918
12.750799999999998,1.2750799999999998e-05,0.10037423241543808,0.07833414663683408
12.751599999999996,1.2751599999999995e-05,0.050825700042181676,0.0773430884117898
12.752400000000002,1.2752400000000002e-05,0.04524127012655643,0.07633042857618365
12.7532,1.2753199999999998e-05,0.0997682409854812,0.07529682854653716
12.753999999999998,1.2753999999999997e-05,0.05345790598820599,0.07424276646429538
12.754800000000003,1.2754800000000002e-05,0.05395722550934012,0.07316853326953231
12.755600000000001,1.27556e-05,0.07008485431763023,0.07207423278443323
12.7564,1.2756399999999999e-05,0.09561065273025826,0.07095978570321808
12.757199999999997,1.2757199999999997e-05,0.11266693934068184,0.06982493722775612
12.758000000000003,1.2758000000000002e-05,0.07509658107765738,0.06866926796369252
12.7588,1.27588e-05,0.07881537332044608,0.06749220765035412
12.759599999999999,1.2759599999999999e-05,0.07937389217601021,0.06629305135516741
12.760399999999997,1.2760399999999997e-05,0.021018997328338562,0.06507097786914112
12.761200000000002,1.2761200000000002e-05,0.06142450506640407,0.06382507011809205
12.761999999999993,1.2761999999999992e-05,0.08084518103937577,0.06255433740291133
12.762799999999999,1.2762799999999997e-05,0.06723344002539777,0.061257739192724196
12.763599999999997,1.2763599999999996e-05,0.03534075562964456,0.05993421005809366
12.764400000000002,1.2764400000000001e-05,0.10711806672799751,0.05858268521058707
12.765199999999993,1.2765199999999993e-05,0.09495888992305812,0.05720212604113009
12.765999999999998,1.2765999999999998e-05,0.07099251843684473,0.055791545022895704
12.766799999999996,1.2766799999999996e-05,0.06673620102141098,0.05435002938023715
12.767600000000002,1.2767600000000001e-05,0.07931961021874245,0.052876763038098906
12.768399999999993,1.2768399999999993e-05,0.056594916663939454,0.05137104652341982
12.769199999999998,1.2769199999999998e-05,0.0562798160175052,0.04983231463510339
12.769999999999996,1.2769999999999995e-05,0.07743316737443173,0.048260151807164454
12.770800000000001,1.2770800000000001e-05,0.04527607108663978,0.04665430516666996
12.7716,1.2771599999999998e-05,0.004621659930829525,0.045014695344396796
12.772399999999998,1.2772399999999997e-05,0.11272954336653918,0.0433414251319714
12.773200000000003,1.2773200000000002e-05,0.0028534272439638686,0.04163478608252599
12.774000000000001,1.2774e-05,0.029044227909543974,0.03989526311967132
12.774799999999999,1.2774799999999998e-05,0.05613796382861114,0.038123537170425686
12.775599999999997,1.2775599999999997e-05,0.05587638879658707,0.03632048578040605
12.776400000000002,1.2776400000000002e-05,0.02533110938676486,0.03448718159781585
12.7772,1.27772e-05,0.09938637527889471,0.032624888546182784
12.777999999999999,1.2777999999999999e-05,-0.002167566438945112,0.030735055484230084
12.778799999999997,1.2778799999999997e-05,0.04953257701351843,0.028819307187584294
12.779600000000002,1.2779600000000002e-05,0.053832017457625336,0.026879432557393397
12.7804,1.2780399999999999e-05,0.05347871115968017,0.02491737003061914
12.781199999999998,1.2781199999999997e-05,0.015885467208034187,0.022935190223861715
12.781999999999996,1.2781999999999996e-05,0.08140086303492511,0.020935075908978827
12.782800000000002,1.27828e-05,-0.01586252813884992,0.018919299514054067
12.783599999999993,1.2783599999999992e-05,0.062360160762837236,0.016890198455685408
12.784399999999998,1.2784399999999997e-05,-0.005217006883022068,0.014850148712854234
12.785199999999996,1.2785199999999996e-05,0.051133046451458775,0.012801537131151208
12.786000000000001,1.2786000000000001e-05,0.02434760179595119,0.010746732995382988
12.786799999999992,1.2786799999999992e-05,-0.02635995565424154,0.008688059442621587
12.787599999999998,1.2787599999999998e-05,0.013478711159710222,0.006627765320381994
12.788399999999996,1.2788399999999996e-05,-0.0021904521275667443,0.004567998109528872
12.789200000000001,1.2789200000000001e-05,0.05458194159362395,0.0025107784948208544
12.79,1.2789999999999998e-05,-0.0059147295789702126,0.00045797708259641065
12.790799999999997,1.2790799999999996e-05,-0.04876255066827073,-0.0015887063075470473
12.791600000000003,1.2791600000000001e-05,-0.04764816130572247,-0.003627760376779667
12.7924,1.27924e-05,0.013768657088940706,-0.005657876741342033
12.793199999999999,1.2793199999999998e-05,0.029615986210879908,-0.0076779607538488585
12.793999999999997,1.2793999999999996e-05,-0.02680234486953792,-0.009687138745558196
12.794800000000002,1.2794800000000002e-05,0.028941905546480906,-0.011684761894449875
12.7956,1.27956e-05,0.049142957069765014,-0.013670407020048573
12.796399999999998,1.2796399999999998e-05,-0.049636926513126456,-0.015643874582241268
12.797199999999997,1.2797199999999997e-05,-0.0209718483962128,-0.017605184059305327
12.798000000000002,1.2798000000000002e-05,-0.059746058259154466,-0.01955456674994616
12.7988,1.27988e-05,0.0017918071529287039,-0.021492455963855274
12.799599999999998,1.2799599999999997e-05,-0.010459100917861952,-0.023419474604401448
12.800399999999996,1.2800399999999995e-05,-0.040008389633975794,-0.02533642028624203
12.801200000000001,1.28012e-05,0.027093668353651013,-0.027244248278201207
12.802,1.2801999999999999e-05,-0.03856641652210868,-0.02914405264765977
12.802799999999998,1.2802799999999997e-05,-0.011133181582261065,-0.031037045998148355
12.803599999999996,1.2803599999999995e-05,-0.023156747749778495,-0.032924538157585274
12.804400000000001,1.28044e-05,-0.028907996060067,-0.0348079141161871
12.805199999999992,1.2805199999999992e-05,-0.020253320528890284,-0.03668861145645461
12.805999999999997,1.2805999999999997e-05,-0.05172706922936132,-0.03856809747740384
12.806799999999996,1.2806799999999996e-05,-0.012742161600225899,-0.04044784619168964
12.8076,1.28076e-05,-0.035306089800403284,-0.04232931536539996
12.808399999999999,1.2808399999999998e-05,-0.0813800044828884,-0.044213923773214515
12.809199999999997,1.2809199999999996e-05,-0.028807754214121295,-0.04610302885316506
12.810000000000002,1.2810000000000001e-05,-0.025790277870082923,-0.0479979049754767
12.8108,1.28108e-05,-0.028878680308568327,-0.04989972260105304
12.811599999999999,1.2811599999999998e-05,-0.030355454380548763,-0.05180952867190687
12.812399999999997,1.2812399999999996e-05,0.0025131718803257375,-0.05372822859173362
12.813200000000002,1.2813200000000001e-05,-0.04887035823997854,-0.055656570086916865
12.814,1.2814e-05,-0.08150105150030817,-0.057595129097638864
12.814799999999998,1.2814799999999998e-05,-0.0671543269932331,-0.05954429767673064
12.815599999999996,1.2815599999999996e-05,-0.07530608980040332,-0.06150427373915769
12.816400000000002,1.2816400000000001e-05,-0.07076096211858429,-0.06347505247686447
12.8172,1.28172e-05,-0.05949356163857744,-0.06545641934442938
12.817999999999998,1.2817999999999997e-05,-0.07697767384422549,-0.06744794467833172
12.818799999999996,1.2818799999999995e-05,-0.06828327997581318,-0.06944898017441675
12.819600000000001,1.28196e-05,-0.040932130058977,-0.0714586575834909
12.8204,1.2820399999999998e-05,0.0031293773845550987,-0.0734758900847736
12.821199999999997,1.2821199999999997e-05,-0.08166805840640612,-0.07549937683906278
12.821999999999996,1.2821999999999995e-05,-0.04301338287512957,-0.07752761116636052
12.8228,1.28228e-05,-0.0411734677509894,-0.07955889262451396
12.823599999999999,1.2823599999999999e-05,-0.10067263554413042,-0.08159134303887264
12.824399999999997,1.2824399999999997e-05,-0.0673107428021592,-0.08362292631996548
12.825199999999995,1.2825199999999995e-05,-0.05807523055815944,-0.08565147174442075
12.826,1.2826e-05,-0.09658181234899976,-0.08767470027127144
12.826799999999999,1.2826799999999999e-05,-0.07071783908988116,-0.08969025341034506
12.827599999999997,1.2827599999999996e-05,-0.10927719015233411,-0.09169572412685177
12.828400000000002,1.28284e-05,-0.09670910091786195,-0.0936886892457397
12.8292,1.2829199999999999e-05,-0.05295702040071448,-0.09566674282530636
12.829999999999998,1.2829999999999997e-05,-0.07444627757557942,-0.09762753000782201
12.830799999999996,1.2830799999999996e-05,-0.09682882376106172,-0.09956878089260596
12.831600000000002,1.2831600000000001e-05,-0.10521284584872725,-0.10148834396521036
12.8324,1.28324e-05,-0.09412625955202292,-0.10338421854911703
12.833199999999998,1.2833199999999998e-05,-0.09711328448167744,-0.10525458567520696
12.833999999999996,1.2833999999999996e-05,-0.11264608078857508,-0.10709783673846425
12.834800000000001,1.2834800000000001e-05,-0.12156100717752549,-0.10891259933091363
12.8356,1.28356e-05,-0.12392180333727149,-0.11069775968401827
12.836399999999998,1.2836399999999996e-05,-0.1348372216935831,-0.11245248122472568
12.837199999999996,1.2837199999999995e-05,-0.11144544536872047,-0.11417621886580524
12.838000000000001,1.2838e-05,-0.07193171395554754,-0.11586872881497014
12.838799999999999,1.2838799999999998e-05,-0.124280027012309,-0.11753007386446858
12.839599999999997,1.2839599999999996e-05,-0.11339316806456856,-0.11916062425521835
12.840399999999995,1.2840399999999995e-05,-0.09194003602413725,-0.12076105425972611
12.8412,1.28412e-05,-0.13898781205449634,-0.12233233461472987
12.841999999999999,1.2841999999999998e-05,-0.14446367805558613,-0.12387572090718033
12.842799999999997,1.2842799999999997e-05,-0.10838768285605377,-0.1253927380122173
12.843599999999995,1.2843599999999995e-05,-0.11786528913479316,-0.12688516071892153
12.8444,1.28444e-05,-0.15853993763068497,-0.1283549907611898
12.845199999999998,1.2845199999999999e-05,-0.09523232684598149,-0.12980443057118718
12.845999999999997,1.2845999999999995e-05,-0.1377913376689366,-0.13123585416258385
12.846800000000002,1.28468e-05,-0.10585420607026025,-0.13265177562441086
12.8476,1.2847599999999999e-05,-0.09505567369697387,-0.13405481575925174
12.848400000000005,1.2848400000000004e-05,-0.1422691324592108,-0.1354476674105599
12.849199999999996,1.2849199999999995e-05,-0.12688159303257462,-0.13683305997839473
12.850000000000001,1.285e-05,-0.15735102897078762,-0.13821372353804257
12.8508,1.2850799999999999e-05,-0.1397265772619003,-0.1395923529007114
12.851599999999998,1.2851599999999997e-05,-0.11752919480544999,-0.1409715719387761
12.852399999999996,1.2852399999999996e-05,-0.1659014901331583,-0.14235389854845926
12.853200000000001,1.2853200000000001e-05,-0.13649632263452072,-0.14374171070587244
12.854,1.2854e-05,-0.0934154859217976,-0.14513721415078706
12.854799999999997,1.2854799999999996e-05,-0.13301754390942444,-0.14654241229020584
12.855599999999995,1.2855599999999994e-05,-0.1282206759499559,-0.14795907893251967
12.8564,1.28564e-05,-0.070194877537328,-0.1493887344117084
12.857199999999999,1.2857199999999998e-05,-0.1450271142883025,-0.15083262552724744
12.857999999999997,1.2857999999999996e-05,-0.12579160204440293,-0.15229170952413104
12.858799999999995,1.2858799999999995e-05,-0.16774272943171853,-0.1537666420928315
12.8596,1.28596e-05,-0.13303494438953117,-0.15525776912409808
12.860399999999998,1.2860399999999998e-05,-0.18912209851772815,-0.15676512177066723
12.861199999999997,1.2861199999999996e-05,-0.1805536690438579,-0.15828841428634677
12.861999999999995,1.2861999999999995e-05,-0.1775549173541464,-0.15982704413257381
12.8628,1.28628e-05,-0.1249631860882251,-0.16138009395209876
12.863599999999998,1.2863599999999998e-05,-0.1772154183333357,-0.162946335185944
12.864399999999996,1.2864399999999995e-05,-0.08699015694711004,-0.16452423329339547
12.865199999999994,1.2865199999999993e-05,-0.1626808817486885,-0.16611195464737982
12.866,1.2865999999999998e-05,-0.17244011188816882,-0.1677073751743793
12.866800000000005,1.2866800000000004e-05,-0.193910644408607,-0.16930809070566666
12.867599999999996,1.2867599999999995e-05,-0.17929667114948838,-0.17091142888048316
12.868400000000001,1.28684e-05,-0.17108854586790306,-0.17251446238773605
12.8692,1.2869199999999999e-05,-0.19467097113041243,-0.17411402339642104
12.870000000000005,1.2870000000000004e-05,-0.1201335976856906,-0.17570671917033603
12.870799999999996,1.2870799999999995e-05,-0.12477121297635824,-0.177288949014343
12.8716,1.28716e-05,-0.22457980769588393,-0.17885692278751691
12.872399999999999,1.2872399999999999e-05,-0.17112618368799143,-0.18040668120252173
12.873199999999997,1.2873199999999997e-05,-0.14743046564525908,-0.1819341180376772
12.873999999999995,1.2873999999999994e-05,-0.16312175827823017,-0.18343500430447693
12.8748,1.2874799999999999e-05,-0.15023592004878372,-0.18490501438238516
12.875599999999999,1.2875599999999997e-05,-0.17732057755640368,-0.18633975410350395
12.876399999999997,1.2876399999999996e-05,-0.1993753514811324,-0.18773479068263027
12.877199999999995,1.2877199999999994e-05,-0.15552927066948152,-0.1890856842582216
12.878,1.2878e-05,-0.15478029138777527,-0.19038802069484842
12.878799999999998,1.2878799999999998e-05,-0.23415122575779201,-0.19163744522412468
12.879599999999996,1.2879599999999996e-05,-0.21599813877630186,-0.1928296964500374
12.880399999999995,1.2880399999999994e-05,-0.15471485050194306,-0.1939606402115439
12.8812,1.28812e-05,-0.22592588850753487,-0.19502630281938257
12.881999999999998,1.2881999999999998e-05,-0.18358306065928814,-0.1960229032829178
12.882799999999996,1.2882799999999995e-05,-0.17619786612526578,-0.19694688426988546
12.883599999999994,1.2883599999999993e-05,-0.16679950800956317,-0.19779494164307795
12.8844,1.2884399999999998e-05,-0.1730035481208851,-0.1985640524723629
12.885200000000005,1.2885200000000003e-05,-0.21116363299664498,-0.1992515014142495
12.885999999999996,1.2885999999999995e-05,-0.1932728773900762,-0.19985490528062858
12.886800000000001,1.28868e-05,-0.22089865327318353,-0.20037223552270342
12.887599999999999,1.2887599999999998e-05,-0.18220293523045117,-0.20080183830070142
12.888400000000004,1.2888400000000004e-05,-0.17389608078857505,-0.20114245182794005
12.889199999999995,1.2889199999999995e-05,-0.19513775871998534,-0.20139322074299154
12.89,1.289e-05,-0.19687743199827978,-0.20155370731697517
12.890799999999999,1.2890799999999999e-05,-0.1811456646851456,-0.20162389930598004
12.891600000000004,1.2891600000000004e-05,-0.21022816581168652,-0.20160421422293037
12.892399999999995,1.2892399999999994e-05,-0.21830824618158234,-0.20149549976674927
12.8932,1.2893199999999999e-05,-0.19659013441758943,-0.20129903013813594
12.893999999999998,1.2893999999999997e-05,-0.21500763329114836,-0.20101649800713572
12.894800000000004,1.2894800000000002e-05,-0.20383763779701242,-0.20065000198485963
12.895599999999995,1.2895599999999994e-05,-0.196780027012309,-0.2002020295775981
12.8964,1.2896399999999999e-05,-0.2082978435958452,-0.19967543574057983
12.897199999999998,1.2897199999999997e-05,-0.1943454678982411,-0.19907341728159833
12.897999999999996,1.2897999999999996e-05,-0.1974943938454365,-0.19839948348414654
12.898799999999994,1.2898799999999994e-05,-0.1988412309999148,-0.19765742342464052
12.8996,1.28996e-05,-0.17521984374309685,-0.1968512705496988
12.900399999999998,1.2900399999999998e-05,-0.1301385150629128,-0.1959852651527046
12.901199999999996,1.2901199999999996e-05,-0.17223641201624468,-0.19506381542229867
12.901999999999994,1.2901999999999993e-05,-0.20828044311573846,-0.19409145769042413
12.9028,1.2902799999999998e-05,-0.1825299511483774,-0.19307281636860074
12.903599999999997,1.2903599999999996e-05,-0.22582489031876174,-0.19201256388373647
12.904399999999995,1.2904399999999995e-05,-0.19406365552616556,-0.19091538080855566
12.9052,1.29052e-05,-0.1756907923669645,-0.18978591638558076
12.905999999999999,1.2905999999999998e-05,-0.1597350878419247,-0.18862874974732885
12.906800000000004,1.2906800000000003e-05,-0.15479693552495466,-0.1874483522666651
12.907599999999995,1.2907599999999995e-05,-0.1818725146211576,-0.18624905154928617
12.9084,1.29084e-05,-0.18841681009611772,-0.18503499756166883
12.909199999999998,1.2909199999999998e-05,-0.11660204968908122,-0.18381013129469842
12.910000000000004,1.2910000000000003e-05,-0.18181766483239725,-0.18257815625184975
12.910799999999995,1.2910799999999993e-05,-0.2036984339567584,-0.18134251294673343
12.9116,1.29116e-05,-0.16577552573861626,-0.18010635648840395
12.912399999999998,1.2912399999999997e-05,-0.17594953053898377,-0.17887253723870128
12.913200000000003,1.2913200000000002e-05,-0.16005775421412127,-0.17764358448788373
12.913999999999994,1.2913999999999994e-05,-0.14043621522924027,-0.17642169311674397
12.9148,1.2914799999999999e-05,-0.2119644343985136,-0.17520871324232026
12.915599999999998,1.2915599999999997e-05,-0.15191090878407332,-0.17400614283686897
12.916400000000003,1.2916400000000002e-05,-0.15793129785211807,-0.17281512327883522
12.917199999999994,1.2917199999999994e-05,-0.16369162457382352,-0.1716364377799515
12.918,1.2917999999999999e-05,-0.12224265356768693,-0.17047051264176852
12.918799999999997,1.2918799999999997e-05,-0.21452004053000134,-0.16931742129285912
12.919599999999996,1.2919599999999996e-05,-0.16545910091786198,-0.16817689101973282
12.920399999999994,1.2920399999999992e-05,-0.1659238079903873,-0.16704831225817393
12.921199999999999,1.2921199999999998e-05,-0.14718496691895178,-0.1659307503131249
12.921999999999997,1.2921999999999996e-05,-0.12702911894151847,-0.16482295944027994
12.922799999999995,1.2922799999999994e-05,-0.15671401829508413,-0.16372339929850488
12.9236,1.29236e-05,-0.11795153519219959,-0.16263025379822105
12.924399999999999,1.2924399999999998e-05,-0.13991665836805456,-0.16154145230126482
12.925200000000004,1.2925200000000003e-05,-0.19223565567341733,-0.16045469299536222
12.925999999999995,1.2925999999999994e-05,-0.11577552573861627,-0.15936746811320723
12.9268,1.29268e-05,-0.16898724422310368,-0.1582770905379275
12.927599999999998,1.2927599999999998e-05,-0.19940164186122156,-0.15718072126726465
12.928400000000003,1.2928400000000003e-05,-0.1458131635587045,-0.15607539720415442
12.929199999999994,1.2929199999999995e-05,-0.11375214808253353,-0.15495805879629582
12.93,1.293e-05,-0.18053986176665338,-0.15382557715322698
12.930799999999998,1.2930799999999997e-05,-0.17397476112021915,-0.1526747803877164
12.931600000000003,1.2931600000000002e-05,-0.1379515351921996,-0.15150247901468641
12.932399999999994,1.2932399999999993e-05,-0.14356225548781398,-0.15030549030910326
12.9332,1.2933199999999998e-05,-0.10563518623547685,-0.14908066161516387
12.933999999999997,1.2933999999999997e-05,-0.13917581264350315,-0.14782489269567728
12.934800000000003,1.2934800000000002e-05,-0.12010787513709403,-0.14653515724923122
12.935599999999994,1.2935599999999994e-05,-0.1548790205479662,-0.1452085236741964
12.936399999999999,1.2936399999999999e-05,-0.13764891764864978,-0.14384217505643582
12.937199999999997,1.2937199999999997e-05,-0.10966756643894504,-0.14243342826103195
12.938000000000002,1.2938000000000002e-05,-0.1799499466424132,-0.140979751954755
12.938799999999993,1.2938799999999992e-05,-0.1477024432629902,-0.13947878337529132
12.939599999999999,1.2939599999999999e-05,-0.09580975886723697,-0.13792834368597257
12.940399999999997,1.2940399999999996e-05,-0.14113110106511362,-0.13632645181375452
12.941199999999995,1.2941199999999994e-05,-0.1485038124962514,-0.1346713367504971
12.942,1.2941999999999999e-05,-0.0872509756362766,-0.1329614483624048
12.942799999999998,1.2942799999999997e-05,-0.10518296226583607,-0.13119546677781738
12.943600000000004,1.2943600000000003e-05,-0.12906025083469813,-0.1293723104175272
12.944399999999995,1.2944399999999994e-05,-0.10927662232094149,-0.12749114269092948
12.9452,1.29452e-05,-0.09130643003980121,-0.1255513772980773
12.945999999999998,1.2945999999999998e-05,-0.13089184389034864,-0.12355268197459487
12.946800000000003,1.2946800000000003e-05,-0.14247850605108453,-0.12149498042284275
12.947599999999994,1.2947599999999994e-05,-0.11174049718650791,-0.11937845210274498
12.9484,1.29484e-05,-0.0993072622466602,-0.11720352953005188
12.949199999999998,1.2949199999999996e-05,-0.14051054601515484,-0.11497089276734355
12.950000000000003,1.2950000000000003e-05,-0.118572658073551,-0.11268146087459723
12.950799999999994,1.2950799999999993e-05,-0.1074117409909322,-0.11033638017748384
12.9516,1.2951599999999998e-05,-0.12977669818487303,-0.10793700931113039
12.952399999999997,1.2952399999999996e-05,-0.12654360669751885,-0.10548490112188591
12.953200000000002,1.2953200000000002e-05,-0.056735579809385706,-0.10298178166013239
12.953999999999994,1.2953999999999993e-05,-0.1098546221736898,-0.10042952665773132
12.954799999999999,1.2954799999999998e-05,-0.08995278350248809,-0.09783013602601587
12.955599999999997,1.2955599999999997e-05,-0.10256891314268574,-0.09518570700057821
12.956400000000002,1.2956400000000002e-05,-0.07710496241308773,-0.09249840659520925
12.957199999999993,1.2957199999999992e-05,-0.032965530980738844,-0.08977044404513987
12.957999999999998,1.2957999999999999e-05,-0.07785621072337623,-0.08700404393598142
12.958799999999997,1.2958799999999995e-05,-0.0648735353394514,-0.0842014206946825
12.959600000000002,1.29596e-05,-0.07933922634679891,-0.08136475502646617
12.9604,1.2960399999999999e-05,-0.039124367546310324,-0.0784961727379819
12.961199999999998,1.2961199999999997e-05,-0.0519525191270217,-0.07559772624719406
12.962000000000003,1.2962000000000002e-05,-0.05805518172951285,-0.07267137896661223
12.962800000000001,1.29628e-05,-0.08490058206236778,-0.06971899263514723
12.9636,1.2963599999999999e-05,-0.0665874860690494,-0.06674231755364239
12.964399999999998,1.2964399999999997e-05,-0.04408672972622196,-0.06374298558383815
12.965200000000003,1.2965200000000003e-05,-0.06709664034449803,-0.060722505739877856
12.965999999999994,1.2965999999999994e-05,-0.06148932474025104,-0.057682262229665625
12.9668,1.29668e-05,-0.054696125847616184,-0.05462351485248807
12.967599999999997,1.2967599999999996e-05,0.0004165991012139436,-0.05154740170857085
12.968400000000003,1.2968400000000003e-05,-0.021650090094906704,-0.048454944222077086
12.969199999999994,1.2969199999999993e-05,-0.05679969652099792,-0.045347054495075256
12.969999999999999,1.2969999999999998e-05,0.0024776145773849345,-0.042224544957593625
12.970799999999997,1.2970799999999996e-05,-0.058724912848182265,-0.03908814016442794
12.971600000000002,1.2971600000000001e-05,-0.022190640639001447,-0.035938490467443254
12.972399999999993,1.2972399999999993e-05,-0.020171991848706328,-0.032776187207814805
12.973199999999999,1.2973199999999998e-05,-0.0011715757452768205,-0.029601779032456102
12.973999999999997,1.2973999999999996e-05,-0.005260886254552566,-0.026415788922572108
12.974800000000002,1.2974800000000002e-05,-0.06255226900550637,-0.023218731497379665
12.975599999999993,1.2975599999999993e-05,-0.046056770279299,-0.02001113010836506
12.976399999999998,1.2976399999999998e-05,0.01532959670108014,-0.016793533207933913
12.977199999999996,1.2977199999999995e-05,-0.01604485500780717,-0.013566529522308596
12.978000000000002,1.2978000000000002e-05,0.0021952343739166658,-0.01033076168300316
12.9788,1.2978799999999998e-05,0.007524898640382971,-0.0070869381006767995
12.979599999999998,1.2979599999999997e-05,0.0192346883356862,-0.003835842934716187
12.980400000000003,1.2980400000000002e-05,-0.0031853071584497794,-0.0005783440188420336
12.981200000000001,1.29812e-05,-0.027968935672206374,0.00268460142425595
12.982,1.2981999999999999e-05,-0.0016973741579047186,0.005951943475281226
12.982799999999997,1.2982799999999997e-05,0.0009577174768012897,0.00922253879983466
12.983600000000003,1.2983600000000002e-05,0.03018906868640603,0.012495152608240955
12.9844,1.29844e-05,0.04908583825252233,0.015768463227822542
12.985199999999999,1.2985199999999999e-05,0.03585482728221545,0.019041069073987647
12.985999999999997,1.2985999999999997e-05,0.020863149350805132,0.022311497734762084
12.986800000000002,1.2986800000000002e-05,0.015188312343578758,0.025578216904041214
12.987599999999993,1.2987599999999992e-05,0.031998343884827585,0.028839646964841266
12.988399999999999,1.2988399999999997e-05,0.07757501956332591,0.03209417506509129
12.989199999999997,1.2989199999999996e-05,-0.005829996207318611,0.03534017051585875
12.990000000000002,1.2990000000000001e-05,0.04388762358918319,0.038576001304301034
12.990799999999993,1.2990799999999993e-05,0.032444894134418756,0.04180005148077577
12.991599999999998,1.2991599999999998e-05,0.10983576238849091,0.04501073913605599
12.992399999999996,1.2992399999999996e-05,0.06158791876963987,0.048206534615909444
12.993200000000002,1.2993200000000001e-05,0.021206809405910687,0.05138597857030568
12.993999999999993,1.2993999999999993e-05,0.08443782037614755,0.05454769945780124
12.994799999999998,1.2994799999999998e-05,0.0729937667471332,0.057690430201757945
12.995599999999996,1.2995599999999995e-05,0.03293532375554076,0.06081302375285599
12.996400000000001,1.2996400000000001e-05,0.0967445230900007,0.06391446732292658
12.9972,1.2997199999999998e-05,0.06029063470667184,0.0669938950402903
12.997999999999998,1.2997999999999997e-05,0.10517790975784158,0.07005059875431055
12.998800000000003,1.2998800000000002e-05,0.0778922007269075,0.07308403669610858
12.999600000000001,1.29996e-05,0.10750957867745359,0.07609383970462238
13.000399999999999,1.3000399999999998e-05,0.11520854968363015,0.07907981477046087
13.001199999999997,1.3001199999999997e-05,0.09203238850208373,0.08204194573559312
13.002000000000002,1.3002000000000002e-05,0.10396063020077773,0.08498039110963834
13.0028,1.30028e-05,0.09558133697875959,0.0878954791117575
13.003599999999999,1.3003599999999999e-05,0.04152191005234496,0.09078770019176564
13.004399999999997,1.3004399999999997e-05,0.09762930152059346,0.09365769738168854
13.005200000000002,1.3005200000000002e-05,0.08866501055152765,0.09650625483799563
13.006,1.3005999999999999e-05,0.14622477771738007,0.09933428484151732
13.006799999999998,1.3006799999999997e-05,0.08280595466956109,0.1021428133699576
13.007599999999996,1.3007599999999996e-05,0.16058417383877444,0.10493296423158291
13.008400000000002,1.30084e-05,0.13446146240763657,0.10770594170790117
13.009199999999993,1.3009199999999992e-05,0.12882010218616358,0.11046301170118632
13.009999999999998,1.3009999999999997e-05,0.11178272874151163,0.11320548149777393
13.010799999999996,1.3010799999999996e-05,0.1269204198961108,0.11593467841212682
13.011600000000001,1.3011600000000001e-05,0.1241081561096814,0.11865192772363956
13.012399999999992,1.3012399999999993e-05,0.14962203925085749,0.1213585304131961
13.013199999999998,1.3013199999999998e-05,0.10812729686743772,0.12405574124617169
13.013999999999996,1.3013999999999996e-05,0.13326366384775679,0.12674474776386968
13.014800000000001,1.3014800000000001e-05,0.12002149394891548,0.12942665075498566
13.0156,1.3015599999999998e-05,0.1144225004132583,0.1321024467683738
13.016399999999997,1.3016399999999996e-05,0.0858241873564668,0.1347730131730366
13.017200000000003,1.3017200000000001e-05,0.1526459456577698,0.13743909615470648
13.018,1.3018e-05,0.15978488512265765,0.14010130185568564
13.018799999999999,1.3018799999999998e-05,0.14758126111476488,0.1427600906398436
13.019599999999997,1.3019599999999996e-05,0.13846679588821842,0.14541577426357213
13.020400000000002,1.3020400000000002e-05,0.16858216918562163,0.14806851561475562
13.0212,1.30212e-05,0.1644175830361031,0.15071833063904122
13.021999999999998,1.3021999999999998e-05,0.19098060316539278,0.15336509206154667
13.022799999999997,1.3022799999999997e-05,0.14941001731037373,0.15600853451817626
13.023600000000002,1.3023600000000002e-05,0.1531085722131108,0.15864826075046226
13.0244,1.30244e-05,0.19193441568472025,0.1612837485867555
13.025199999999998,1.3025199999999997e-05,0.19160456290681926,0.16391435849386865
13.025999999999996,1.3025999999999995e-05,0.14813845579603901,0.16653934151688327
13.026800000000001,1.30268e-05,0.16038803969261273,0.16915784745197301
13.0276,1.3027599999999999e-05,0.20712771297086718,0.17176893313208502
13.028399999999998,1.3028399999999997e-05,0.18214303293376644,0.17437157072273707
13.029199999999996,1.3029199999999995e-05,0.21117125210296983,0.17696465591112268
13.030000000000001,1.303e-05,0.18907051828959298,0.1795470158647938
13.030799999999992,1.3030799999999992e-05,0.15541376224123915,0.18211741687902736
13.031599999999997,1.3031599999999997e-05,0.204560947910715,0.18467457171213664
13.032399999999996,1.3032399999999996e-05,0.20549168622998593,0.1872171466709762
13.0332,1.3033200000000001e-05,0.21682585177018465,0.189743768519382
13.033999999999992,1.303399999999999e-05,0.1932080577161992,0.1922530312644677
13.034799999999997,1.3034799999999996e-05,0.21267091186354192,0.19474350288394066
13.035600000000002,1.3035600000000001e-05,0.17777323422663505,0.19721373211011123
13.0364,1.30364e-05,0.15283791876963693,0.1996622554463379
13.037199999999999,1.3037199999999998e-05,0.21209083149364616,0.20208760460227132
13.037999999999997,1.3037999999999996e-05,0.21281843777244558,0.2044883144538389
13.038800000000002,1.3038800000000001e-05,0.21100292102258178,0.20686293146679618
13.0396,1.30396e-05,0.2740133994723206,0.20921002233395908
13.040399999999998,1.3040399999999998e-05,0.22458458994220398,0.21152818245321875
13.041199999999996,1.3041199999999996e-05,0.2564383123435787,0.21381604386792474
13.042000000000002,1.3042000000000002e-05,0.24576574436493437,0.2160722824040986
13.0428,1.30428e-05,0.19867125210296988,0.218295623934153
13.043599999999998,1.3043599999999997e-05,0.19127773550035776,0.2204848499144112
13.044399999999996,1.3044399999999995e-05,0.23396195437505762,0.22263880251179194
13.045200000000001,1.30452e-05,0.24078522536208846,0.2247563896923681
13.046,1.3045999999999998e-05,0.21997345354309006,0.22683659058462918
13.046799999999998,1.3046799999999997e-05,0.2303051983267037,0.22887846131778303
13.047599999999996,1.3047599999999995e-05,0.22657751618390265,0.2308811414427976
13.0484,1.30484e-05,0.21189469734748445,0.2328438609818569
13.049199999999999,1.3049199999999999e-05,0.26692250041325827,0.23476594808581572
13.049999999999997,1.3049999999999997e-05,0.24653779784666696,0.23664683718895396
13.050799999999995,1.3050799999999995e-05,0.2366790822041286,0.23848607745503328
13.0516,1.30516e-05,0.286360388354862,0.24028334124655054
13.052399999999999,1.3052399999999999e-05,0.19636265738341407,0.24203843233962263
13.053199999999997,1.3053199999999996e-05,0.276073847116999,0.24375129363333176
13.054000000000002,1.3054e-05,0.22026283164089788,0.2454220141274945
13.0548,1.3054799999999999e-05,0.28125333712598133,0.24705083493507635
13.055599999999998,1.3055599999999997e-05,0.22494205727444405,0.24863815404937742
13.056399999999996,1.3056399999999996e-05,0.29978488512269064,0.25018452952509557
13.057200000000002,1.3057200000000001e-05,0.2974963392317117,0.25169068068798733
13.058,1.3058e-05,0.26391126562066225,0.2531574869883948
13.058799999999998,1.3058799999999998e-05,0.27321637978478874,0.2545859841874392
13.059599999999996,1.3059599999999996e-05,0.24240876900008523,0.2559773577143881
13.060400000000001,1.3060400000000001e-05,0.24446978447622636,0.2573329332076129
13.0612,1.30612e-05,0.25591175758809315,0.2586541643701036
13.061999999999998,1.3061999999999996e-05,0.2867645719185774,0.25994261828817694
13.062799999999996,1.3062799999999995e-05,0.29804937287869093,0.2611999582969776
13.063600000000001,1.30636e-05,0.25399883585228866,0.2624279243965844
13.0644,1.3064399999999998e-05,0.2792952118443961,0.2636283111984943
13.065199999999997,1.3065199999999996e-05,0.257807278843851,0.2648029434290329
13.065999999999995,1.3065999999999995e-05,0.2515920798039346,0.26595364908437935
13.0668,1.30668e-05,0.3521220392508875,0.26708223036425943
13.067599999999999,1.3067599999999998e-05,0.28028987836384445,0.26819043250296154
13.068399999999997,1.3068399999999997e-05,0.3314362318264312,0.26927991062457873
13.069199999999995,1.3069199999999995e-05,0.2902669926752227,0.27035219484915307
13.07,1.307e-05,0.25324834388482764,0.271408654089535
13.070799999999998,1.3070799999999999e-05,0.30701706853915434,0.27245045924704847
13.071599999999997,1.3071599999999995e-05,0.3108623930079778,0.27347854674823024
13.072400000000002,1.30724e-05,0.24212355193657242,0.2744935835184158
13.0732,1.3073199999999999e-05,0.2543905363132196,0.2754959345789296
13.074000000000005,1.3074000000000004e-05,0.25837355193654243,0.27648563450686725
13.074799999999996,1.3074799999999996e-05,0.251293055463217,0.27746236398034774
13.075600000000001,1.30756e-05,0.2722654041254363,0.27842543250429636
13.0764,1.3076399999999999e-05,0.25438429476177726,0.27937376818576376
13.077199999999998,1.3077199999999997e-05,0.2462185361659378,0.28030591515984904
13.077999999999996,1.3077999999999996e-05,0.24023843326655148,0.28122003899422976
13.078800000000001,1.3078800000000001e-05,0.2980145719185774,0.2821139401173678
13.0796,1.30796e-05,0.2632496680591476,0.2829850750070863
13.080399999999997,1.3080399999999998e-05,0.31862321169714447,0.2838305845598567
13.081199999999995,1.3081199999999994e-05,0.28348552054254517,0.2846473287914448
13.082,1.3082e-05,0.2935746034599265,0.2854319268437994
13.082799999999999,1.3082799999999998e-05,0.30180429025581323,0.2861808011940753
13.083599999999997,1.3083599999999996e-05,0.2933359141164539,0.2868902249459425
13.084399999999995,1.3084399999999995e-05,0.30649751167796857,0.28755637109335047
13.0852,1.30852e-05,0.3351319498691636,0.28817536266637733
13.085999999999999,1.3085999999999998e-05,0.2731342947617773,0.28874332270564607
13.086799999999997,1.3086799999999996e-05,0.2973926926942986,0.2892564230801745
13.087599999999995,1.3087599999999995e-05,0.33959631670219104,0.289710931257595
13.0884,1.30884e-05,0.3155972247730816,0.29010325422831923
13.089199999999998,1.3089199999999998e-05,0.2920427910878508,0.29042997886914884
13.089999999999996,1.3089999999999995e-05,0.32223552054254523,0.29068790813629536
13.090799999999994,1.3090799999999993e-05,0.3165892429438899,0.29087409261814556
13.0916,1.3091599999999998e-05,0.3085481245684025,0.29098585712904107
13.092400000000005,1.3092400000000004e-05,0.298228106544846,0.29102082216501507
13.093199999999996,1.3093199999999995e-05,0.341097489148548,0.2909769201761174
13.094000000000001,1.3094e-05,0.30508542214909284,0.29085240674394186
13.0948,1.3094799999999999e-05,0.2645970730451185,0.29064586688761695
13.095600000000005,1.3095600000000004e-05,0.31138346255491833,0.29035621685576896
13.096399999999996,1.3096399999999995e-05,0.2866609253812642,0.2899827018729636
13.0972,1.30972e-05,0.3068180975330177,0.28952489035988027
13.097999999999999,1.3097999999999999e-05,0.24922844678424383,0.28898266513409465
13.098799999999997,1.3098799999999997e-05,0.2981592609675464,0.2883562120543123
13.099599999999995,1.3099599999999994e-05,0.31178405291583156,0.2876460065086103
13.1004,1.3100399999999999e-05,0.2945456279478256,0.28685279805930397
13.101199999999999,1.3101199999999997e-05,0.333059775464428,0.28597759346508356
13.101999999999997,1.3101999999999996e-05,0.2932831448449411,0.28502163825898114
13.102799999999995,1.3102799999999994e-05,0.2841422007269375,0.28398639710122264
13.1036,1.31036e-05,0.3074399767572966,0.28287353323000686
13.104399999999998,1.3104399999999998e-05,0.24408508190962486,0.28168488744869485
13.105199999999996,1.3105199999999996e-05,0.2608330772564792,0.28042245716294956
13.105999999999995,1.3105999999999994e-05,0.2804171669327067,0.27908837598166036
13.1068,1.31068e-05,0.2879345674127134,0.27768489430700727
13.107599999999998,1.3107599999999998e-05,0.2840266389180325,0.27621436118133025
13.108399999999996,1.3108399999999995e-05,0.25721112216819875,0.27467920749056185
13.109199999999994,1.3109199999999993e-05,0.2811948941344188,0.27308193050043916
13.11,1.3109999999999998e-05,0.2688325852890181,0.2714250796227471
13.110800000000005,1.3110800000000003e-05,0.27155311780955627,0.26971124323814044
13.111599999999996,1.3111599999999995e-05,0.3391198828697085,0.26794303632269695
13.112400000000001,1.31124e-05,0.290465207338532,0.26612308856250605
13.113199999999999,1.3113199999999998e-05,0.28501998126316075,0.264254032645243
13.114000000000004,1.3114000000000004e-05,0.26411572183541376,0.26233849252653646
13.114799999999995,1.3114799999999995e-05,0.2190830013924776,0.260379071656076
13.1156,1.31156e-05,0.31333458994223395,0.2583783413237577
13.116399999999999,1.3116399999999999e-05,0.2757190281333288,0.2563388293689546
13.117200000000004,1.3117200000000004e-05,0.21001449605461586,0.25426300948975233
13.117999999999995,1.3117999999999994e-05,0.26879437963753716,0.25215329136218684
13.1188,1.3118799999999999e-05,0.2569851044391156,0.25001201176852644
13.119599999999998,1.3119599999999997e-05,0.24190926096751642,0.24784142690695787
13.120400000000004,1.3120400000000002e-05,0.25801457191857746,0.24564370598806945
13.121199999999995,1.3121199999999994e-05,0.23478696563980794,0.2434209261433223
13.122,1.3121999999999999e-05,0.2556683393789634,0.2411750686059269
13.122799999999998,1.3122799999999997e-05,0.2483101915678575,0.23890801607237777
13.123599999999996,1.3123599999999996e-05,0.23187729686743763,0.2366215511056492
13.124399999999994,1.3124399999999994e-05,0.25919913103274517,0.23431735540322318
13.1252,1.31252e-05,0.24213111766230466,0.2319970097299428
13.125999999999998,1.3125999999999998e-05,0.1966136413182662,0.22966199430630876
13.126799999999996,1.3126799999999996e-05,0.28731760556555674,0.22731368944181374
13.127599999999994,1.3127599999999993e-05,0.23102448253692354,0.22495337620049125
13.1284,1.3128399999999998e-05,0.22647311330366215,0.2225822368823471
13.129199999999997,1.3129199999999996e-05,0.25069746661902725,0.22020135512268219
13.129999999999995,1.3129999999999995e-05,0.2607475875420001,0.21781171546954178
13.1308,1.31308e-05,0.2000631042918639,0.21541420238823542
13.131599999999999,1.3131599999999998e-05,0.19840759655379847,0.21300959874746633
13.132400000000004,1.3132400000000003e-05,0.23737529221429188,0.21059858394880823
13.133199999999995,1.3133199999999995e-05,0.20808209332162708,0.2081817319313223
13.134,1.3134e-05,0.20243865258300653,0.20575950928758138
13.134799999999998,1.3134799999999998e-05,0.2302558337465883,0.20333227369064016
13.135600000000004,1.3135600000000003e-05,0.18331019156785755,0.2009002727959139
13.136399999999995,1.3136399999999993e-05,0.195725458196236,0.19846364375864484
13.1372,1.31372e-05,0.18149051378369896,0.1960224134815929
13.137999999999998,1.3137999999999997e-05,0.19387778883486873,0.19357649965720913
13.138800000000003,1.3138800000000002e-05,0.20553745760722897,0.19112571257830357
13.139599999999994,1.3139599999999994e-05,0.2306717440704008,0.1886697575720932
13.1404,1.3140399999999999e-05,0.20417132796697135,0.18620823780943788
13.141199999999998,1.3141199999999997e-05,0.20976464778260906,0.18374065720808996
13.142000000000003,1.3142000000000002e-05,0.18913652700688788,0.18126642320993064
13.142799999999994,1.3142799999999994e-05,0.17070522085619433,0.17878484934071423
13.1436,1.3143599999999999e-05,0.17706094791071492,0.17629515759659942
13.144399999999997,1.3144399999999997e-05,0.18453238850208376,0.17379648078961915
13.145199999999996,1.3145199999999996e-05,0.15202822746778544,0.17128786500184973
13.145999999999994,1.3145999999999992e-05,0.1846853996195723,0.1687682722586549
13.146799999999999,1.3146799999999998e-05,0.2240489567752615,0.16623658346540815
13.147599999999997,1.3147599999999996e-05,0.17785948028397147,0.1636916015938908
13.148399999999995,1.3148399999999994e-05,0.1647181200625083,0.1611320550972398
13.1492,1.31492e-05,0.17518074661784633,0.15855660160711807
13.149999999999999,1.3149999999999998e-05,0.14078163215921624,0.15596383209769124
13.150800000000004,1.3150800000000003e-05,0.16106060767128694,0.15335227581611674
13.151599999999995,1.3151599999999994e-05,0.12897386964651958,0.1507204063272404
13.1524,1.31524e-05,0.16848552054254518,0.14806664899729363
13.153199999999998,1.3153199999999998e-05,0.1714765179950929,0.1453893901690186
13.154000000000003,1.3154000000000003e-05,0.13699966805914754,0.14268698819303827
13.154799999999994,1.3154799999999995e-05,0.13514178462347792,0.13995778641865458
13.1556,1.31556e-05,0.13331926997930466,0.13720012822859043
13.156399999999998,1.3156399999999997e-05,0.10140426772636246,0.13441237419511043
13.157200000000003,1.3157200000000002e-05,0.11656711359816563,0.13159292138696713
13.157999999999994,1.3157999999999993e-05,0.15104812456840255,0.12874022473918734
13.1588,1.3158799999999998e-05,0.12475575788259674,0.12585282022204075
13.159599999999998,1.3159599999999997e-05,0.1120825094250566,0.12292934935662286
13.160400000000003,1.3160400000000002e-05,0.138352746765101,0.11996858447437565
13.161199999999994,1.3161199999999994e-05,0.12318782037614762,0.11696945402317718
13.161999999999999,1.3161999999999999e-05,0.14671104630420417,0.11393106716352971
13.162799999999997,1.3162799999999997e-05,0.12009866159480476,0.11085273686456723
13.163600000000002,1.3163600000000002e-05,0.16794988737560268,0.10773400071756156
13.164399999999993,1.3164399999999992e-05,0.1163424200433626,0.10457463875187495
13.165199999999999,1.3165199999999999e-05,0.11710615145653558,0.10137468766750025
13.165999999999997,1.3165999999999996e-05,0.08629854067183196,0.09813445107437982
13.166799999999995,1.3166799999999994e-05,0.10964719396806133,0.09485450550998074
13.1676,1.3167599999999999e-05,0.11199210233341528,0.09153570213784255
13.168399999999998,1.3168399999999997e-05,0.0883922765908991,0.08817916408757183
13.169200000000004,1.3169200000000003e-05,0.09478980249981284,0.08478627940978757
13.169999999999995,1.3169999999999994e-05,0.12476407995118632,0.08135868963093405
13.1708,1.31708e-05,0.1061086480771124,0.07789827392291476
13.171599999999998,1.3171599999999998e-05,0.12071354292478409,0.07440712896316103
13.172400000000003,1.3172400000000003e-05,0.08433076914733695,0.07088754467634398
13.173199999999994,1.3173199999999994e-05,0.10549092988712838,0.06734197623286711
13.174,1.3174e-05,0.04384317638621993,0.06377301290672394
13.174799999999998,1.3174799999999996e-05,0.055447806858455295,0.06018334461512506
13.175600000000003,1.3175600000000003e-05,0.01801116722721008,0.05657572712125754
13.176399999999994,1.3176399999999993e-05,0.0293710553159654,0.052952946934669794
13.1772,1.3177199999999998e-05,0.056698563201322605,0.04931778686669064
13.177999999999997,1.3177999999999996e-05,0.05162063921256599,0.045672993007998895
13.178800000000003,1.3178800000000002e-05,0.05548752519569089,0.042021243656235156
13.179599999999994,1.3179599999999993e-05,-5.2836836999081704e-05,0.038365120513776746
13.180399999999999,1.3180399999999998e-05,0.10490933683150794,0.0347070823414592
13.181199999999997,1.3181199999999997e-05,0.024458625547591817,0.031049441178529338
13.182000000000002,1.3182000000000002e-05,0.03636398155766418,0.027394341198972105
13.182799999999993,1.3182799999999992e-05,0.026970540819083788,0.02374374027439794
13.183599999999998,1.3183599999999999e-05,0.045946558548136784,0.020099394353036808
13.184399999999997,1.3184399999999995e-05,0.04504721649754195,0.016462844811514398
13.185200000000002,1.31852e-05,-0.014636358681733852,0.012835408971747939
13.186,1.3185999999999999e-05,0.018989189609378898,0.009218174013400348
13.186799999999998,1.3186799999999997e-05,-0.003996322634520766,0.005611994552296754
13.187600000000003,1.3187600000000002e-05,-0.03778396045460908,0.002017494159513234
13.188399999999994,1.3188399999999994e-05,-0.014679481710436981,-0.0015649289697009933
13.1892,1.3189199999999999e-05,-0.006118617962229123,-0.0051350921288752325
13.189999999999998,1.3189999999999997e-05,-0.011407996060066927,-0.008693014130016805
13.190800000000003,1.3190800000000003e-05,0.015406764346969526,-0.01223889761642053
13.191599999999994,1.3191599999999994e-05,0.014871887522824312,-0.01577310822763065
13.1924,1.31924e-05,-0.012257405699153678,-0.019296151307042993
13.193199999999997,1.3193199999999998e-05,0.002097073045118525,-0.022808646862923956
13.194000000000003,1.3194000000000003e-05,-0.021353714102799293,-0.026311303430774438
13.194799999999994,1.3194799999999993e-05,-0.029526470592878384,-0.029804891383766165
13.195599999999999,1.3195599999999998e-05,0.006287381743267373,-0.033290216143617796
13.196399999999997,1.3196399999999996e-05,-0.03439218412974643,-0.03676809167670103
13.197200000000002,1.3197200000000001e-05,-0.019552193141574747,-0.040239314609069175
13.197999999999993,1.3197999999999993e-05,-0.0870862377587609,-0.043704639238525925
13.198799999999999,1.3198799999999998e-05,-0.0150795042398576,-0.04716475366446628
13.199599999999997,1.3199599999999996e-05,-0.024397669338361405,-0.050620257230716295
13.200400000000002,1.3200400000000002e-05,-0.051333665274152396,-0.0540716395002882
13.201199999999993,1.3201199999999993e-05,-0.06472600943050755,-0.057519261016870306
13.201999999999998,1.3201999999999998e-05,-0.041683566880700185,-0.06096333610911417
13.202799999999996,1.3202799999999995e-05,-0.04840792019603535,-0.06440391796657748
13.203600000000002,1.3203600000000002e-05,-0.03501198283687801,-0.06784088619553838
13.2044,1.3204399999999998e-05,-0.07838068496168415,-0.07127393704775532
13.205199999999998,1.3205199999999997e-05,-0.08274008108307845,-0.0747025764759092
13.206000000000003,1.3206000000000002e-05,-0.04822918652998032,-0.07812611610592399
13.206800000000001,1.32068e-05,-0.07436570523822272,-0.08154367216594846
13.2076,1.3207599999999999e-05,-0.06909996917193384,-0.08495416739562778
13.208399999999997,1.3208399999999997e-05,-0.022677477057221118,-0.08835633595154559
13.209200000000003,1.3209200000000002e-05,-0.11801830025235177,-0.09174873128311949
13.21,1.321e-05,-0.11935530265248556,-0.09512973686045037
13.210799999999999,1.3210799999999999e-05,-0.07723924887621952,-0.09849757951918742
13.211599999999997,1.3211599999999997e-05,-0.07071727125848837,-0.10185034511203055
13.212400000000002,1.3212400000000002e-05,-0.05326190697284644,-0.10518599615924963
13.213199999999993,1.3213199999999992e-05,-0.13003278800835216,-0.10850239121812116
13.213999999999999,1.3213999999999997e-05,-0.10859497593078005,-0.11179730565444967
13.214799999999997,1.3214799999999996e-05,-0.11781932924611516,-0.11506845339058408
13.215600000000002,1.3215600000000001e-05,-0.16214600492464348,-0.11831350910740049
13.216399999999993,1.3216399999999993e-05,-0.11130226900550633,-0.1215301303717221
13.217199999999998,1.3217199999999998e-05,-0.11513927140574015,-0.12471597925830878
13.217999999999996,1.3217999999999996e-05,-0.09508498944847238,-0.12786874319718555
13.218800000000002,1.3218800000000001e-05,-0.11417165160920834,-0.13098615493531646
13.219599999999993,1.3219599999999993e-05,-0.12092872536750948,-0.13406601158714546
13.220399999999998,1.3220399999999998e-05,-0.15726913245921081,-0.13710619273569857
13.221199999999996,1.3221199999999995e-05,-0.11636770989143858,-0.14010467747456307
13.222000000000001,1.3222000000000001e-05,-0.17922442088082124,-0.1430595602208218
13.2228,1.3222799999999998e-05,-0.14756891314268572,-0.14596906512695557
13.223599999999998,1.3223599999999997e-05,-0.15461404082450475,-0.1488315589838723
13.224400000000003,1.3224400000000002e-05,-0.15296477463791158,-0.15164556262501283
13.225200000000001,1.32252e-05,-0.08044188894928994,-0.15440976098890097
13.225999999999999,1.3225999999999998e-05,-0.14236029589363947,-0.15712301212745405
13.226799999999997,1.3226799999999997e-05,-0.1500320316655247,-0.15978435549521158
13.227600000000002,1.3227600000000002e-05,-0.12206259572731198,-0.16239301978260343
13.2284,1.32284e-05,-0.19289800957775932,-0.16494843039554677
13.229199999999999,1.3229199999999999e-05,-0.14483797803651044,-0.167450216512227
13.229999999999997,1.3229999999999997e-05,-0.18433790217247886,-0.16989821752796966
13.230800000000002,1.3230800000000002e-05,-0.16506059107409604,-0.17229248865024194
13.2316,1.3231599999999999e-05,-0.17565807192409855,-0.17463330541947605
13.232399999999998,1.3232399999999997e-05,-0.14581391990153197,-0.1769211669842142
13.233199999999997,1.3233199999999996e-05,-0.1773018529020769,-0.17915679802049841
13.234000000000002,1.3234e-05,-0.15285621072337618,-0.18134114922528646
13.234799999999993,1.3234799999999992e-05,-0.1488121037598507,-0.18347539631066184
13.235599999999998,1.3235599999999997e-05,-0.19590848802752803,-0.18556093737496376
13.236399999999996,1.3236399999999996e-05,-0.17416673423208612,-0.18759938843914195
13.237200000000001,1.3237200000000001e-05,-0.21120770087961027,-0.18959257683679373
13.237999999999992,1.3237999999999993e-05,-0.18541389737211122,-0.19154253207528454
13.238799999999998,1.3238799999999998e-05,-0.2260058930133989,-0.19345147377999455
13.239599999999996,1.3239599999999996e-05,-0.19874382601394386,-0.19532179640308986
13.240400000000001,1.3240400000000001e-05,-0.16960080137879285,-0.19715605050731067
13.2412,1.3241199999999998e-05,-0.20913193327197255,-0.1989569205966657
13.241999999999997,1.3241999999999996e-05,-0.2407061123299239,-0.2007271996206468
13.242800000000003,1.3242800000000001e-05,-0.194797691867782,-0.2024697603998679
13.2436,1.32436e-05,-0.19271511487730936,-0.20418752432921086
13.244399999999999,1.3244399999999998e-05,-0.18981641652210873,-0.20588342784790456
13.245199999999997,1.3245199999999996e-05,-0.202205772090426,-0.2075603873116532
13.246000000000002,1.3246000000000002e-05,-0.20111653744508162,-0.20922126300375504
13.2468,1.32468e-05,-0.20364225999377805,-0.21086882305496124
13.247599999999998,1.3247599999999998e-05,-0.17658881024336937,-0.2125057080327123
13.248399999999997,1.3248399999999997e-05,-0.1972002868819112,-0.21413439693911773
13.249200000000002,1.3249200000000002e-05,-0.20234989330790226,-0.21575717532011268
13.25,1.325e-05,-0.18015043033430472,-0.21737610611651897
13.250799999999998,1.3250799999999997e-05,-0.20194154870989206,-0.2189930037790504
13.251599999999996,1.3251599999999995e-05,-0.22721976787906528,-0.22060941203942216
13.252400000000002,1.32524e-05,-0.21831675676160672,-0.22222658559652783
13.2532,1.3253199999999999e-05,-0.22617006305952192,-0.22384547586397138
13.253999999999998,1.3253999999999997e-05,-0.19053778124950593,-0.2254667208633031
13.254799999999996,1.3254799999999995e-05,-0.17922442088082124,-0.22709063933984536
13.255600000000001,1.32556e-05,-0.20845104322473856,-0.22871722917791373
13.256399999999992,1.3256399999999992e-05,-0.25007099365983315,-0.23034617013379244
13.257199999999997,1.3257199999999997e-05,-0.21113809895948332,-0.23197683077004436
13.257999999999996,1.3257999999999996e-05,-0.25386903406565864,-0.2336082793212832
13.2588,1.3258800000000001e-05,-0.2127504836688156,-0.2352392981286166
13.259599999999992,1.325959999999999e-05,-0.1970075574271168,-0.23686840127102923
13.260399999999997,1.3260399999999996e-05,-0.31782689497187744,-0.238493855055606
13.261200000000002,1.3261200000000001e-05,-0.18610405434219718,-0.24011370105758345
13.262,1.3262e-05,-0.21528036725180688,-0.24172578142472506
13.262799999999999,1.3262799999999998e-05,-0.24876047015112313,-0.24332776620128133
13.263599999999997,1.3263599999999996e-05,-0.2560045688391788,-0.24491718246877975
13.264400000000002,1.3264400000000001e-05,-0.21984157123931264,-0.24649144510507107
13.2652,1.32652e-05,-0.2244963984985523,-0.24804788893948262
13.265999999999998,1.3265999999999998e-05,-0.24369786612526578,-0.24958380206912578
13.266799999999996,1.3266799999999996e-05,-0.21889759347432974,-0.2510964600923302
13.267600000000002,1.3267600000000002e-05,-0.2350167117025655,-0.2525831609732444
13.2684,1.32684e-05,-0.23702363373290353,-0.25404126016884676
13.269199999999998,1.3269199999999997e-05,-0.2688661972056838,-0.25546820554444666
13.269999999999996,1.3269999999999995e-05,-0.22666881474923356,-0.2568615714979226
13.270800000000001,1.32708e-05,-0.27615890413095745,-0.25821909163081225
13.2716,1.3271599999999998e-05,-0.22741873888520187,-0.25953868926377527
13.272399999999998,1.3272399999999997e-05,-0.26090716385320795,-0.26081850508854193
13.273199999999996,1.3273199999999995e-05,-0.29228502025346276,-0.26205692125648117
13.274000000000001,1.3274e-05,-0.26979409866497983,-0.2632525812168338
13.274799999999999,1.3274799999999999e-05,-0.2811783851281116,-0.26440440465697407
13.275599999999997,1.3275599999999997e-05,-0.29428570073235866,-0.265511596997427
13.276399999999995,1.3276399999999995e-05,-0.27523856839742367,-0.2665736530666814
13.2772,1.32772e-05,-0.27033464920907463,-0.26759035480347815
13.277999999999999,1.3277999999999999e-05,-0.29196367805558615,-0.2685617630768257
13.278799999999997,1.3278799999999996e-05,-0.23981357966213407,-0.2694882039505752
13.279600000000002,1.32796e-05,-0.28597941412197503,-0.2703702499276481
13.2804,1.3280399999999999e-05,-0.2672551366705715,-0.2712086968739574
13.281199999999998,1.3281199999999997e-05,-0.2150452711112366,-0.27200453743889347
13.281999999999996,1.3281999999999996e-05,-0.2611324252394337,-0.27275893185758365
13.282800000000002,1.3282800000000001e-05,-0.2261624973337597,-0.2734731770293086
13.2836,1.32836e-05,-0.2925639957655635,-0.2741486746962165
13.284399999999998,1.3284399999999998e-05,-0.255359047583351,-0.2747868994031019
13.285199999999996,1.3285199999999996e-05,-0.27055102069521786,-0.2753893667569424
13.286000000000001,1.3286000000000001e-05,-0.27434206320677357,-0.27595760238730455
13.2868,1.32868e-05,-0.2275787478970301,-0.27649311195503457
13.287599999999998,1.3287599999999996e-05,-0.2710942195879526,-0.276997352537277
13.288399999999996,1.3288399999999995e-05,-0.2709383716104193,-0.27747170568594365
13.289200000000001,1.32892e-05,-0.3069602733642189,-0.27791745238999527
13.29,1.3289999999999998e-05,-0.25990966047378494,-0.27833575009242595
13.290799999999997,1.3290799999999996e-05,-0.2680655843152498,-0.2787276118756586
13.291599999999995,1.3291599999999995e-05,-0.29148157050305407,-0.2790938879610087
13.2924,1.32924e-05,-0.26822143229278333,-0.27943524973772743
13.293199999999999,1.3293199999999998e-05,-0.26865190623658775,-0.27975217660075746
13.293999999999997,1.3293999999999997e-05,-0.24632931572842287,-0.2800449459218574
13.294799999999995,1.3294799999999995e-05,-0.24808222845242922,-0.2803136265052731
13.2956,1.32956e-05,-0.26090848802752803,-0.280558075864103
13.296399999999998,1.3296399999999999e-05,-0.2397002868819112,-0.2807779415700811
13.297199999999997,1.3297199999999995e-05,-0.26511619720568375,-0.2809726667793979
13.297999999999995,1.3297999999999994e-05,-0.27252295325400777,-0.28114149984869696
13.2988,1.3298799999999999e-05,-0.2705731500410122,-0.2812835077620519
13.299600000000005,1.3299600000000004e-05,-0.2828304881747797,-0.28139759292219263
13.300399999999996,1.3300399999999996e-05,-0.2835635796621341,-0.2814825127432378
13.301200000000001,1.33012e-05,-0.29215924437035545,-0.2815369014293813
13.302,1.3301999999999999e-05,-0.2989823268459815,-0.28155929333145213
13.302799999999998,1.3302799999999997e-05,-0.25891140075153435,-0.28154814733443584
13.303599999999996,1.3303599999999996e-05,-0.2589322059230086,-0.28150187183222225
13.304400000000001,1.3304400000000001e-05,-0.265694197058432,-0.2814188499581233
13.3052,1.33052e-05,-0.2732359959128152,-0.2812974648101707
13.305999999999997,1.3305999999999998e-05,-0.26168961992070777,-0.28113612440813845
13.306799999999996,1.3306799999999994e-05,-0.3019093960983185,-0.28093328606315604
13.3076,1.33076e-05,-0.29062818834110715,-0.28068747977916786
13.308399999999999,1.3308399999999998e-05,-0.2829549398835671,-0.28039733028227143
13.309199999999997,1.3309199999999996e-05,-0.23238734261655586,-0.2800615773127638
13.309999999999995,1.3309999999999995e-05,-0.2787742774283278,-0.27967909390231627
13.3108,1.33108e-05,-0.30321991960702854,-0.2792489024396843
13.311599999999999,1.3311599999999998e-05,-0.2768698662725175,-0.2787701883558694
13.312399999999997,1.3312399999999996e-05,-0.27044586147214994,-0.27824231125609994
13.313199999999995,1.3313199999999995e-05,-0.2828388102433694,-0.27766481335441073
13.314,1.3314e-05,-0.22001198283687806,-0.2770374251447667
13.314799999999998,1.3314799999999998e-05,-0.2774541076767081,-0.2763600683237683
13.315599999999996,1.3315599999999995e-05,-0.2735225371505782,-0.27563285600825604
13.316399999999994,1.3316399999999993e-05,-0.2776738838544189,-0.2748560902521021
13.3172,1.3317199999999998e-05,-0.3215122104288727,-0.2740302567999614
13.318000000000005,1.3318000000000004e-05,-0.2770964518330633,-0.27315601699273534
13.318799999999996,1.3318799999999995e-05,-0.2761825461624065,-0.2722341968136443
13.319600000000001,1.33196e-05,-0.27013284134286314,-0.27126577323581474
13.3204,1.3320399999999999e-05,-0.26579708725291784,-0.2702518582508635
13.321200000000005,1.3321200000000004e-05,-0.2365436066975189,-0.269193681154544
13.321999999999996,1.3321999999999995e-05,-0.20754035373411445,-0.2680925697941878
13.3228,1.33228e-05,-0.23555934276380752,-0.26694993152061675
13.323599999999999,1.3323599999999999e-05,-0.2881121120354205,-0.26576723451500917
13.324399999999997,1.3324399999999997e-05,-0.23682806741813434,-0.26454598998582785
13.325199999999995,1.3325199999999994e-05,-0.22723641201624467,-0.2632877355196781
13.326,1.3325999999999999e-05,-0.23550997818376207,-0.2619940197042258
13.326799999999999,1.3326799999999997e-05,-0.2894691632642011,-0.26066638803147524
13.327599999999997,1.3327599999999996e-05,-0.21939974985550875,-0.2593063699891319
13.328399999999995,1.3328399999999994e-05,-0.2733402102816209,-0.2579154671439747
13.3292,1.33292e-05,-0.2775027159140262,-0.25649514195085454
13.329999999999998,1.3329999999999998e-05,-0.2683799286188567,-0.2550468070100684
13.330799999999996,1.3330799999999996e-05,-0.19834172296737584,-0.25357181454435396
13.331599999999995,1.3331599999999994e-05,-0.23983722169358307,-0.25207144596214826
13.3324,1.33324e-05,-0.2804937133665407,-0.2505469014712993
13.333199999999998,1.3333199999999998e-05,-0.2556037899668308,-0.24899928974855165
13.333999999999996,1.3333999999999995e-05,-0.24310170944968335,-0.24742961766174557
13.334799999999994,1.3334799999999993e-05,-0.22383063990274293,-0.24583878005823212
13.3356,1.3335599999999998e-05,-0.2412916779083345,-0.24422754971198452
13.336399999999998,1.3336399999999997e-05,-0.1929660988122316,-0.24259656761496934
13.337199999999996,1.3337199999999995e-05,-0.2501154408628564,-0.2409463338387777
13.338000000000001,1.3338e-05,-0.2511672261995472,-0.23927719916125795
13.338799999999999,1.3338799999999998e-05,-0.2372956113506346,-0.23758935758117558
13.339600000000004,1.3339600000000004e-05,-0.2212131860882251,-0.2358828397891703
13.340399999999995,1.3340399999999995e-05,-0.25123682811967424,-0.23415750766944288
13.3412,1.33412e-05,-0.22413042058631788,-0.23241304996776466
13.341999999999999,1.3341999999999999e-05,-0.198322998313049,-0.23064897933942502
13.342800000000004,1.3342800000000004e-05,-0.18345785260757347,-0.2288646310562311
13.343599999999995,1.3343599999999994e-05,-0.19714033120459384,-0.22705916367811182
13.3444,1.3344399999999999e-05,-0.24461668917314483,-0.2252315619440695
13.345199999999998,1.3345199999999997e-05,-0.25334229079876847,-0.223380642001584
13.346000000000004,1.3346000000000002e-05,-0.1899548640196354,-0.22150505894036798
13.346799999999995,1.3346799999999994e-05,-0.21302246128664676,-0.21960331652257406
13.3476,1.3347599999999999e-05,-0.19260087724282443,-0.2176737790333005
13.348399999999998,1.3348399999999997e-05,-0.23562667565545248,-0.21571468524330273
13.349199999999996,1.3349199999999996e-05,-0.1958347250730061,-0.21372416450528348
13.349999999999994,1.3349999999999994e-05,-0.20903301560034693,-0.21170025499468276
13.3508,1.33508e-05,-0.18130567369697387,-0.20964092409815632
13.351599999999998,1.3351599999999998e-05,-0.1963654408628564,-0.20754409096230747
13.352399999999996,1.3352399999999996e-05,-0.14639267609720752,-0.2054076512138681
13.353199999999994,1.3353199999999993e-05,-0.1969977226728724,-0.20322950381565444
13.354,1.3353999999999998e-05,-0.1912763579454752,-0.20100757991440085
13.354799999999997,1.3354799999999996e-05,-0.1891680584064061,-0.19873987337938656
13.355599999999995,1.3355599999999995e-05,-0.2028666133091132,-0.1964244725682394
13.3564,1.33564e-05,-0.17545777674364188,-0.19405959274023285
13.357199999999999,1.3357199999999998e-05,-0.1649478661252658,-0.19164360848734419
13.358000000000004,1.3358000000000003e-05,-0.1936324252394337,-0.18917508554503382
13.358799999999995,1.3358799999999995e-05,-0.17423066243226354,-0.18665281133727024
13.3596,1.33596e-05,-0.21282973183185233,-0.18407582358439872
13.360399999999998,1.3360399999999998e-05,-0.1820262820814435,-0.1814434362789669
13.361200000000004,1.3361200000000003e-05,-0.20773024632883408,-0.17875526235579303
13.361999999999995,1.3361999999999993e-05,-0.17012659979142086,-0.17601123247473288
13.3628,1.33628e-05,-0.20683014793528176,-0.17321160949149378
13.363599999999998,1.3363599999999997e-05,-0.13635995565424147,-0.17035699838559182
13.364400000000003,1.3364400000000002e-05,-0.14268163809151596,-0.16744835161154775
13.365199999999994,1.3365199999999994e-05,-0.1821717274732399,-0.1644869700027044
13.366,1.3365999999999999e-05,-0.13637527561710078,-0.16147449945181264
13.366799999999998,1.3366799999999997e-05,-0.17591605375319025,-0.15841292361548878
13.367600000000003,1.3367600000000002e-05,-0.15933922634679892,-0.15530455288295014
13.368399999999994,1.3368399999999994e-05,-0.15598489933048998,-0.15215200986394667
13.3692,1.3369199999999999e-05,-0.15900804939457786,-0.14895821170874832
13.369999999999997,1.3369999999999997e-05,-0.09462576758456198,-0.14572634966896217
13.370799999999996,1.3370799999999996e-05,-0.12098641201624466,-0.14245986641478459
13.371599999999994,1.3371599999999992e-05,-0.11364566468514559,-0.13916243169261708
13.372399999999999,1.3372399999999998e-05,-0.1150952035227748,-0.1358379168886105
13.373199999999997,1.3373199999999996e-05,-0.11133706996561993,-0.132490368953301
13.373999999999995,1.3373999999999994e-05,-0.11198391539566777,-0.12912398398314737
13.3748,1.33748e-05,-0.12738658627372856,-0.12574308059595715
13.375599999999999,1.3375599999999998e-05,-0.11959512765874336,-0.12235207310436186
13.376400000000004,1.3376400000000003e-05,-0.0844755933270781,-0.11895544439596611
13.377199999999995,1.3377199999999995e-05,-0.11339184389034862,-0.11555771837482837
13.378,1.3378e-05,-0.121372438757126,-0.11216343179149098
13.378799999999998,1.3378799999999998e-05,-0.11292089526638083,-0.10877710526420535
13.379600000000003,1.3379600000000003e-05,-0.10567263554413042,-0.1054032132761902
13.380399999999995,1.3380399999999995e-05,-0.1407240806413233,-0.10204615295471173
13.3812,1.33812e-05,-0.09065391088980368,-0.09871021151830316
13.381999999999998,1.3381999999999997e-05,-0.08831391990153192,-0.09539953241261799
13.382800000000003,1.3382800000000002e-05,-0.10181274745527502,-0.09211808032202845
13.383599999999994,1.3383599999999993e-05,-0.06509047465708728,-0.08886960540919267
13.3844,1.3384399999999998e-05,-0.09720444791620597,-0.08565760726306398
13.385199999999998,1.3385199999999997e-05,-0.05356849703925626,-0.08248529911579411
13.386000000000003,1.3386000000000002e-05,-0.13438367354972208,-0.07935557293439388
13.386799999999994,1.3386799999999994e-05,-0.056359955654241456,-0.07627096602773101
13.387599999999999,1.3387599999999999e-05,-0.006318156799858254,-0.07323362986133218
13.388399999999997,1.3388399999999997e-05,-0.07585912344738255,-0.07024530184812734
13.389200000000002,1.3389200000000002e-05,-0.050926644850362024,-0.06730728093538307
13.389999999999993,1.3389999999999992e-05,-0.0427351637059562,-0.06442040777581623
13.390799999999999,1.3390799999999999e-05,-0.04918413471209282,-0.061585050161820615
13.391599999999997,1.3391599999999996e-05,-0.04740890413095744,-0.05880109427974589
13.392399999999995,1.3392399999999994e-05,-0.03348792470199946,-0.05606794224333467
13.3932,1.3393199999999999e-05,0.007197314891064233,-0.05338451628226745
13.393999999999998,1.3393999999999997e-05,-0.025947450021836294,-0.05074926986865865
13.394800000000004,1.3394800000000003e-05,0.003001332472865381,-0.04816020592966852
13.395599999999995,1.3395599999999994e-05,-0.00506891314268576,-0.04561490208927351
13.3964,1.33964e-05,-0.05753959739118708,-0.043110542609625636
13.397199999999998,1.3397199999999998e-05,-0.05996318608822515,-0.040643956405336
13.398000000000003,1.3398000000000003e-05,-0.039546519421525095,-0.038211660251360996
13.398799999999994,1.3398799999999994e-05,0.009883802794316221,-0.035809906165949076
13.3996,1.33996e-05,-0.02777828673465943,-0.03343473193990612
13.400399999999998,1.3400399999999996e-05,-0.01879243425126198,-0.03108201383207662
13.401200000000003,1.3401200000000003e-05,-0.04640024182286995,-0.028747520465420767
13.401999999999994,1.3401999999999993e-05,-0.050187123300130754,-0.026426966919948693
13.4028,1.3402799999999998e-05,-0.011289785902621752,-0.024116067990487808
13.403599999999997,1.3403599999999996e-05,-0.0056622329583934095,-0.021810589620719967
13.404400000000003,1.3404400000000002e-05,-0.017408904130957414,-0.019506397635656175
13.405199999999994,1.3405199999999993e-05,-0.07506399576556355,-0.017199503014557995
13.405999999999999,1.3405999999999998e-05,-0.02881607628271099,-0.014886103038343776
13.406799999999997,1.3406799999999997e-05,-0.0185983806222475,-0.01256261774673761
13.407600000000002,1.3407600000000002e-05,-0.0015150472888475486,-0.010225721314069349
13.408399999999993,1.3408399999999992e-05,0.004037986358131684,-0.007872368194803398
13.409199999999998,1.3409199999999999e-05,-0.016670138923553623,-0.005499814122887395
13.409999999999997,1.3409999999999995e-05,0.0073323576970233395,-0.003105632207101354
13.410800000000002,1.34108e-05,0.013242858676312697,-0.0006877244497932953
13.4116,1.3411599999999999e-05,0.004625064622297059,0.0017556709324332027
13.412399999999998,1.3412399999999997e-05,-0.044513798978559005,0.0042259759661582505
13.413200000000003,1.3413200000000002e-05,0.08580054532497783,0.0067242726971536056
13.413999999999994,1.3413999999999994e-05,0.03145382081790271,0.009251305776667398
13.4148,1.3414799999999999e-05,0.04649410698657108,0.011807487304822782
13.415599999999998,1.3415599999999997e-05,0.024021910052344886,0.014392903396214168
13.416400000000003,1.3416400000000003e-05,-0.013608783207984532,0.0170073220544557
13.417199999999994,1.3417199999999994e-05,0.05147254547222957,0.019650202116849175
13.418,1.3418e-05,0.0646305498308819,0.022320703160419016
13.418799999999997,1.3418799999999998e-05,0.021883726930314817,0.025017696309591206
13.419600000000003,1.3419600000000003e-05,0.032481207780257204,0.027739775905969658
13.420399999999994,1.3420399999999993e-05,0.03066077365320108,0.030485272052351534
13.421199999999999,1.3421199999999998e-05,0.06079562794782567,0.03325226411684421
13.421999999999997,1.3421999999999996e-05,0.013374496790874435,0.03603859532969717
13.422800000000002,1.3422800000000001e-05,0.024053306320991008,0.03884188860956207
13.423599999999993,1.3423599999999993e-05,0.06594655854816678,0.041659563730513285
13.424399999999999,1.3424399999999998e-05,0.07803272874151157,0.04448885588761093
13.425199999999997,1.3425199999999996e-05,0.06419024113273297,0.04732683564627222
13.426000000000002,1.3426000000000002e-05,0.07564885838177926,0.05017043021848969
13.426799999999993,1.3426799999999993e-05,0.05722171326537051,0.0530164460456318
13.427599999999998,1.3427599999999998e-05,0.0404103575498016,0.05586159277239705
13.428399999999996,1.3428399999999995e-05,0.019765592636871165,0.05870250880745204
13.429200000000002,1.3429200000000002e-05,0.05770798185219761,0.061535788714779695
13.43,1.3429999999999998e-05,0.04251184770603578,0.06435801261994119
13.430799999999998,1.3430799999999997e-05,0.07928556560151645,0.06716577764598453
13.431600000000003,1.3431600000000002e-05,0.060931994928134836,0.06995573116458574
13.432400000000001,1.34324e-05,0.043922424549256656,0.07272460542597715
13.4332,1.3433199999999999e-05,0.07034775352394429,0.0754692529490611
13.433999999999997,1.3433999999999997e-05,0.10202349860206139,0.07818668189508694
13.434800000000003,1.3434800000000002e-05,0.16780727884385105,0.08087409049182466
13.4356,1.34356e-05,0.1254277580298453,0.08352889945240699
13.436399999999999,1.3436399999999999e-05,0.1504075206897968,0.08614878133458492
13.437199999999997,1.3437199999999997e-05,0.09067401309898304,0.0887316859798438
13.438000000000002,1.3438000000000002e-05,0.10995189202875844,0.09127586152310264
13.438799999999993,1.3438799999999992e-05,0.09994224578587874,0.09377987085288304
13.439599999999999,1.3439599999999997e-05,0.05185308700453595,0.09624260371134909
13.440399999999997,1.3440399999999996e-05,0.08973911374541743,0.09866328479597056
13.441200000000002,1.3441200000000001e-05,0.11871569930592307,0.10104147825294614
13.441999999999993,1.3441999999999993e-05,0.1406753372732663,0.1033770888611522
13.442799999999998,1.3442799999999998e-05,0.07222246960823797,0.10567036005963926
13.443599999999996,1.3443599999999996e-05,0.12582494369932418,0.10792186885979557
13.444400000000002,1.3444400000000001e-05,0.07814696637606666,0.11013251764056364
13.445199999999993,1.3445199999999993e-05,0.15788255448402788,0.11230352280484425
13.445999999999998,1.3445999999999998e-05,0.1518424959073611,0.1144364002253056
13.446799999999996,1.3446799999999995e-05,0.15426324774432731,0.11653294734825291
13.447600000000001,1.3447600000000001e-05,0.12980512246270204,0.11859522182824295
13.4484,1.3448399999999998e-05,0.14276150746660776,0.12062551667918886
13.449199999999998,1.3449199999999997e-05,0.12361923917428441,0.1226263321186279
13.450000000000003,1.3450000000000002e-05,0.1330410508101013,0.12460034447444125
13.450800000000001,1.34508e-05,0.13782751618389966,0.1265503726621079
13.4516,1.3451599999999998e-05,0.11701858122490905,0.12847934281557966
13.452399999999997,1.3452399999999997e-05,0.11699645187914787,0.1303902516800584
13.453200000000002,1.3453200000000002e-05,0.15335199042224068,0.132286129360782
13.454,1.3454e-05,0.13223419636825806,0.13417000196979362
13.454799999999999,1.3454799999999999e-05,0.1621214714194249,0.13604485463430346
13.455599999999997,1.3455599999999997e-05,0.1352989567752615,0.13791359525872376
13.456400000000002,1.3456400000000002e-05,0.1332748227763514,0.1397790193969769
13.4572,1.3457199999999999e-05,0.17939129265604703,0.14164377658865798
13.457999999999998,1.3457999999999997e-05,0.14766334613780963,0.14351033851707046
13.458799999999997,1.3458799999999996e-05,0.12130705125185648,0.14538096934806824
13.459600000000002,1.34596e-05,0.13143774451215295,0.14725769861213805
13.460399999999993,1.3460399999999992e-05,0.16077066174205656,0.14914229698399292
13.461199999999998,1.3461199999999997e-05,0.18107460345989645,0.1510362552564664
13.461999999999996,1.3461999999999996e-05,0.16990044693149564,0.15294076669808446
13.462800000000001,1.3462800000000001e-05,0.14107119876845886,0.1548567128883886
13.463599999999992,1.3463599999999993e-05,0.14370680940591074,0.15678465309740236
13.464399999999998,1.3464399999999998e-05,0.1788424200433626,0.1587248172949625
13.465199999999996,1.3465199999999996e-05,0.16335690779939305,0.16067710287475928
13.466000000000001,1.3466000000000001e-05,0.1954846883356861,0.16264107512848403
13.4668,1.3466799999999998e-05,0.11526699267519269,0.16461597144336707
13.467599999999997,1.3467599999999996e-05,0.15812464851886765,0.16660070915957473
13.468400000000003,1.3468400000000001e-05,0.19264386514062548,0.16859389699270727
13.4692,1.34692e-05,0.19669232164988049,0.1705938498517051
13.469999999999999,1.3469999999999998e-05,0.20624501505742165,0.17259860676744251
13.470799999999997,1.3470799999999996e-05,0.17631253646044132,0.17460595156670108
13.471600000000002,1.3471600000000002e-05,0.19656919411531293,0.1766134359434694
13.4724,1.34724e-05,0.15781919411531298,0.17861840467713036
13.473199999999999,1.3473199999999998e-05,0.16544099747559027,0.18061802285249698
13.473999999999997,1.3473999999999997e-05,0.16263970410633055,0.1826093049841173
13.474800000000002,1.3474800000000002e-05,0.22054256349582613,0.18458914590553366
13.4756,1.34756e-05,0.15401566850090276,0.18655435316293628
13.476399999999998,1.3476399999999997e-05,0.1998586480771124,0.18850168050010532
13.477199999999996,1.3477199999999995e-05,0.23561197690454827,0.19042786189018077
13.478000000000002,1.3478e-05,0.22766958768925183,0.19232964548241419
13.4788,1.3478799999999999e-05,0.19546047847277448,0.1942038268019482
13.479599999999998,1.3479599999999997e-05,0.2136873284087265,0.19604728059181625
13.480399999999996,1.3480399999999995e-05,0.2060273193969283,0.19785699081244423
13.481200000000001,1.34812e-05,0.19232044242560142,0.1996300784555928
13.481999999999992,1.3481999999999992e-05,0.2352503485380133,0.20136382692854463
13.482799999999997,1.3482799999999997e-05,0.21711031249083046,0.20305570481127577
13.483599999999996,1.3483599999999996e-05,0.18855928349699702,0.20470338581195155
13.4844,1.3484400000000001e-05,0.21965003082806622,0.20630476577268278
13.485199999999992,1.348519999999999e-05,0.22419440216702768,0.20785797660916447
13.485999999999997,1.3485999999999996e-05,0.21475916257402405,0.2093613970834549
13.486800000000002,1.3486800000000001e-05,0.2229527242356174,0.21081366030404847
13.4876,1.34876e-05,0.2729498873755727,0.2122136578459981
13.488399999999999,1.3488399999999998e-05,0.21499577140028914,0.21356054041294653
13.489199999999997,1.3489199999999996e-05,0.24986697014570214,0.21485371503991876
13.490000000000002,1.3490000000000001e-05,0.2054026033126446,0.21609283896696027
13.4908,1.34908e-05,0.21206170425358228,0.21727781047457098
13.491599999999998,1.3491599999999998e-05,0.2076188989348564,0.21840875710653537
13.492399999999996,1.3492399999999996e-05,0.23900167271229344,0.21948602176483958
13.493200000000002,1.3493200000000002e-05,0.2544983438848276,0.22051014713768333
13.494,1.3494e-05,0.1965476326009714,0.22148185885709998
13.494799999999998,1.3494799999999997e-05,0.24193082248184794,0.22240204773762268
13.495599999999996,1.3495599999999995e-05,0.23029555208382402,0.22327175144502318
13.496400000000001,1.34964e-05,0.248535641465518,0.22409213595716643
13.4972,1.3497199999999998e-05,0.20549376674713316,0.22486447718156075
13.497999999999998,1.3497999999999997e-05,0.22123669298883197,0.22559014309290398
13.498799999999996,1.3498799999999995e-05,0.2239029435520724,0.22627057675166734
13.499600000000001,1.34996e-05,0.22949834388485757,0.22690728053552237
13.500399999999999,1.3500399999999999e-05,0.22274202646942365,0.22750180183989044
13.501199999999997,1.3501199999999997e-05,0.20451574436490438,0.22805572039796793
13.501999999999995,1.3501999999999995e-05,0.22932377125303738,0.22857063725795168
13.5028,1.35028e-05,0.21570030347903213,0.22904816533452538
13.503599999999999,1.3503599999999999e-05,0.2551849076521112,0.22948992131025062
13.504399999999997,1.3504399999999996e-05,0.2654158427583866,0.22989751851110035
13.505200000000002,1.35052e-05,0.25452198591637654,0.23027256026166115
13.506,1.3505999999999999e-05,0.23149959219514593,0.23061663318828893
13.506799999999998,1.3506799999999997e-05,0.27782259880671045,0.23093129999858614
13.507599999999996,1.3507599999999996e-05,0.2582740664335239,0.2312180913910604
13.508400000000002,1.3508400000000001e-05,0.21825666595344728,0.2314784968952921
13.5092,1.35092e-05,0.23199210233341527,0.23171395459029231
13.509999999999998,1.3509999999999998e-05,0.26292000379268143,0.23192583978153117
13.510799999999996,1.3510799999999996e-05,0.2376563482435099,0.2321154528042852
13.511600000000001,1.3511600000000001e-05,0.21462563245371968,0.23228400615306374
13.5124,1.35124e-05,0.2797056369596539,0.23243261114481373
13.513199999999998,1.3513199999999996e-05,0.26638478672913835,0.232562264335036
13.513999999999996,1.3513999999999995e-05,0.22044648268417522,0.23267383393006663
13.514800000000001,1.35148e-05,0.27817666144755315,0.2327680464940166
13.5156,1.3515599999999998e-05,0.2045414669135307,0.23284547434691982
13.516399999999997,1.3516399999999996e-05,0.20429105081010135,0.23290652416038712
13.517199999999995,1.3517199999999995e-05,0.20655595466956111,0.23295142732074328
13.518,1.3518e-05,0.25984332811425315,0.2329802325985812
13.518799999999999,1.3518799999999998e-05,0.19406370890672808,0.23299280152395715
13.519599999999997,1.3519599999999997e-05,0.2541219633868559,0.23298880665947883
13.520399999999995,1.3520399999999995e-05,0.26998309978599977,0.23296773276117091
13.5212,1.35212e-05,0.2162512566088639,0.23292888066697556
13.521999999999998,1.3521999999999999e-05,0.23631802166901617,0.23287137366953825
13.522799999999997,1.3522799999999995e-05,0.28051249140143,0.2327941661082415
13.523599999999995,1.3523599999999994e-05,0.23057793228733225,0.232696053928891
13.5244,1.3524399999999999e-05,0.26837563245368967,0.23257568698617406
13.525200000000005,1.3525200000000004e-05,0.22130005335755676,0.2324315829136801
13.525999999999996,1.3525999999999996e-05,0.23658791876963992,0.2322621424671402
13.526800000000001,1.35268e-05,0.21956302842786224,0.23206566632963194
13.5276,1.3527599999999999e-05,0.24428613343294903,0.2318403734091506
13.528399999999998,1.3528399999999997e-05,0.21775867060660303,0.23158442063943452
13.529199999999996,1.3529199999999996e-05,0.23129437963753718,0.2312959242269923
13.530000000000001,1.3530000000000001e-05,0.257919247449824,0.23097298219765455
13.5308,1.35308e-05,0.22421596368135932,0.230613698006365
13.531599999999997,1.3531599999999998e-05,0.22708175308218903,0.23021620490073844
13.532399999999996,1.3532399999999994e-05,0.26104112667413293,0.22977869068291418
13.5332,1.35332e-05,0.24046104630420717,0.2292994224907357
13.533999999999999,1.3533999999999998e-05,0.24752697915750044,0.22877677121007306
13.534799999999997,1.3534799999999996e-05,0.23168532375557072,0.22820923514425032
13.535599999999995,1.3535599999999995e-05,0.24828238850208373,0.22759546261384664
13.5364,1.35364e-05,0.2222911266741029,0.22693427322588713
13.537199999999999,1.3537199999999998e-05,0.2220755115307469,0.22622467760929024
13.537999999999997,1.3537999999999996e-05,0.20241917158582234,0.22546589544536638
13.538799999999995,1.3538799999999995e-05,0.2668313369787296,0.224657371614285
13.5396,1.35396e-05,0.2475672653261587,0.2237987902254759
13.540399999999998,1.3540399999999998e-05,0.2268682184559906,0.22289008623142814
13.541199999999996,1.3541199999999995e-05,0.2226313820377409,0.22193145429747693
13.541999999999994,1.3541999999999993e-05,0.27774259430084636,0.2209233546409668
13.5428,1.3542799999999998e-05,0.22665544017264938,0.21986651563252396
13.543600000000005,1.3543600000000004e-05,0.2361281290742966,0.21876193304143993
13.544399999999996,1.3544399999999995e-05,0.2403810417983031,0.21761086591475973
13.545200000000001,1.35452e-05,0.15802573084720906,0.21641482920866745
13.546,1.3545999999999999e-05,0.22933133697875963,0.21517558340221368
13.546800000000005,1.3546800000000004e-05,0.26163312231542035,0.21389512136308664
13.547599999999996,1.3547599999999995e-05,0.19519322972073094,0.21257565268770665
13.5484,1.35484e-05,0.21271762809507733,0.21121958565528876
13.549199999999999,1.3549199999999999e-05,0.2251501066920678,0.20982950688840055
13.549999999999997,1.3549999999999997e-05,0.24560365483595858,0.20840815881112396
13.550799999999995,1.3550799999999994e-05,0.23757142636045359,0.20695841500664702
13.5516,1.3551599999999999e-05,0.22190718045036895,0.20548325360318426
13.552399999999999,1.3552399999999998e-05,0.1812756549832104,0.20398572889826436
13.553199999999997,1.3553199999999996e-05,0.19809873745880635,0.20246894156107817
13.553999999999995,1.3553999999999994e-05,0.22696902813335884,0.20093600786395086
13.5548,1.35548e-05,0.23043948478986553,0.1993900284274317
13.555599999999998,1.3555599999999998e-05,0.22800133247286547,0.1978340569355252
13.556399999999996,1.3556399999999996e-05,0.15903647367237694,0.1962710692656432
13.557199999999995,1.3557199999999994e-05,0.1732475875420002,0.1947039335288643
13.558,1.3558e-05,0.16300000829857542,0.1931353815826318
13.558799999999998,1.3558799999999998e-05,0.2212226972002328,0.191567982562198
13.559599999999996,1.3559599999999995e-05,0.21680845129013793,0.19000411883786072
13.560399999999994,1.3560399999999993e-05,0.202049032639263,0.18844596460972984
13.5612,1.3561199999999998e-05,0.216893941004617,0.18689546721557246
13.561999999999998,1.3561999999999997e-05,0.15447129716194108,0.18535433120997674
13.562799999999996,1.3562799999999995e-05,0.19717291651668778,0.18382400534057752
13.563600000000001,1.35636e-05,0.1588047822232742,0.18230567261703784
13.5644,1.3564399999999998e-05,0.20473268368254027,0.18080024367695774
13.565200000000004,1.3565200000000004e-05,0.15175000829857843,0.1793083535891586
13.565999999999995,1.3565999999999995e-05,0.19087979348801454,0.17783036213048364
13.5668,1.35668e-05,0.1834388043110068,0.17636635746202237
13.567599999999999,1.3567599999999999e-05,0.16293816061558541,0.1749161630284913
13.568400000000004,1.3568400000000004e-05,0.16749425871456425,0.1734793474128222
13.569199999999995,1.3569199999999994e-05,0.19714019607375155,0.1720552367959102
13.57,1.3569999999999999e-05,0.2030924959073641,0.170642929593955
13.570799999999998,1.3570799999999997e-05,0.2051675071721044,0.16924131278274107
13.571600000000004,1.3571600000000002e-05,0.15324834388486064,0.16784907940783186
13.572399999999995,1.3572399999999994e-05,0.1561886525830095,0.1664647468484085
13.5732,1.3573199999999999e-05,0.21844372168816195,0.16508667551485645
13.573999999999998,1.3573999999999997e-05,0.202170079656683,0.16371308774786247
13.574799999999996,1.3574799999999996e-05,0.17716175758809316,0.162342086736759
13.575599999999994,1.3575599999999994e-05,0.12471395902821347,0.1609716753464238
13.5764,1.35764e-05,0.16288728334974822,0.15959977486864468
13.577199999999998,1.3577199999999998e-05,0.15366293003438003,0.15822424383270678
13.577999999999996,1.3577999999999996e-05,0.17834707304508857,0.1568428970335628
13.578799999999994,1.3578799999999993e-05,0.15806053180728552,0.15545352486030245
13.5796,1.3579599999999998e-05,0.16106892973987674,0.15405391290670567
13.580399999999997,1.3580399999999996e-05,0.10473344002539775,0.1526418617803994
13.581199999999995,1.3581199999999995e-05,0.1987094577544808,0.15121520699150767
13.582,1.3582e-05,0.19325799012773726,0.14977183875292466
13.582799999999999,1.3582799999999998e-05,0.13238512696860338,0.14830972145530424
13.583600000000004,1.3583600000000003e-05,0.16467424069097447,0.1468269125436681
13.584399999999995,1.3584399999999995e-05,0.13790752068979684,0.1453215805606656
13.5852,1.35852e-05,0.12546520733850197,0.143792022195652
13.585999999999999,1.3585999999999998e-05,0.15962979348801754,0.14223667821460367
13.586800000000004,1.3586800000000003e-05,0.1309688764053658,0.1406541481126309
13.587599999999995,1.3587599999999993e-05,0.1818827820760225,0.13904320325030828
13.5884,1.35884e-05,0.1610063257140193,0.1374027981520802
13.589199999999998,1.3589199999999997e-05,0.1351410282806106,0.1357320796065412
13.590000000000003,1.3590000000000002e-05,0.1385808450113356,0.13403039324007804
13.590799999999994,1.3590799999999994e-05,0.13632918059761767,0.1322972873178051
13.5916,1.3591599999999999e-05,0.14823434809625824,0.13053251360496534
13.592399999999998,1.3592399999999997e-05,0.18443630769043284,0.128736025161211
13.593200000000003,1.3593200000000002e-05,0.17355436611984476,0.12690797096090523
13.593999999999994,1.3593999999999994e-05,0.14118241103156737,0.12504868729880567
13.5948,1.3594799999999999e-05,0.14090343551950357,0.12315868610103402
13.595599999999997,1.3595599999999997e-05,0.08744281361730144,0.12123864049845065
13.596399999999996,1.3596399999999996e-05,0.1361489342457709,0.11928936825090289
13.597199999999994,1.3597199999999992e-05,0.09490876900008527,0.11731181374868783
13.597999999999999,1.3597999999999998e-05,0.13408999928678733,0.11530702933098008
13.598799999999997,1.3598799999999996e-05,0.0941775695184136,0.11327615658379739
13.599599999999995,1.3599599999999994e-05,0.11167908220412859,0.11122040816915567
13.6004,1.36004e-05,0.10717783389384006,0.10914105062674036
13.601199999999999,1.3601199999999998e-05,0.10364969058863815,0.1070393884824316
13.602000000000004,1.3602000000000003e-05,0.13567041989611084,0.10491674988922318
13.602799999999995,1.3602799999999995e-05,0.09431677335872779,0.10277447392451276
13.6036,1.36036e-05,0.1256335384188798,0.10061389959451648
13.604399999999998,1.3604399999999998e-05,0.063798540671832,0.09843635656390168
13.605200000000004,1.3605200000000003e-05,0.1091505227954972,0.09624315762152677
13.605999999999995,1.3605999999999995e-05,0.11429861653583362,0.09403559287535254
13.6068,1.36068e-05,0.1233680667279945,0.09181492561960905
13.607599999999998,1.3607599999999997e-05,0.09292908220412854,0.08958238975992094
13.608400000000003,1.3608400000000002e-05,0.09499009768026956,0.0873391886684101
13.609199999999994,1.3609199999999993e-05,0.053766576571763314,0.08508649538678027
13.61,1.3609999999999998e-05,0.0953628849754089,0.08282545415517724
13.610799999999998,1.3610799999999997e-05,0.07524543116085114,0.08055718325397693
13.611600000000003,1.3611600000000002e-05,0.07083799463363138,0.07828277908102152
13.612399999999994,1.3612399999999994e-05,0.10975292102258183,0.07600332127687878
13.613199999999999,1.3613199999999999e-05,0.05934665694165908,0.07371987860151367
13.613999999999997,1.3613999999999997e-05,0.08874841974885905,0.07143351518718466
13.614800000000002,1.3614800000000002e-05,0.04106344453126187,0.06914529674965873
13.615599999999993,1.3615599999999992e-05,0.11872269720023276,0.06685629631583438
13.616399999999999,1.3616399999999999e-05,0.09255194536326938,0.06456759899838242
13.617199999999997,1.3617199999999996e-05,0.10822602602766862,0.06228030532716296
13.617999999999995,1.3617999999999994e-05,0.05588603503945688,0.05999553268270118
13.6188,1.3618799999999999e-05,0.08009998576909483,0.05771441450333798
13.619599999999998,1.3619599999999997e-05,0.06935573535310613,0.05543809712284843
13.620400000000004,1.3620400000000003e-05,0.056569194115312915,0.053167734268785335
13.621199999999995,1.3621199999999994e-05,0.07135130994334482,0.05090447937251821
13.622,1.3622e-05,0.05529403939813915,0.048649475917003984
13.622799999999998,1.3622799999999998e-05,0.056208133580200714,0.04640384610013533
13.623600000000003,1.3623600000000003e-05,0.06959423618507365,0.044168678133942096
13.624399999999994,1.3624399999999994e-05,0.038587086562810846,0.04194501253985679
13.6252,1.36252e-05,0.04441134148469372,0.039733827841598686
13.625999999999998,1.3625999999999996e-05,0.010085422149092915,0.03753602609575686
13.626800000000003,1.3626800000000003e-05,0.024990854023096865,0.035352418714970496
13.627599999999994,1.3627599999999993e-05,0.06231344453129184,0.03318371299937231
13.6284,1.3628399999999998e-05,0.04782392298103044,0.03103049969116427
13.629199999999997,1.3629199999999996e-05,0.021173332620117336,0.028893241745812634
13.630000000000003,1.3630000000000002e-05,0.019527471124891504,0.026772264432617987
13.630799999999994,1.3630799999999993e-05,0.05045688526991243,0.024667746854018905
13.631599999999999,1.3631599999999998e-05,0.051290218603242343,0.02257971496789189
13.632399999999997,1.3632399999999997e-05,0.0050373817432673995,0.020508036181892876
13.633200000000002,1.3633200000000002e-05,0.015622379490285554,0.018452415582664233
13.633999999999993,1.3633999999999992e-05,0.04789636176123224,0.016412393881270373
13.634799999999998,1.3634799999999999e-05,0.020735104439115637,0.014387347174263846
13.635599999999997,1.3635599999999995e-05,0.017033144844941117,0.012376488616585723
13.636400000000002,1.36364e-05,0.02679445550156867,0.01037887209821784
13.6372,1.3637199999999999e-05,-0.015441888949289884,0.008393398032132833
13.637999999999998,1.3637999999999997e-05,-0.009741329393366915,0.00641882137987412
13.638800000000003,1.3638800000000002e-05,0.020394281244084933,0.0044537620263459185
13.639599999999994,1.3639599999999994e-05,0.05427913553860941,0.0024967175462409508
13.6404,1.3640399999999999e-05,0.010036625400340227,0.0005460783050583104
13.641199999999998,1.3641199999999997e-05,-0.029291374452408148,-0.0013998552239397645
13.642000000000003,1.3642000000000003e-05,0.005405440172649434,-0.0033428530236099575
13.642799999999994,1.3642799999999994e-05,0.005773310090596562,-0.005284734011155923
13.6436,1.36436e-05,-0.044385942578304305,-0.0072273424437099346
13.644399999999997,1.3644399999999998e-05,-0.01658408137758194,-0.009172522317832076
13.645200000000003,1.3645200000000003e-05,0.005114549389156897,-0.011122089934214936
13.645999999999994,1.3645999999999993e-05,-0.008472604739040102,-0.013077804934715432
13.646799999999999,1.3646799999999998e-05,0.004695802205309407,-0.015041340266205114
13.647599999999997,1.3647599999999996e-05,-0.02656876141472253,-0.017014251642722456
13.648400000000002,1.3648400000000001e-05,-0.0008182694472614882,-0.018997947133683916
13.649199999999993,1.3649199999999993e-05,-0.0037960274540640437,-0.020993657515965384
13.649999999999999,1.3649999999999998e-05,-0.011885942578304332,-0.023002408022748767
13.650799999999997,1.3650799999999996e-05,0.0028963617612322023,-0.02502499210964035
13.651600000000002,1.3651600000000002e-05,-0.03808241696386394,-0.02706194782578782
13.652399999999993,1.3652399999999993e-05,-0.01611937430515653,-0.029113537321151677
13.653199999999998,1.3653199999999998e-05,-0.02957432248726899,-0.031179729959997658
13.653999999999996,1.3653999999999995e-05,-0.010899598127445675,-0.03326018947108306
13.654800000000002,1.3654800000000002e-05,0.006485596406576755,-0.03535426555246929
13.6556,1.3655599999999998e-05,-0.033119298441124934,-0.037460990336662836
13.656399999999998,1.3656399999999997e-05,-0.030217195394456775,-0.03957908007143833
13.657200000000003,1.3657200000000002e-05,-0.012376372199426111,-0.04170694227208434
13.658000000000001,1.3658e-05,0.0202509163694361,-0.04384268847845624
13.6588,1.3658799999999999e-05,-0.009167490574913506,-0.04598415262506009
13.659599999999998,1.3659599999999997e-05,-0.08195686867275137,-0.048128914878664664
13.660400000000003,1.3660400000000002e-05,-0.026909584609753345,-0.050274330588276184
13.661200000000001,1.36612e-05,-0.030788953695762844,-0.05241756376922424
13.661999999999999,1.3661999999999999e-05,-0.05411812599486798,-0.054555624388262336
13.662799999999997,1.3662799999999997e-05,-0.03752030490546776,-0.05668540865056547
13.663600000000002,1.3663600000000002e-05,-0.06057882376106172,-0.058803741461214865
13.664399999999993,1.3664399999999992e-05,-0.020927401193289508,-0.06090742020114137
13.665199999999999,1.3665199999999998e-05,-0.0763851103714453,-0.06299325891907115
13.665999999999997,1.3665999999999996e-05,-0.11274291794315333,-0.0650581320033878
13.666800000000002,1.3666800000000001e-05,-0.11241457785090708,-0.06709901637589927
13.667599999999993,1.3667599999999993e-05,-0.09640875240289426,-0.06911303129679977
13.668399999999998,1.3668399999999998e-05,-0.04713011713029147,-0.07109747505116418
13.669199999999996,1.3669199999999996e-05,-0.009082000860434536,-0.07304985809315881
13.670000000000002,1.3670000000000001e-05,-0.071771893455154,-0.07496793253911829
13.670799999999993,1.3670799999999993e-05,-0.07827911894151851,-0.07684971808135237
13.671599999999998,1.3671599999999998e-05,-0.08924333404658269,-0.07869352439241711
13.672399999999996,1.3672399999999995e-05,-0.03088843919888118,-0.08049796998842332
13.673200000000001,1.3673200000000001e-05,-0.08147967849734145,-0.08226199743826784
13.674,1.3673999999999998e-05,-0.06665708798917647,-0.08398488477628238
13.674799999999998,1.3674799999999997e-05,-0.10114169216228541,-0.08566625295129489
13.675600000000003,1.3675600000000002e-05,-0.09836555351025955,-0.08730606909818542
13.676400000000001,1.36764e-05,-0.11374458235687118,-0.0889046453853733
13.6772,1.3677199999999998e-05,-0.10994030039960356,-0.09046263322688644
13.677999999999997,1.3677999999999997e-05,-0.09258498944847238,-0.09198101277168284
13.678800000000003,1.3678800000000002e-05,-0.08293697157216773,-0.09346107777718059
13.6796,1.36796e-05,-0.08730885079644646,-0.09490441619228622
13.680399999999999,1.3680399999999999e-05,-0.07160148185768872,-0.09631288696134638
13.681199999999997,1.3681199999999997e-05,-0.08638302985429785,-0.09768859367414601
13.682000000000002,1.3682000000000002e-05,-0.0659489627075911,-0.09903385572040076
13.6828,1.36828e-05,-0.07264551295718241,-0.10035117757458707
13.683599999999998,1.3683599999999997e-05,-0.11018239443444333,-0.1016432167553263
13.684399999999997,1.3684399999999996e-05,-0.11459380348452314,-0.10291275089036418
13.685200000000002,1.36852e-05,-0.10264475661435507,-0.10416264420797602
13.685999999999993,1.3685999999999992e-05,-0.07504394693691663,-0.10539581371745672
13.686799999999998,1.3686799999999997e-05,-0.09822634966990551,-0.10661519535552465
13.687599999999996,1.3687599999999996e-05,-0.10523592004878368,-0.10782371042251732
13.688400000000001,1.3688400000000001e-05,-0.10418148636355279,-0.1090242326537896
13.689199999999992,1.3689199999999993e-05,-0.08166541005776606,-0.11021955625423628
13.689999999999998,1.3689999999999998e-05,-0.08868897622528349,-0.11141236519446995
13.690799999999996,1.3690799999999996e-05,-0.09777072100889717,-0.11260520403720103
13.691600000000001,1.3691600000000001e-05,-0.1147218483962128,-0.11380045051144344
13.6924,1.3692399999999998e-05,-0.10820195129562904,-0.11500028997037393
13.693199999999997,1.3693199999999996e-05,-0.08441998719549038,-0.11620669178229917
13.694000000000003,1.3694000000000001e-05,-0.12781176352045293,-0.11742138764468883
13.6948,1.36948e-05,-0.10374250183972389,-0.11864585177810277
13.695599999999999,1.3695599999999998e-05,-0.16281460038042772,-0.11988128293218586
13.696399999999997,1.3696399999999996e-05,-0.09942074353841779,-0.12112858812570479
13.697200000000002,1.3697200000000002e-05,-0.13503978590262178,-0.12238836807755439
13.698,1.3698e-05,-0.11264891764864982,-0.12366090437840846
13.698799999999999,1.3698799999999998e-05,-0.09651164259748002,-0.12494614857344309
13.699599999999997,1.3699599999999997e-05,-0.09348243949338464,-0.12624371342583005
13.700400000000002,1.3700400000000002e-05,-0.1344958306671597,-0.12755286667056814
13.7012,1.37012e-05,-0.12391007657721437,-0.1288725275360713
13.701999999999998,1.3701999999999997e-05,-0.13619521777672572,-0.1302012662309836
13.702799999999996,1.3702799999999995e-05,-0.1515178841489223,-0.13153730652345536
13.703600000000002,1.37036e-05,-0.11522759798019389,-0.1328785315306634
13.7044,1.3704399999999999e-05,-0.05717532067614217,-0.13422249289307678
13.705199999999998,1.3705199999999997e-05,-0.11291749057491346,-0.13556642358228518
13.705999999999996,1.3705999999999995e-05,-0.15140591554291954,-0.13690725459999892
13.706800000000001,1.37068e-05,-0.12778660880324916,-0.13824163571590392
13.707599999999992,1.3707599999999992e-05,-0.1820911551358831,-0.13956596021167447
13.708399999999997,1.3708399999999997e-05,-0.09938726675262433,-0.14087639346624142
13.709199999999996,1.3709199999999996e-05,-0.10189294047257391,-0.14216890520312137
13.71,1.3710000000000001e-05,-0.10421477463791162,-0.14343930528099175
13.710799999999992,1.371079999999999e-05,-0.15227821087062798,-0.14468328293553034
13.711599999999997,1.3711599999999996e-05,-0.11047725774079603,-0.14589644930021883
13.712400000000002,1.3712400000000001e-05,-0.14314010361259905,-0.14707438286875868
13.7132,1.37132e-05,-0.12383423310564506,-0.14821267739078675
13.713999999999999,1.3713999999999998e-05,-0.1570145553214865,-0.14930699156335964
13.714799999999997,1.3714799999999996e-05,-0.09507950423985756,-0.15035309978794126
13.715600000000002,1.3715600000000001e-05,-0.19010787513709404,-0.1513469431878575
13.7164,1.37164e-05,-0.14997377718539706,-0.15228468001642623
13.717199999999998,1.3717199999999998e-05,-0.16307333855244688,-0.15316273453989032
13.717999999999996,1.3717999999999996e-05,-0.15048425563506562,-0.15397784348028723
13.718800000000002,1.3718800000000002e-05,-0.1190874860690494,-0.1547270991704049
13.7196,1.37196e-05,-0.18623550394535415,-0.15540798867783462
13.720399999999998,1.3720399999999997e-05,-0.19808090427820912,-0.15601842824577425
13.721199999999996,1.3721199999999995e-05,-0.1658577992730625,-0.15655679246681325
13.722000000000001,1.3722e-05,-0.17269487753732798,-0.15702193770857387
13.7228,1.3722799999999998e-05,-0.14908824241187685,-0.1574132194991365
13.723599999999998,1.3723599999999997e-05,-0.10473584418485204,-0.1577305038308067
13.724399999999996,1.3724399999999995e-05,-0.15299409038941014,-0.15797417256500998
13.725200000000001,1.37252e-05,-0.15643315077727077,-0.15814512323987964
13.725999999999999,1.3725999999999999e-05,-0.1372906939735124,-0.15824476357820658
13.726799999999997,1.3726799999999997e-05,-0.1456024657925108,-0.15827500091703625
13.727599999999995,1.3727599999999995e-05,-0.18891007657721437,-0.15823822670210602
13.7284,1.37284e-05,-0.1783536382387677,-0.15813729614889604
13.729199999999999,1.3729199999999999e-05,-0.10333699410158831,-0.15797550318046122
13.729999999999997,1.3729999999999996e-05,-0.15675581714946735,-0.15775655081814766
13.730800000000002,1.37308e-05,-0.15245353984531546,-0.15748451729650625
13.7316,1.3731599999999999e-05,-0.15561362472107526,-0.157163818233045
13.732399999999998,1.3732399999999997e-05,-0.15345860895050079,-0.15679916518015793
13.733199999999997,1.3733199999999996e-05,-0.2032965194215251,-0.15639552086531802
13.734000000000002,1.3734000000000001e-05,-0.10713144130461161,-0.15595805144336725
13.7348,1.37348e-05,-0.1683863586817338,-0.15549207615949676
13.735599999999998,1.3735599999999998e-05,-0.14614093581945797,-0.1550030149306421
13.736399999999996,1.3736399999999996e-05,-0.11229145031633986,-0.1544963344502252
13.737200000000001,1.3737200000000001e-05,-0.15199999170145456,-0.15397749346895917
13.738,1.3738e-05,-0.14446519074134107,-0.15345188789561978
13.738799999999998,1.3738799999999996e-05,-0.15717248381606735,-0.15292479630957373
13.739599999999996,1.3739599999999995e-05,-0.17086120396452997,-0.15240132641052895
13.740400000000001,1.37404e-05,-0.14608816654794515,-0.1518863628947076
13.7412,1.3741199999999998e-05,-0.12137319509995337,-0.1513845172719611
13.741999999999997,1.3741999999999997e-05,-0.12495770087961028,-0.15090008021242504
13.742799999999995,1.3742799999999995e-05,-0.09520887332586708,-0.1504369770771672
13.7436,1.37436e-05,-0.14445478815560392,-0.14999872727789304
13.744399999999999,1.3744399999999998e-05,-0.15911112810049838,-0.14958840799729767
13.745199999999997,1.3745199999999997e-05,-0.17011979040858588,-0.14920862262188075
13.745999999999995,1.3745999999999995e-05,-0.12362145482230391,-0.14886147408053324
13.7468,1.37468e-05,-0.1977860409717565,-0.14854854322203898
13.747599999999998,1.3747599999999999e-05,-0.13856641652210872,-0.1482708724144284
13.748399999999997,1.3748399999999995e-05,-0.07170437205217439,-0.14802895466557248
13.749199999999995,1.3749199999999994e-05,-0.14869030039960357,-0.14782272869052673
13.75,1.3749999999999999e-05,-0.12892539654007357,-0.14765158042201812
13.750800000000005,1.3750800000000004e-05,-0.09592248381606738,-0.14751435142116898
13.751599999999996,1.3751599999999996e-05,-0.10600456883917886,-0.1474093545030941
13.752400000000002,1.37524e-05,-0.11606225548781401,-0.14733439669804574
13.7532,1.3753199999999999e-05,-0.15005018848835888,-0.1472868094462725
13.753999999999998,1.3753999999999997e-05,-0.11715924437035546,-0.14726348567450795
13.754799999999996,1.3754799999999996e-05,-0.1479897408436805,-0.14726092315821013
13.755600000000001,1.3755600000000001e-05,-0.10016215709436171,-0.14727527338578175
13.7564,1.37564e-05,-0.17884463569138215,-0.14730239501699613
13.757199999999997,1.3757199999999998e-05,-0.16113185740804103,-0.14733791094000334
13.757999999999996,1.3757999999999994e-05,-0.12321519074134107,-0.1473772678709278
13.7588,1.37588e-05,-0.12752238542261507,-0.14741579743157143
13.759599999999999,1.3759599999999998e-05,-0.14323391539566777,-0.1474487776881379
13.760399999999997,1.3760399999999996e-05,-0.17343780377902668,-0.14747149418914055
13.761199999999995,1.3761199999999995e-05,-0.12086120396452998,-0.14747929956132866
13.762,1.3762e-05,-0.13440599140695103,-0.1474676707277435
13.762799999999999,1.3762799999999998e-05,-0.16267255968009892,-0.1474322628394144
13.763599999999997,1.3763599999999996e-05,-0.22700888160143684,-0.14736895905979974
13.764399999999995,1.3764399999999995e-05,-0.16649348577454598,-0.1472739154064131
13.7652,1.37652e-05,-0.15705767835008955,-0.1471435999909945
13.765999999999998,1.3765999999999998e-05,-0.1275779915542029,-0.14697482626330002
13.766799999999996,1.3766799999999995e-05,-0.10749306967111638,-0.14676478021025854
13.767599999999995,1.3767599999999993e-05,-0.11218572326187926,-0.14651104176084964
13.7684,1.3768399999999998e-05,-0.13847525308768022,-0.1462116007893596
13.769200000000005,1.3769200000000004e-05,-0.12167373212635585,-0.1458648680813298
13.769999999999996,1.3769999999999995e-05,-0.12293697157216771,-0.14546968149109624
13.770800000000001,1.37708e-05,-0.18867006305952194,-0.14502530736094563
13.7716,1.3771599999999999e-05,-0.09548009460077078,-0.1445314371470353
13.772400000000005,1.3772400000000004e-05,-0.17501047015112314,-0.1439881791318808
13.773199999999996,1.3773199999999995e-05,-0.19472525308768018,-0.14339604510346166
13.774000000000001,1.3774e-05,-0.13705767835008958,-0.14275593194337147
13.774799999999999,1.3774799999999999e-05,-0.09843572326187922,-0.14206909819386315
13.775599999999997,1.3775599999999997e-05,-0.12765648337431218,-0.14133713585895993
13.776399999999995,1.3776399999999994e-05,-0.17523648788027624,-0.1405619378751299
13.7772,1.3777199999999999e-05,-0.15670361570934704,-0.13974566178354972
13.777999999999999,1.3777999999999998e-05,-0.10234630010510015,-0.13889069016029706
13.778799999999997,1.3778799999999996e-05,-0.13048633615221317,-0.13799958840100002
13.779599999999995,1.3779599999999994e-05,-0.15618954405667623,-0.1370750605466318
13.7804,1.37804e-05,-0.12136903406565863,-0.13611990392455695
13.781199999999998,1.3781199999999998e-05,-0.09658672972622195,-0.13513696342390052
13.781999999999996,1.3781999999999996e-05,-0.13773100267166144,-0.13412908624407852
13.782799999999995,1.3782799999999994e-05,-0.12157632714048494,-0.13309907796145976
13.7836,1.37836e-05,-0.08267747705722112,-0.13204966073341098
13.784399999999998,1.3784399999999998e-05,-0.13595236739905864,-0.13098343439666224
13.785199999999996,1.3785199999999995e-05,-0.09665633164634901,-0.12990284113135636
13.785999999999994,1.3785999999999993e-05,-0.08459455982735059,-0.12881013425621712
13.7868,1.3786799999999998e-05,-0.11236994213654916,-0.12770735159018629
13.787599999999998,1.3787599999999997e-05,-0.14998266708537927,-0.12659629366261604
13.788399999999996,1.3788399999999995e-05,-0.08909921282910649,-0.12547850688826626
13.789200000000001,1.37892e-05,-0.12652620621751204,-0.12435527167853591
13.79,1.3789999999999998e-05,-0.08533540555190189,-0.12322759537224892
13.790800000000004,1.3790800000000004e-05,-0.13500914597690317,-0.12209620982794385
13.791599999999995,1.3791599999999995e-05,-0.1270930471415958,-0.1209615734823181
13.7924,1.37924e-05,-0.10451039428719167,-0.11982387763322576
13.793199999999999,1.3793199999999999e-05,-0.11707507883019641,-0.11868305667913571
13.794000000000004,1.3794000000000004e-05,-0.09280476562608331,-0.11753880206077122
13.794799999999995,1.3794799999999994e-05,-0.08255926689987603,-0.11639057968306248
13.7956,1.37956e-05,-0.10186078786110042,-0.11523765060266498
13.796399999999998,1.3796399999999997e-05,-0.10512735613424834,-0.11407909471881862
13.797199999999997,1.3797199999999996e-05,-0.1568704341040102,-0.11291383710870159
13.797999999999995,1.3797999999999994e-05,-0.09004111007694188,-0.11174067654832671
13.7988,1.3798799999999999e-05,-0.08632383051990788,-0.11055831571950596
13.799599999999998,1.3799599999999997e-05,-0.06222392891336026,-0.10936539264317002
13.800399999999996,1.3800399999999996e-05,-0.13225797353054636,-0.10816051294097193
13.801199999999994,1.3801199999999994e-05,-0.13778660880324917,-0.10694228252995383
13.802,1.3802e-05,-0.019332416963863897,-0.10570934029506607
13.802799999999998,1.3802799999999998e-05,-0.10605185290207686,-0.10446039023121846
13.803599999999996,1.3803599999999996e-05,-0.06256758896846559,-0.10319423252857625
13.804399999999994,1.3804399999999993e-05,-0.10946367805558616,-0.10190979303240794
13.8052,1.3805199999999998e-05,-0.1192522239465651,-0.10060615039574368
13.805999999999997,1.3805999999999996e-05,-0.11731149914498651,-0.09928256010796775
13.806799999999996,1.3806799999999995e-05,-0.13644412119440041,-0.09793847451756998
13.8076,1.38076e-05,-0.12422725774079602,-0.0965735580279022
13.808399999999999,1.3808399999999998e-05,-0.10076455532148654,-0.09518769683131889
13.809200000000004,1.3809200000000003e-05,-0.11978369607924266,-0.09378100282360322
13.809999999999995,1.3809999999999995e-05,-0.06027204518321716,-0.09235381165266895
13.8108,1.38108e-05,-0.07897268060307172,-0.0909066751448565
13.811599999999999,1.3811599999999998e-05,-0.1522356556734173,-0.08944034857236816
13.812400000000004,1.3812400000000003e-05,-0.0503297318318523,-0.08795577336429733
13.813199999999995,1.3813199999999993e-05,-0.05098149463912249,-0.08645405595719204
13.814,1.3814e-05,-0.10615190623658777,-0.08493644357360465
13.814799999999998,1.3814799999999997e-05,-0.051387758719985355,-0.0834042977980271
13.815600000000003,1.3815600000000002e-05,-0.03813575406686964,-0.08185906684480151
13.816399999999994,1.3816399999999994e-05,-0.03935662682680552,-0.08030225737331609
13.8172,1.3817199999999999e-05,-0.12771076533157977,-0.07873540661655525
13.817999999999998,1.3817999999999997e-05,-0.06282916400045968,-0.0771600554559967
13.818800000000003,1.3818800000000002e-05,-0.03762603196002812,-0.0755777229364682
13.819599999999994,1.3819599999999994e-05,-0.05683638948672409,-0.07398988263532616
13.8204,1.3820399999999999e-05,-0.05923349929223831,-0.07239794128572871
13.821199999999997,1.3821199999999997e-05,-0.052541110076941844,-0.07080322003210668
13.821999999999996,1.3821999999999996e-05,-0.06742838512811167,-0.06920693862028128
13.822799999999994,1.3822799999999992e-05,-0.05290481896059418,-0.06761020272161128
13.823599999999999,1.3823599999999998e-05,-0.045863284481677424,-0.0660139945037268
13.824399999999997,1.3824399999999996e-05,-0.038807754214121304,-0.0644191665003204
13.825199999999995,1.3825199999999994e-05,-0.0006775529212525999,-0.06282643877862973
13.826,1.3826e-05,-0.07597241622760542,-0.06123639932120662
13.826799999999999,1.3826799999999998e-05,-0.05903036725180688,-0.05964950740324067
13.827600000000004,1.3827600000000003e-05,-0.07532973183185232,-0.058066099576703445
13.828399999999995,1.3828399999999995e-05,-0.06046817932937898,-0.05648639773705402
13.8292,1.38292e-05,-0.0330801479352818,-0.054910518712894804
13.829999999999998,1.3829999999999998e-05,-0.05935795100112573,-0.053338484882838995
13.830800000000004,1.3830800000000003e-05,-0.04642804488871377,-0.05177023542566487
13.831599999999995,1.3831599999999995e-05,-0.001405915542919467,-0.05020563789001316
13.8324,1.38324e-05,-0.02660129334625394,-0.04864449980582468
13.833199999999998,1.3833199999999997e-05,-0.09834304714159581,-0.04708658004644106
13.834000000000003,1.3834000000000002e-05,-0.05600438032774413,-0.0455315995923665
13.834799999999994,1.3834799999999993e-05,-0.04579027787008294,-0.04397925129373234
13.8356,1.3835599999999998e-05,-0.028336805590153613,-0.04242920825799277
13.836399999999998,1.3836399999999997e-05,-0.008022461286646743,-0.04088113062050029
13.837200000000003,1.3837200000000002e-05,-0.042827651314704895,-0.03933467060948145
13.837999999999994,1.3837999999999994e-05,-0.009562595727311995,-0.03778947590181932
13.838799999999999,1.3838799999999999e-05,-0.04923898450085318,-0.03624519126112038
13.839599999999997,1.3839599999999997e-05,-0.054695369504688895,-0.034701458398608206
13.840400000000002,1.3840400000000002e-05,-0.032936215229240284,-0.03315791395982161
13.841199999999994,1.3841199999999992e-05,-0.03757931572842288,-0.03161418555949165
13.841999999999999,1.3841999999999999e-05,-0.011558170317550798,-0.030069885875019173
13.842799999999997,1.3842799999999996e-05,-0.051389839237132806,-0.028524604937476463
13.843599999999995,1.3843599999999994e-05,0.0012951359803645701,-0.02697790088194485
13.8444,1.3844399999999999e-05,-0.006245150188263882,-0.02542928951074545
13.845199999999998,1.3845199999999997e-05,-0.02323183487852032,-0.023878233082054057
13.846000000000004,1.3846000000000003e-05,-0.03844461316186154,-0.022324128760923833
13.846799999999995,1.3846799999999994e-05,-0.01877162907978769,-0.020766297164598144
13.8476,1.38476e-05,-0.00824299380708493,-0.019203971432106504
13.848399999999998,1.3848399999999998e-05,-0.02282973183185233,-0.017636287285927917
13.849200000000003,1.3849200000000003e-05,0.014369731141745334,-0.01606227462599756
13.849999999999994,1.3849999999999994e-05,0.03197753871335329,-0.014480851263114226
13.8508,1.38508e-05,0.02702066174205653,-0.012890819418545769
13.851599999999998,1.3851599999999996e-05,-0.03203668466718079,-0.011290865558012113
13.852400000000003,1.3852400000000003e-05,0.013716455648820403,-0.009679563984301472
13.853199999999994,1.3853199999999993e-05,0.021117158657136814,-0.008055384428824785
13.854,1.3853999999999998e-05,-0.04720501574759872,-0.006416703731127923
13.854799999999997,1.3854799999999997e-05,0.025570366561599833,-0.00476182161026098
13.855600000000003,1.3855600000000002e-05,0.03662971762405298,-0.00308898049914285
13.856399999999994,1.3856399999999993e-05,0.07154971311811875,-0.0013963894059255749
13.857199999999999,1.3857199999999998e-05,0.052358080245689775,0.0003177482657659974
13.857999999999997,1.3857999999999997e-05,0.004361409073155742,0.0020552031421717217
13.858800000000002,1.3858800000000002e-05,-0.03826796001285393,0.0038176850273747183
13.859599999999993,1.3859599999999993e-05,0.034978370920212276,0.005606805577809538
13.860399999999998,1.3860399999999999e-05,-0.01438726675262425,0.007424039544476854
13.861199999999997,1.3861199999999995e-05,0.03351351211975373,0.00927068569303174
13.862000000000002,1.3862e-05,-0.010001391739706045,0.011147828454677267
13.8628,1.3862799999999999e-05,0.07064621003319926,0.0130563012697263
13.863599999999998,1.3863599999999997e-05,-0.016357118794266712,0.014996652516802872
13.864400000000003,1.3864400000000002e-05,0.016474625989347014,0.016969114886466363
13.865199999999994,1.3865199999999994e-05,-0.021529610908879393,0.01897357904669977
13.866,1.3865999999999999e-05,-0.000908488027527965,0.02100957241687384
13.866799999999998,1.3866799999999997e-05,0.013966303920757372,0.02307624375957191
13.867600000000003,1.3867600000000003e-05,0.019016424843730118,0.025172354095425103
13.868399999999994,1.3868399999999994e-05,0.09155254997813367,0.027296274185258835
13.8692,1.38692e-05,0.013765252397473171,0.029445988584578264
13.869999999999997,1.3869999999999998e-05,-0.006785512220923828,0.03161910612887886
13.870800000000003,1.3870800000000003e-05,0.050427758029848335,0.033812876665308286
13.871599999999994,1.3871599999999993e-05,0.04482952083704861,0.03602421383675014
13.872399999999999,1.3872399999999998e-05,0.018089279727361518,0.038249723666942584
13.873199999999997,1.3873199999999996e-05,0.03343766864815445,0.04048573858441011
13.874000000000002,1.3874000000000001e-05,0.058299221150697855,0.04272835640433761
13.874799999999993,1.3874799999999993e-05,0.022805386838138375,0.04497348367747671
13.875599999999999,1.3875599999999998e-05,0.031948411473319394,0.04721688270130711
13.876399999999997,1.3876399999999996e-05,0.04588414303374411,0.04945422136671671
13.877200000000002,1.3877200000000002e-05,0.06284075562964453,0.051681124880323434
13.877999999999993,1.3877999999999993e-05,0.11144190554645084,0.053893228256207806
13.878799999999998,1.3878799999999998e-05,0.10737680490001666,0.05608622834470563
13.879599999999996,1.3879599999999995e-05,0.10112756124287392,0.058255934131925334
13.880400000000002,1.3880400000000002e-05,0.07084366835365097,0.06039831415917687
13.8812,1.3881199999999998e-05,0.029486617124840464,0.06250954016149085
13.881999999999998,1.3881999999999997e-05,0.0899728857116675,0.06458602631311858
13.882800000000003,1.3882800000000002e-05,0.05026018329231785,0.0666244636768951
13.883600000000001,1.38836e-05,0.10497080519452007,0.06862184952697731
13.8844,1.3884399999999999e-05,0.14483784290563828,0.07057551119134095
13.885199999999998,1.3885199999999997e-05,0.061381382037740906,0.0724831240386623
13.886000000000003,1.3886000000000002e-05,0.11068800888758568,0.07434272329759935
13.886800000000001,1.38868e-05,0.11266769568353918,0.07615270956308401
13.887599999999999,1.3887599999999999e-05,0.12822054081908374,0.07791184806485144
13.888399999999997,1.3888399999999997e-05,0.06994300212873616,0.07961926199626525
13.889200000000002,1.3889200000000002e-05,0.0598983664143482,0.08127442041979863
13.889999999999993,1.3889999999999992e-05,0.07136965527771388,0.08287712146993745
13.890799999999999,1.3890799999999998e-05,0.0960935166256578,0.0844274717051934
13.891599999999997,1.3891599999999996e-05,0.07396006236934505,0.08592586246454545
13.892400000000002,1.3892400000000001e-05,0.10758277380048287,0.08737294398442778
13.893199999999993,1.3893199999999993e-05,0.07735259503710501,0.08876959790715355
13.893999999999998,1.3893999999999998e-05,0.08061008489883559,0.0901169087127187
13.894799999999996,1.3894799999999996e-05,0.06406730210960032,0.09141613453230156
13.895600000000002,1.3895600000000001e-05,0.13980096142841025,0.09266867772245527
13.896399999999993,1.3896399999999993e-05,0.14237056334857134,0.09387605547386456
13.897199999999998,1.3897199999999998e-05,0.08744092161158867,0.09503987062845645
13.897999999999996,1.3897999999999995e-05,0.09701725705061903,0.09616178285320463
13.898800000000001,1.3898800000000002e-05,0.12691152999609556,0.09724348039369388
13.8996,1.3899599999999998e-05,0.09864912275720561,0.09828665274470276
13.900399999999998,1.3900399999999997e-05,0.11662914979259331,0.09929296465708685
13.901200000000003,1.3901200000000002e-05,0.10477391470549091,0.10026403194342601
13.902000000000001,1.3902e-05,0.04795915429849451,0.10120139957556261
13.9028,1.3902799999999998e-05,0.10342726606241726,0.10210652257984296
13.903599999999997,1.3903599999999997e-05,0.10823661712484045,0.10298075019025878
13.904400000000003,1.3904400000000002e-05,0.10180447876728094,0.10382531359000927
13.9052,1.39052e-05,0.10516561516639178,0.10464131738978108
13.905999999999999,1.3905999999999999e-05,0.08568025465042539,0.10542973482193022
13.906799999999997,1.3906799999999997e-05,0.13515161937778541,0.10619140650527169
13.907600000000002,1.3907600000000002e-05,0.14552100198148443,0.10692704253876589
13.9084,1.39084e-05,0.12739080068861897,0.10763722760685342
13.909199999999998,1.3909199999999997e-05,0.09730663514842697,0.10832242875772714
13.909999999999997,1.3909999999999996e-05,0.10536382982970094,0.10898300557279132
13.910800000000002,1.39108e-05,0.11753208504608725,0.10961922254066465
13.911599999999993,1.3911599999999992e-05,0.1049276821658468,0.1102312635060281
13.912399999999998,1.3912399999999997e-05,0.08614779858292543,0.11081924804656058
13.913199999999996,1.3913199999999996e-05,0.09604755673697973,0.11138324955835473
13.914000000000001,1.3914000000000001e-05,0.15535891245254874,0.1119233147223202
13.914799999999993,1.3914799999999993e-05,0.1308166216307345,0.1124394838893821
13.915599999999998,1.3915599999999998e-05,0.12742352113155198,0.11293181179626022
13.916399999999996,1.3916399999999996e-05,0.1308535031079625,0.11340038796847016
13.917200000000001,1.3917200000000001e-05,0.12887381631200856,0.11384535620755604
13.918,1.3917999999999998e-05,0.14478564146551798,0.11426693265688374
13.918799999999997,1.3918799999999996e-05,0.13052024563862707,0.114665422046866
13.919600000000003,1.3919600000000001e-05,0.12503548973752177,0.1150412318251704
13.9204,1.39204e-05,0.12315112741035839,0.1153948839881826
13.921199999999999,1.3921199999999998e-05,0.11462790148230484,0.11572702453947481
13.921999999999997,1.3921999999999996e-05,0.124853919211392,0.11603843058562657
13.922800000000002,1.3922800000000002e-05,0.12802516301578226,0.116330015122494
13.9236,1.39236e-05,0.12738796382861106,0.11660282957101092
13.924399999999999,1.3924399999999998e-05,0.11143433982071849,0.11685806411244834
13.925199999999997,1.3925199999999997e-05,0.12208893948793054,0.11709704586728795
13.926000000000002,1.3926000000000002e-05,0.13104623256268977,0.11732123495879854
13.9268,1.39268e-05,0.1422517853597366,0.11753221849048155
13.927599999999998,1.3927599999999997e-05,0.13044515850988514,0.11773170244966248
13.928399999999996,1.3928399999999995e-05,0.13683360600734185,0.1179215015528948
13.929200000000002,1.39292e-05,0.12096963274822614,0.11810352709194807
13.93,1.3929999999999999e-05,0.12248612515740931,0.11827977291227035
13.930799999999998,1.3930799999999997e-05,0.14367976268299432,0.11845229972945323
13.931599999999996,1.3931599999999995e-05,0.12058984755878699,0.11862321804126807
13.932400000000001,1.39324e-05,0.11313996848175989,0.11879466992401982
13.933199999999992,1.3933199999999992e-05,0.12162007138114328,0.11896881002372352
13.933999999999997,1.3933999999999997e-05,0.11336957941371517,0.1191477860618847
13.934799999999996,1.3934799999999996e-05,0.1076934182321686,0.11933371915428737
13.9356,1.3935600000000001e-05,0.16223703322826988,0.11952868418111057
13.936399999999992,1.393639999999999e-05,0.15794591485274267,0.11973469036624962
13.937199999999997,1.3937199999999996e-05,0.09043343174985796,0.11995366216534942
13.938000000000002,1.3938000000000001e-05,0.1058285369021934,0.12018742056633344
13.9388,1.39388e-05,0.11315320792750583,0.12043766495882818
13.939599999999999,1.3939599999999998e-05,0.14571013823334666,0.12070595575207425
13.940399999999997,1.3940399999999996e-05,0.1430976017959512,0.12099369785978259
13.941200000000002,1.3941200000000001e-05,0.14612340020857917,0.12130212506567926
13.942,1.3942e-05,0.10690320792750585,0.1216322852232547
13.942799999999998,1.3942799999999998e-05,0.11518017878642373,0.12198502626404646
13.943599999999996,1.3943599999999996e-05,0.20233651873134817,0.122360983049436
13.944400000000002,1.3944400000000002e-05,0.06843085926528947,0.12276056514531769
13.9452,1.39452e-05,0.18348495271112242,0.12318394562369361
13.945999999999998,1.3945999999999997e-05,0.11747988360596706,0.12363105103405433
13.946799999999996,1.3946799999999995e-05,0.12741936009725707,0.12410155274867006
13.947600000000001,1.39476e-05,0.11811840696742537,0.12459485994668629
13.9484,1.3948399999999998e-05,0.14154214739239657,0.12511011454147408
13.949199999999998,1.3949199999999997e-05,0.1055718792473217,0.12564618836138763
13.949999999999996,1.3949999999999995e-05,0.15836050100226506,0.12620168286231281
13.950800000000001,1.39508e-05,0.1264413377150182,0.12677493159617315
13.9516,1.3951599999999999e-05,0.1193496823130985,0.12736400560719993
13.952399999999997,1.3952399999999997e-05,0.1718538433473934,0.12796672189299926
13.953199999999995,1.3953199999999995e-05,0.09217518554526993,0.128580655050919
13.954,1.3954e-05,0.13538198665260526,0.12920315222211393
13.954799999999999,1.3954799999999999e-05,0.11820957040192104,0.12983135143059907
13.955599999999997,1.3955599999999996e-05,0.15090646089094317,0.13046220337138653
13.956400000000002,1.39564e-05,0.09467386137098277,0.13109249661878258
13.9572,1.3957199999999999e-05,0.11596906491680048,0.1317188861168272
13.957999999999998,1.3957999999999997e-05,0.13695181616475693,0.13233792469303285
13.958799999999997,1.3958799999999996e-05,0.18480323045698943,0.13294609719529835
13.959600000000002,1.3959600000000001e-05,0.1002253823322442,0.13353985669568225
13.9604,1.39604e-05,0.157303798288422,0.13411566208299422
13.961199999999998,1.3961199999999998e-05,0.1861164023142794,0.13467001631957248
13.961999999999996,1.3961999999999996e-05,0.14522670650652447,0.1351995046521843
13.962800000000001,1.3962800000000001e-05,0.12199645187914487,0.13570083211855838
13.9636,1.39636e-05,0.13025734643231301,0.13617085977845855
13.964399999999998,1.3964399999999996e-05,0.13735108235138316,0.1366066391951743
13.965199999999996,1.3965199999999995e-05,0.140921024510975,0.1370054447367693
13.966000000000001,1.3966e-05,0.17203182067065104,0.13736480322908537
13.9668,1.3966799999999998e-05,0.1432337802648287,0.1376825204183447
13.967599999999997,1.3967599999999997e-05,0.1597071496453386,0.1379567036561154
13.968399999999995,1.3968399999999995e-05,0.18033035304390754,0.13818578023682132
13.9692,1.39692e-05,0.17138346255488834,0.1383685108938549
13.969999999999999,1.3969999999999998e-05,0.17826933756776642,0.13850399808378122
13.970799999999997,1.3970799999999997e-05,0.15520930602648764,0.13859168886158385
13.971599999999995,1.3971599999999995e-05,0.15424660360714804,0.13863137237122972
13.9724,1.39724e-05,0.1526557804120774,0.13862317221510628
13.973199999999999,1.3973199999999999e-05,0.1460405588426702,0.1385675341780483
13.973999999999997,1.3973999999999995e-05,0.11779782111240622,0.13846520993668168
13.974799999999995,1.3974799999999994e-05,0.12778098846379504,0.138317237474314
13.9756,1.3975599999999999e-05,0.14468691230529407,0.138124918941355
13.976400000000005,1.3976400000000004e-05,0.1830279998757941,0.137889796649584
13.977199999999996,1.3977199999999996e-05,0.12156786994102298,0.13761362779400343
13.978000000000002,1.3978e-05,0.11438788796461252,0.1372983584190363
13.9788,1.3978799999999999e-05,0.15595223226818644,0.1369460971197777
13.979599999999998,1.3979599999999997e-05,0.09222322595109522,0.13655908895632837
13.980399999999996,1.3980399999999996e-05,0.12477467104835827,0.13613968999789666
13.981200000000001,1.3981200000000001e-05,0.2149796950945323,0.1356903427853828
13.982,1.3982e-05,0.14549735995000546,0.13521355284247183
13.982799999999997,1.3982799999999998e-05,0.09432528393875217,0.13471186624631135
13.983599999999996,1.3983599999999994e-05,0.1809161071338229,0.13418784825000918
13.9844,1.39844e-05,0.0909259418881273,0.13364406300877066
13.985199999999999,1.3985199999999998e-05,0.16384033952621513,0.13308305450833677
13.985999999999997,1.3985999999999996e-05,0.13467234868526212,0.1325073287753122
13.986799999999995,1.3986799999999995e-05,0.15464246510233381,0.13191933738921546
13.9876,1.39876e-05,0.13216951182525338,0.1313214622636452
13.988399999999999,1.3988399999999998e-05,0.12464246510233679,0.1307160016453103
13.989199999999997,1.3989199999999996e-05,0.13689148116748173,0.13010515728950092
13.989999999999995,1.3989999999999995e-05,0.12329297959925223,0.12949102277809826
13.9908,1.39908e-05,0.16900034853801338,0.1288755729247291
13.991599999999998,1.3991599999999998e-05,0.12272954336653585,0.1282606541672244
13.992399999999996,1.3992399999999995e-05,0.14675776253574258,0.12764797581322773
13.993199999999995,1.3993199999999993e-05,0.13139537782634314,0.12703910200697519
13.994,1.3993999999999998e-05,0.13201025915631948,0.12643544431839845
13.994800000000005,1.3994800000000004e-05,0.14013497524060303,0.12583825489330058
13.995599999999996,1.3995599999999995e-05,0.13871588781735789,0.1252486201277965
13.996400000000001,1.39964e-05,0.14431620552730506,0.12466745484478248
13.9972,1.3997199999999999e-05,0.12757653224904353,0.12409549696966295
13.998000000000005,1.3998000000000004e-05,0.1350848543176303,0.12353330273802487
13.998799999999996,1.3998799999999995e-05,0.10493335588586339,0.1229812425147295
13.999600000000001,1.39996e-05,0.12990404013436785,0.12243949734056839
14.000399999999999,1.4000399999999999e-05,0.13377641132607065,0.121908056324918
14.001199999999997,1.4001199999999997e-05,0.12978299311694796,0.12138671496426116
14.001999999999995,1.4001999999999994e-05,0.1642034805784749,0.12087507441021934
14.0028,1.40028e-05,0.13580621904499746,0.12037254167842247
14.003599999999999,1.4003599999999998e-05,0.11922787895281828,0.11987833081405702
14.004399999999997,1.4004399999999996e-05,0.089647382479496,0.11939146511146376
14.005199999999995,1.4005199999999994e-05,0.10781938262674484,0.11891078057880351
14.006,1.4006e-05,0.13353223677408343,0.11843493087276509
14.006799999999998,1.4006799999999998e-05,0.13714246510233385,0.11796239386263571
14.007599999999996,1.4007599999999996e-05,0.12069973564760939,0.11749147985489866
14.008399999999995,1.4008399999999994e-05,0.13472171326537352,0.11702034140047392
14.0092,1.40092e-05,0.13913671551832263,0.11654698456620532
14.009999999999998,1.4009999999999998e-05,0.09040695285837419,0.11606928156962137
14.010799999999996,1.4010799999999995e-05,0.12380213387470118,0.11558498471471543
14.011599999999994,1.4011599999999993e-05,0.121266008740334,0.11509174159216937
14.0124,1.4012399999999998e-05,0.1103082236981463,0.11458711149473728
14.013199999999998,1.4013199999999997e-05,0.11463206251659996,0.1140685829456909
14.013999999999996,1.4013999999999995e-05,0.15962563245371975,0.113533592169727
14.014800000000001,1.40148e-05,0.09903798635810168,0.11297954227915111
14.0156,1.4015599999999998e-05,0.10675851887860299,0.1124038229218553
14.016400000000004,1.4016400000000004e-05,0.1341590333755216,0.1118038301449082
14.017199999999995,1.4017199999999995e-05,0.11575401760487714,0.11117698624490052
14.018,1.4018e-05,0.12261473790055866,0.11052075937518885
14.018799999999999,1.4018799999999999e-05,0.12374652774314632,0.1098326826662711
14.019600000000004,1.4019600000000004e-05,0.12949928873915972,0.1091103726150092
14.020399999999995,1.4020399999999994e-05,0.13198037557339515,0.10835154652262557
14.0212,1.40212e-05,0.1469414135790198,0.10755403881023176
14.021999999999998,1.4021999999999997e-05,0.06669591485274262,0.10671581611925061
14.022799999999997,1.4022799999999996e-05,0.07822489036481328,0.10583499120742093
14.023599999999995,1.4023599999999994e-05,0.07772405815795425,0.10490983573324773
14.0244,1.4024399999999999e-05,0.13931904238730985,0.10393879200750535
14.025199999999998,1.4025199999999997e-05,0.1257958164592603,0.10292048364976616
14.025999999999996,1.4025999999999996e-05,0.1219712971619441,0.10185372489314934
14.026799999999994,1.4026799999999994e-05,0.15069765513046207,0.1007375281537419
14.0276,1.40276e-05,0.1266694359612558,0.09957110948984292
14.028399999999998,1.4028399999999998e-05,0.10262381631200856,0.0983538917038741
14.029199999999996,1.4029199999999996e-05,0.10523238022654402,0.09708550503305435
14.029999999999994,1.4029999999999993e-05,0.12247988360596707,0.09576578557639237
14.0308,1.4030799999999998e-05,0.12956529745644452,0.09439477176689105
14.031599999999997,1.4031599999999996e-05,0.05886889893485636,0.09297269930815608
14.032399999999996,1.4032399999999995e-05,0.034346845453093744,0.0914999950776178
14.0332,1.40332e-05,0.08393301564642852,0.0899772705480731
14.033999999999999,1.4033999999999998e-05,0.10260717217482918,0.08840531523137238
14.034800000000004,1.4034800000000003e-05,0.10252924818608267,0.0867850904656452
14.035599999999995,1.4035599999999995e-05,0.09013289472345576,0.08511772362144138
14.0364,1.40364e-05,0.08766769568353916,0.08340450261377123
14.037199999999999,1.4037199999999998e-05,0.08507369538903564,0.08164687052726963
14.038000000000004,1.4038000000000003e-05,0.12245756574877131,0.0798464201513726
14.038799999999995,1.4038799999999993e-05,0.11646422340363982,0.07800488823235972
14.0396,1.40396e-05,0.09972738698539019,0.0761241492821434
14.040399999999998,1.4040399999999997e-05,0.07885717217482913,0.07420620887634707
14.041200000000003,1.4041200000000002e-05,0.02233178986563078,0.07225319653264925
14.041999999999994,1.4041999999999994e-05,0.020301225803843526,0.07026735842116999
14.0428,1.4042799999999999e-05,0.07324985657058225,0.068251050216412
14.043599999999998,1.4043599999999997e-05,0.09441909572182083,0.06620673028527205
14.044400000000003,1.4044400000000002e-05,0.10947205350480549,0.06413695315603131
14.045199999999994,1.4045199999999994e-05,0.07651926170377499,0.06204436296826609
14.046,1.4045999999999999e-05,0.04273238022654402,0.059931686497119135
14.046799999999998,1.4046799999999997e-05,0.04391618299781441,0.057801725394059374
14.047599999999996,1.4047599999999996e-05,0.08596755223107566,0.05565734738968628
14.048399999999994,1.4048399999999992e-05,0.09642318089212398,0.05350147625377459
14.049199999999999,1.4049199999999998e-05,0.08411515400399106,0.05133708029278028
14.049999999999997,1.4049999999999996e-05,0.07943176733613999,0.04916715916911708
14.050799999999995,1.4050799999999994e-05,0.03133844752050252,0.04699472892612738
14.0516,1.40516e-05,0.049961726783062876,0.04482280528495784
14.052399999999999,1.4052399999999998e-05,0.07776434432661272,0.042654385461724474
14.053200000000004,1.4053200000000003e-05,-0.00723281881334259,0.04049242886468428
14.053999999999995,1.4053999999999995e-05,0.02853091259980034,0.03833983706211065
14.0548,1.40548e-05,0.06630497073470898,0.03619943338347081
14.055599999999998,1.4055599999999998e-05,0.029074111492465193,0.03407394243715074
14.056400000000004,1.4056400000000003e-05,0.0845484648078304,0.03196596971470869
14.057199999999995,1.4057199999999995e-05,0.04882029069759841,0.029877981363010488
14.058,1.4058e-05,0.04129664866611926,0.027812284201341887
14.058799999999998,1.4058799999999997e-05,0.02141977620068669,0.025771006148187912
14.059600000000003,1.4059600000000002e-05,-0.014254304463712453,0.023756077354883665
14.060399999999994,1.4060399999999993e-05,0.016220805194550048,0.021769212445423045
14.0612,1.4061199999999998e-05,0.05864212486290599,0.019811894267645243
14.061999999999998,1.4061999999999997e-05,0.05503548973752481,0.017885359464684617
14.062800000000003,1.4062800000000002e-05,0.032024822776351436,0.01599058605274678
14.063599999999994,1.4063599999999994e-05,0.000951664436793731,0.014128283145934757
14.0644,1.4064399999999999e-05,0.02657486783532259,0.012298883034776442
14.065199999999997,1.4065199999999997e-05,-0.0027572930517505423,0.010502535935580044
14.066000000000003,1.4066000000000002e-05,0.049142957069765014,0.008739107794915534
14.066799999999994,1.4066799999999992e-05,-0.007263458739161122,0.007008181534298708
14.067599999999999,1.4067599999999999e-05,-0.008482250981949768,0.005309062092204452
14.068399999999997,1.4068399999999996e-05,-0.03774897098316077,0.003640785595017763
14.069199999999995,1.4069199999999994e-05,0.008410621925237893,0.00200213294408237
14.07,1.4069999999999999e-05,-0.03765289017150997,0.00039164799278577564
14.070799999999998,1.4070799999999997e-05,0.00013913627486794589,-0.0011923397106065377
14.071600000000004,1.4071600000000003e-05,0.007650295203532442,-0.0027516878852428
14.072399999999995,1.4072399999999994e-05,0.014049145286696318,-0.00428841069766633
14.0732,1.40732e-05,-0.010938371610419328,-0.005804644866373986
14.073999999999998,1.4073999999999998e-05,-0.019362868378247966,-0.007302613518900783
14.074800000000003,1.4074800000000003e-05,0.02931204449301017,-0.00878458868421427
14.075599999999994,1.4075599999999994e-05,-0.03180574956100546,-0.010252853331157632
14.0764,1.40764e-05,0.052022742259204,-0.011709663892779764
14.077199999999998,1.4077199999999996e-05,-0.018252640049994606,-0.013157214233875638
14.078000000000003,1.4078000000000003e-05,0.05047504209280651,-0.01459760199392719
14.078799999999994,1.4078799999999993e-05,-0.01845993312472083,-0.01603279815110624
14.0796,1.4079599999999998e-05,0.03056961021877247,-0.017464620506140522
14.080399999999997,1.4080399999999997e-05,-0.03121167340247044,-0.0188947115971125
14.081200000000003,1.4081200000000002e-05,0.023452988611043835,-0.02032452135961971
14.081999999999994,1.4081999999999993e-05,0.018115570107450463,-0.02175529466948998
14.082799999999999,1.4082799999999998e-05,0.025540482978678614,-0.023188063749846263
14.083599999999997,1.4083599999999997e-05,-0.02728993763068499,-0.02462364525927482
14.084400000000002,1.4084400000000002e-05,-0.008887758719985372,-0.026062641670259006
14.085199999999993,1.4085199999999993e-05,-0.0768405505210189,-0.027505446314653813
14.085999999999999,1.4085999999999999e-05,-0.049608367104555184,-0.028952251289784285
14.086799999999997,1.4086799999999995e-05,-0.04796534246930417,-0.03040305736268703
14.087600000000002,1.40876e-05,-0.010226085294539056,-0.031857685108858544
14.0884,1.4088399999999999e-05,-0.029670971130412505,-0.03331578673218526
14.089199999999998,1.4089199999999997e-05,-0.037814411868993036,-0.03477685824027822
14.090000000000003,1.4090000000000002e-05,-0.03318020126979282,-0.03624025181245366
14.090799999999994,1.4090799999999994e-05,-0.06093837161041926,-0.03770518828368463
14.0916,1.4091599999999999e-05,-0.0015867297262218694,-0.039170769722483095
14.092399999999998,1.4092399999999997e-05,-0.00905533345757581,-0.040635992144339834
14.093200000000003,1.4093200000000003e-05,-0.037632841342863155,-0.042099758465186314
14.093999999999994,1.4093999999999994e-05,-0.03900464470311038,-0.04356089181552727
14.0948,1.40948e-05,-0.043379928618856645,-0.04501814928435022
14.095599999999997,1.4095599999999998e-05,-0.04831316355870452,-0.04647023608196883
14.096400000000003,1.4096400000000003e-05,-0.03531516821182035,-0.047915820062265344
14.097199999999994,1.4097199999999993e-05,-0.04179742749241566,-0.04935354654801885
14.097999999999999,1.4097999999999998e-05,-0.041230586568231975,-0.050782053435586366
14.098799999999997,1.4098799999999996e-05,-0.0380043044637125,-0.052199986585498584
14.099600000000002,1.4099600000000001e-05,-0.0341166133091132,-0.05360601551598617
14.100399999999993,1.4100399999999993e-05,-0.07650521253460307,-0.05499884940500166
14.101199999999999,1.4101199999999998e-05,-0.012353297999369794,-0.05637725338057992
14.101999999999997,1.4101999999999996e-05,-0.014610447621702494,-0.05774006505065564
14.102800000000002,1.4102800000000002e-05,-0.08360102897078758,-0.059086211190037
14.103599999999993,1.4103599999999993e-05,-0.021577651314704904,-0.06041472444106855
14.104399999999998,1.4104399999999998e-05,-0.05583188821303131,-0.0617247597852853
14.105199999999996,1.4105199999999995e-05,-0.07342929319900215,-0.06301561043628788
14.106000000000002,1.4106000000000002e-05,-0.04070951702129144,-0.0642867227254442
14.1068,1.4106799999999998e-05,-0.032737244223103645,-0.06553770950839549
14.107599999999998,1.4107599999999997e-05,-0.10779133766893656,-0.06676836159812038
14.108400000000003,1.4108400000000002e-05,-0.11399745829740604,-0.06797865671561114
14.109200000000001,1.41092e-05,-0.07196783908988114,-0.06916876545628602
14.11,1.4109999999999999e-05,-0.046264631185418126,-0.07033905385378214
14.110799999999998,1.4110799999999997e-05,-0.061835065312504045,-0.07149008231003884
14.111600000000003,1.4111600000000002e-05,-0.06308638948672407,-0.07262260088257748
14.112400000000001,1.41124e-05,-0.09646700688302212,-0.07373754107169413
14.113199999999999,1.4113199999999999e-05,-0.06839449223888872,-0.0748360043058088
14.113999999999997,1.4113999999999997e-05,-0.07541654572065137,-0.07591924734416344
14.114800000000002,1.4114800000000002e-05,-0.07753411218267214,-0.07698866486564762
14.115599999999993,1.4115599999999992e-05,-0.06917638047499575,-0.07804576959757871
14.116399999999999,1.4116399999999998e-05,-0.04446235388136621,-0.07909217042747625
14.117199999999997,1.4117199999999996e-05,-0.051425208028638925,-0.08012954900307492
14.118000000000002,1.4118000000000001e-05,-0.11888832655147807,-0.08115963533888998
14.118799999999993,1.4118799999999993e-05,-0.02484630010510014,-0.08218418290445395
14.119599999999998,1.4119599999999998e-05,-0.05330200463014001,-0.08320494359457818
14.120399999999997,1.4120399999999996e-05,-0.10955824618158228,-0.08422364290902978
14.121200000000002,1.4121200000000001e-05,-0.11420418354073969,-0.0852419555986878
14.121999999999993,1.4121999999999993e-05,-0.09327760625576365,-0.08626148196872861
14.122799999999998,1.4122799999999998e-05,-0.05731906487074878,-0.08728372501802392
14.123599999999996,1.4123599999999995e-05,-0.030260886254552588,-0.0883100686786989
14.124400000000001,1.4124400000000002e-05,-0.0783347250730061,-0.08934175754141961
14.1252,1.4125199999999998e-05,-0.07653452828610174,-0.09037987849206633
14.125999999999998,1.4125999999999997e-05,-0.07573107853569294,-0.09142534459168905
14.126800000000003,1.4126800000000002e-05,-0.14140572703148468,-0.09247888136333532
14.127600000000001,1.41276e-05,-0.06463692651312636,-0.09354101550896007
14.1284,1.4128399999999998e-05,-0.020410492680643877,-0.09461206602892312
14.129199999999997,1.4129199999999997e-05,-0.13730034021642207,-0.09569213774009425
14.130000000000003,1.4130000000000002e-05,-0.07781932924611523,-0.0967811172093708
14.1308,1.41308e-05,-0.11399272943171851,-0.0978786710796043
14.131599999999999,1.4131599999999999e-05,-0.09141839864580409,-0.09898424669897621
14.132399999999997,1.4132399999999997e-05,-0.06140723971723949,-0.10009707494725707
14.133200000000002,1.4133200000000002e-05,-0.1127476468088407,-0.10121617519245904
14.134,1.4134e-05,-0.08345709626474596,-0.1023403623530181
14.134799999999998,1.4134799999999997e-05,-0.11161245227481847,-0.10346825604211575
14.135599999999997,1.4135599999999996e-05,-0.08390856389145951,-0.10459829174410518
14.136400000000002,1.41364e-05,-0.10488734261655586,-0.10572873395291718
14.137199999999993,1.4137199999999992e-05,-0.1012298302254045,-0.1068576912018812
14.137999999999998,1.4137999999999997e-05,-0.10075264004999462,-0.10798313292246245
14.138799999999996,1.4138799999999996e-05,-0.09714392440749603,-0.10910290807654775
14.139600000000002,1.4139600000000001e-05,-0.09203876518432819,-0.11021476551337561
14.140399999999993,1.4140399999999993e-05,-0.07956524407585197,-0.11131637600376133
14.141199999999998,1.4141199999999998e-05,-0.09489074730802327,-0.11240535588460202
14.141999999999996,1.4141999999999996e-05,-0.07682315004101214,-0.11347929218696508
14.142800000000001,1.4142800000000001e-05,-0.13016972282012407,-0.11453576901507816
14.143599999999992,1.4143599999999991e-05,-0.1260719017307237,-0.11557239480843286
14.144399999999997,1.4144399999999996e-05,-0.12899197308879118,-0.1165868299986257
14.145200000000003,1.4145200000000001e-05,-0.10528585246032168,-0.11757681452041019
14.146,1.4146e-05,-0.09213408965315151,-0.11854019467655455
14.146799999999999,1.4146799999999998e-05,-0.11334588400167067,-0.11947494895172482
14.147599999999997,1.4147599999999996e-05,-0.11115682361381007,-0.12037921244959493
14.148400000000002,1.4148400000000002e-05,-0.13744919029958585,-0.12125129964648623
14.1492,1.41492e-05,-0.09519204067725295,-0.12208972513264249
14.149999999999999,1.4149999999999998e-05,-0.12951928418717396,-0.12289322199692558
14.150799999999997,1.4150799999999997e-05,-0.13507647886844798,-0.12366075752662849
14.151600000000002,1.4151600000000002e-05,-0.09434679207246122,-0.12439154593141255
14.1524,1.41524e-05,-0.12088617017029907,-0.12508505784449947
14.153199999999998,1.4153199999999997e-05,-0.13509804038274953,-0.12574102639736426
14.153999999999996,1.4153999999999995e-05,-0.10972733360482761,-0.12635944969573595
14.154800000000002,1.41548e-05,-0.16032349028041004,-0.12694058954332532
14.1556,1.4155599999999999e-05,-0.15328044311573846,-0.12748496628867406
14.156399999999998,1.4156399999999997e-05,-0.08162077434340809,-0.12799334974196877
14.157199999999996,1.4157199999999996e-05,-0.18362618368799144,-0.12846674623501206
14.158000000000001,1.4158e-05,-0.09565599140695102,-0.12890638205671995
14.158799999999992,1.4158799999999992e-05,-0.15350721718771893,-0.1293136836489943
14.159599999999998,1.4159599999999997e-05,-0.0931302688582547,-0.12969025507494614
14.160399999999996,1.4160399999999996e-05,-0.06438518623547684,-0.1300378533743128
14.161200000000001,1.4161200000000001e-05,-0.13135919931141404,-0.13035836247843957
14.161999999999992,1.416199999999999e-05,-0.16470652843335337,-0.13065376632627465
14.162799999999997,1.4162799999999996e-05,-0.1358986532731835,-0.13092612170436815
14.163600000000002,1.4163600000000001e-05,-0.09583340089878611,-0.13117753121306486
14.1644,1.41644e-05,-0.09569079236696448,-0.13141011673157593
14.165199999999999,1.4165199999999998e-05,-0.13164649689200453,-0.13162599380349316
14.165999999999997,1.4165999999999996e-05,-0.08553910542382603,-0.13182724738860196
14.166800000000002,1.4166800000000001e-05,-0.1451029577599719,-0.13201590936173901
14.1676,1.41676e-05,-0.10456524407585194,-0.13219393801239354
14.168399999999998,1.4168399999999998e-05,-0.12258215258849764,-0.13236319966823648
14.169199999999996,1.4169199999999996e-05,-0.09593213005897705,-0.13252545246159717
14.170000000000002,1.4170000000000002e-05,-0.13720709626474603,-0.1326823321751773
14.1708,1.41708e-05,-0.15822540481564334,-0.13283534002297842
14.171599999999998,1.4171599999999997e-05,-0.12497075181388739,-0.13298583214526233
14.172399999999996,1.4172399999999995e-05,-0.13071292171275883,-0.13313501055862503
14.173200000000001,1.41732e-05,-0.12711876969029223,-0.13328391533605785
14.174,1.4173999999999998e-05,-0.13150596887743038,-0.13343341787788648
14.174799999999998,1.4174799999999997e-05,-0.12654360669751885,-0.1335842152214366
14.175599999999996,1.4175599999999995e-05,-0.11230809445351914,-0.13373682539629883
14.176400000000001,1.41764e-05,-0.11429742749241562,-0.13389158386476394
14.1772,1.4177199999999999e-05,-0.11655949449187081,-0.13404864109410894
14.177999999999997,1.4177999999999997e-05,-0.1992299060893361,-0.13420796128158408
14.178799999999995,1.4178799999999995e-05,-0.11143012540586117,-0.1343693222094861
14.1796,1.41796e-05,-0.1103060898004033,-0.13453231619956615
14.180399999999999,1.4180399999999999e-05,-0.12979825969927467,-0.13469635220275655
14.181199999999997,1.4181199999999996e-05,-0.13323448322706055,-0.13486065916554438
14.181999999999995,1.4181999999999994e-05,-0.13037625955202292,-0.13502429088225687
14.1828,1.4182799999999999e-05,-0.10392880123154113,-0.13518613255109202
14.183599999999998,1.4183599999999997e-05,-0.11961952603311965,-0.13534490923670353
14.184399999999997,1.4184399999999996e-05,-0.14897457260878433,-0.13549919642291827
14.185200000000002,1.4185200000000001e-05,-0.07910337386340138,-0.13564743280172484
14.186,1.4186e-05,-0.13387659979142086,-0.13578793538420417
14.186799999999998,1.4186799999999998e-05,-0.10022608529453914,-0.13591891694475053
14.187599999999996,1.4187599999999996e-05,-0.14461876969029225,-0.13603850571782308
14.188400000000001,1.4188400000000001e-05,-0.13916597788925866,-0.13614476715227283
14.1892,1.41892e-05,-0.11912625955202288,-0.1362357274180979
14.189999999999998,1.4189999999999996e-05,-0.11871451026244517,-0.1363093982938835
14.190799999999996,1.4190799999999995e-05,-0.10372358867396236,-0.13636380304655243
14.191600000000001,1.41916e-05,-0.10983589751936301,-0.13639700290841905
14.1924,1.4192399999999998e-05,-0.13479277449065985,-0.1364071237096656
14.193199999999997,1.4193199999999997e-05,-0.16614850154522037,-0.13639238212340166
14.193999999999996,1.4193999999999995e-05,-0.15280400928325588,-0.13635111086602128
14.1948,1.41948e-05,-0.1335524207335696,-0.13628178214042255
14.195599999999999,1.4195599999999998e-05,-0.1293467920724612,-0.1361830286636362
14.196399999999997,1.4196399999999997e-05,-0.12446575857273368,-0.13605366176283915
14.197199999999995,1.4197199999999995e-05,-0.1576725596800989,-0.13589268618033545
14.198,1.4198e-05,-0.11746659077959265,-0.13569931134183108
14.198799999999999,1.4198799999999999e-05,-0.1632713647043213,-0.13547295891598277
14.199599999999997,1.4199599999999995e-05,-0.12563159303257465,-0.13521326656336857
14.200399999999995,1.4200399999999994e-05,-0.1357394006042827,-0.1349200878639938
14.2012,1.4201199999999999e-05,-0.11388359768569062,-0.13459348852141464
14.202000000000005,1.4202000000000004e-05,-0.14481490383645407,-0.13423373904782235
14.202799999999996,1.4202799999999996e-05,-0.12230317707639682,-0.13384130421443557
14.203600000000002,1.42036e-05,-0.14733173648506814,-0.13341682959937426
14.2044,1.4204399999999999e-05,-0.10699166963286483,-0.132961125599634
14.205199999999998,1.4205199999999997e-05,-0.12138983923713276,-0.13247514931522988
14.205999999999996,1.4205999999999996e-05,-0.11552870283808891,-0.13195998475731996
14.206800000000001,1.4206800000000001e-05,-0.1424457856081185,-0.1314168218537456
14.2076,1.42076e-05,-0.11905476562608336,-0.13084693471349396
14.208399999999997,1.4208399999999998e-05,-0.09882799155420285,-0.13025165958576246
14.209199999999996,1.4209199999999994e-05,-0.12772892215451398,-0.1296323729343083
14.21,1.421e-05,-0.0817932664581209,-0.12899047003656564
14.210799999999999,1.4210799999999998e-05,-0.13507647886844798,-0.12832734447855348
14.211599999999997,1.4211599999999996e-05,-0.12168054150929064,-0.1276443688359238
14.212399999999995,1.4212399999999995e-05,-0.0995646762444593,-0.12694287672762583
14.2132,1.42132e-05,-0.13364150365085076,-0.126224146336238
14.213999999999999,1.4213999999999998e-05,-0.14384255517423483,-0.12548938542923463
14.214799999999997,1.4214799999999996e-05,-0.11928910542382604,-0.1247397178903991
14.215599999999995,1.4215599999999995e-05,-0.08071159753843882,-0.12397617178313453
14.2164,1.42164e-05,-0.10100173197910411,-0.12319966901519486
14.217199999999998,1.4217199999999998e-05,-0.09808506531250405,-0.12241101671606948
14.217999999999996,1.4217999999999995e-05,-0.10537153068623539,-0.12161090041172731
14.218799999999995,1.4218799999999993e-05,-0.1325598347312686,-0.12079987897140122
14.2196,1.4219599999999999e-05,-0.1417807833552363,-0.11997838115906903
14.220400000000005,1.4220400000000004e-05,-0.13974265356768695,-0.11914670352235622
14.221199999999996,1.4221199999999995e-05,-0.11896984374309683,-0.11830500934763961
14.222000000000001,1.4222e-05,-0.11447067594995586,-0.11745332851426414
14.2228,1.4222799999999999e-05,-0.08070819284707131,-0.1165915582537068
14.223600000000005,1.4223600000000004e-05,-0.07106433600496143,-0.11571946498615976
14.224399999999996,1.4224399999999995e-05,-0.09159372762049167,-0.11483668749311018
14.225200000000001,1.42252e-05,-0.08701644732719915,-0.11394274164859874
14.225999999999999,1.4225999999999999e-05,-0.14044586147214994,-0.11303702678477867
14.226799999999997,1.4226799999999997e-05,-0.10789309220063703,-0.11211883357408202
14.227599999999995,1.4227599999999994e-05,-0.14407897548902499,-0.11118735316009297
14.2284,1.42284e-05,-0.09154228252319868,-0.11024168722640414
14.229199999999999,1.4229199999999998e-05,-0.08915973633781638,-0.10928085876171735
14.229999999999997,1.4229999999999996e-05,-0.08256267159124342,-0.10830382340558878
14.230799999999995,1.4230799999999994e-05,-0.11782897548902499,-0.10730948136282238
14.2316,1.42316e-05,-0.10219612584761628,-0.10629668990434282
14.232399999999998,1.4232399999999998e-05,-0.08753486852549963,-0.10526427644245058
14.233199999999997,1.4233199999999996e-05,-0.11914857740915197,-0.10421105213437051
14.233999999999995,1.4233999999999995e-05,-0.12124931122255866,-0.10313582596706455
14.2348,1.42348e-05,-0.05141631812865666,-0.1020374193092492
14.235599999999998,1.4235599999999998e-05,-0.050773633732903556,-0.10091468097092247
14.236399999999996,1.4236399999999995e-05,-0.11917165160920828,-0.0997665028546291
14.237199999999994,1.4237199999999993e-05,-0.08291805840640609,-0.09859183626124224
14.238,1.4237999999999998e-05,-0.0924813429110593,-0.09738970881059089
14.238799999999998,1.4238799999999997e-05,-0.1069748369842507,-0.09615924181724853
14.239599999999996,1.4239599999999995e-05,-0.04730393341922434,-0.09489966789615104
14.240400000000001,1.42404e-05,-0.11736370058510687,-0.0936103485660273
14.2412,1.4241199999999998e-05,-0.08255018848835893,-0.0922907916293003
14.242000000000004,1.4242000000000004e-05,-0.05912436754631023,-0.09094066810717256
14.242799999999995,1.4242799999999995e-05,-0.09613450575658111,-0.08955982850132435
14.2436,1.42436e-05,-0.0657484790156998,-0.08814831814651289
14.244399999999999,1.4244399999999999e-05,-0.07758498944847236,-0.08670639140277915
14.245200000000004,1.4245200000000004e-05,-0.11698599591281522,-0.08523452440585756
14.245999999999995,1.4245999999999994e-05,-0.0610051366705715,-0.08373342606628804
14.2468,1.42468e-05,-0.08685038527536337,-0.08220404700965069
14.247599999999998,1.4247599999999997e-05,-0.0860539334192243,-0.08064758619622768
14.248399999999997,1.4248399999999996e-05,-0.08750630911682838,-0.07906549503489134
14.249199999999995,1.4249199999999994e-05,-0.032433302505233796,-0.07745947888942356
14.25,1.4249999999999999e-05,-0.07181142328095513,-0.07583149595244056
14.250799999999998,1.4250799999999997e-05,-0.06964108754742127,-0.07418375351642155
14.251599999999996,1.4251599999999996e-05,-0.054650165958938346,-0.07251870167881437
14.252399999999994,1.4252399999999994e-05,-0.07366987454808727,-0.07083902448054279
14.2532,1.42532e-05,-0.09114774520229296,-0.06914762843115423
14.253999999999998,1.4253999999999998e-05,-0.026126940030818835,-0.0674476283547142
14.254799999999996,1.4254799999999996e-05,-0.10322275646710333,-0.06574233051044706
14.255599999999994,1.4255599999999993e-05,-0.08164101168348958,-0.06403521299512738
14.2564,1.4256399999999998e-05,-0.04942547240410533,-0.06232990351128918
14.257199999999997,1.4257199999999996e-05,0.014744598953962185,-0.06063015468742697
14.257999999999996,1.4257999999999995e-05,-0.05773440736312885,-0.058939817248400216
14.2588,1.42588e-05,-0.04370410767670807,-0.05726281139101328
14.259599999999999,1.4259599999999998e-05,-0.04522892215451402,-0.055603096660883845
14.260400000000004,1.4260400000000003e-05,-0.06029568721466616,-0.053964640483541194
14.261199999999995,1.4261199999999995e-05,-0.11113866679087586,-0.052351385372371446
14.262,1.4262e-05,-0.05880983473126855,-0.05076721479239912
14.262799999999999,1.4262799999999998e-05,-0.056649333752079256,-0.049215917731701427
14.263600000000004,1.4263600000000004e-05,-0.04423766032653309,-0.047701152219858434
14.264399999999995,1.4264399999999993e-05,-0.02512111458280597,-0.046226408284930146
14.2652,1.42652e-05,-0.02027828673465948,-0.044794971068775134
14.265999999999998,1.4265999999999997e-05,-0.008983083188808694,-0.043409884956662544
14.266800000000003,1.4266800000000002e-05,0.007292639359787634,-0.0420739196005692
14.267599999999995,1.4267599999999994e-05,-0.011563844037600246,-0.04078953863291852
14.2684,1.4268399999999999e-05,-0.019101293346253878,-0.03955887169374228
14.269199999999998,1.4269199999999997e-05,-0.011885186235476852,-0.038383690156564225
14.270000000000003,1.4270000000000002e-05,-0.08040141426922687,-0.03726538668314552
14.270799999999994,1.4270799999999994e-05,-0.037809494491870876,-0.03620495852316526
14.2716,1.4271599999999999e-05,-0.03520452378013761,-0.03520299435624005
14.272399999999998,1.4272399999999997e-05,-0.028319405110146745,-0.034259664477093166
14.273199999999996,1.4273199999999996e-05,-0.030249727325988074,-0.03337471422335845
14.273999999999994,1.4273999999999992e-05,-0.03347317257053273,-0.032547460670149096
14.274799999999999,1.4274799999999998e-05,0.005392957069764948,-0.03177679271034002
14.275599999999997,1.4275599999999996e-05,-0.013133105718329485,-0.03106117469138394
14.276399999999995,1.4276399999999994e-05,-0.015283204111781634,-0.03039865378857785
14.2772,1.42772e-05,-0.017015879495706487,-0.029786871252569538
14.277999999999999,1.4277999999999998e-05,-0.042565508451318235,-0.029223077580885284
14.278800000000004,1.4278800000000003e-05,-0.024446277575579378,-0.028704151566045614
14.279599999999995,1.4279599999999995e-05,-0.009092971277664286,-0.028226623111605027
14.2804,1.42804e-05,-0.01611086372513193,-0.027786699699964557
14.281199999999998,1.4281199999999998e-05,0.0008187021478819334,-0.02738029641849093
14.282000000000004,1.4282000000000003e-05,-0.016481002671661416,-0.02700306945804636
14.282799999999995,1.4282799999999995e-05,0.012855319249676533,-0.02665045295998132
14.2836,1.42836e-05,-0.009648841784618223,-0.026317699003046018
14.284399999999998,1.4284399999999997e-05,-0.018578899624993372,-0.02599992040317062
14.285200000000003,1.4285200000000003e-05,-0.03534656448046647,-0.025692135861569092
14.285999999999994,1.4285999999999993e-05,-0.030502980289392467,-0.02538931686755164
14.2868,1.4286799999999998e-05,-0.03997983022540452,-0.025086435683610728
14.287599999999998,1.4287599999999997e-05,-0.007830488174779604,-0.024778513742115517
14.288400000000003,1.4288400000000002e-05,0.052580504771870706,-0.0244606698550161
14.289199999999994,1.4289199999999994e-05,-0.03268504278298334,-0.024128167722302467
14.29,1.4289999999999999e-05,-0.04540273844344678,-0.023776462242984037
14.290799999999997,1.4290799999999997e-05,-0.021027454527800415,-0.023401244054217764
14.291600000000003,1.4291600000000002e-05,-0.04692131136981048,-0.02299848161846187
14.292399999999994,1.4292399999999992e-05,-0.0073143360049614525,-0.022564460150533417
14.293199999999999,1.4293199999999999e-05,-0.034908904130957485,-0.02209581675832025
14.293999999999997,1.4293999999999996e-05,0.04539995496406446,-0.021589571308398208
14.294799999999995,1.4294799999999994e-05,-0.03902204518321717,-0.02104315264774558
14.2956,1.4295599999999999e-05,-0.039102049689081264,-0.020454419867341773
14.296399999999998,1.4296399999999997e-05,0.002175753376662648,-0.019821678280252216
14.297200000000004,1.4297200000000003e-05,-0.059642600233176024,-0.019143689758321696
14.297999999999995,1.4297999999999994e-05,-0.030793114730057636,-0.018419677094454943
14.2988,1.42988e-05,-0.047330980142140655,-0.017649322157123358
14.299599999999998,1.4299599999999998e-05,0.020493766747103237,-0.016832757769628694
14.300400000000003,1.4300400000000003e-05,-0.0025681567998582233,-0.015970553454796706
14.301199999999994,1.4301199999999994e-05,-0.008587221693583058,-0.0150636953852698
14.302,1.4302e-05,-0.014795611350634563,-0.01411356100466979
14.302799999999998,1.4302799999999996e-05,-0.030701194952701738,-0.013121888817204181
14.303600000000003,1.4303600000000003e-05,-0.010690036024137206,-0.012090743835402916
14.304399999999994,1.4304399999999993e-05,-0.007709441157359831,-0.011022479196881152
14.3052,1.4305199999999998e-05,-0.03555934276380757,-0.009919694537414916
14.305999999999997,1.4305999999999997e-05,0.02460482728221547,-0.008785191819810918
14.306800000000003,1.4306800000000002e-05,-0.008406407510380465,-0.007621929435856753
14.307599999999994,1.4307599999999993e-05,0.03997345354309012,-0.0064329754982005325
14.308399999999999,1.4308399999999998e-05,0.005039650771849646,-0.005221461293942074
14.309199999999997,1.4309199999999997e-05,0.05565585627607883,-0.003990535855201536
14.310000000000002,1.4310000000000002e-05,-0.00833132038163864,-0.00274332250525327
14.310799999999993,1.4310799999999993e-05,0.01402890794661471,-0.0014828780782115026
14.311599999999999,1.4311599999999999e-05,-0.006005893013398933,-0.00021215532315223577
14.312399999999997,1.4312399999999995e-05,0.003261583330639528,0.0010660311580224196
14.313200000000002,1.43132e-05,0.00952765963632618,0.0023490351827961846
14.314,1.4313999999999999e-05,0.018958549683660175,0.003634405233401426
14.314799999999998,1.4314799999999997e-05,0.0006155701074505027,0.0049199064145082905
14.315600000000003,1.4315600000000002e-05,0.06473287219397506,0.006203537834838277
14.316399999999994,1.4316399999999994e-05,0.021272250291742956,0.007483545122228158
14.3172,1.4317199999999999e-05,0.0495289838106463,0.00875842782725457
14.317999999999998,1.4317999999999997e-05,0.02872345354309014,0.010026941581571929
14.318800000000003,1.4318800000000003e-05,-0.005813919901531905,0.011288095049315555
14.319599999999994,1.4319599999999994e-05,0.022324603459926373,0.012541141902563594
14.3204,1.43204e-05,-0.010509978183762092,0.01378556820404168
14.321199999999997,1.4321199999999998e-05,0.061579596701050066,0.015021075646680766
14.322000000000003,1.4322000000000003e-05,0.032148706653776116,0.016247561082653256
14.322799999999994,1.4322799999999993e-05,0.04559400859307905,0.017465092729655834
14.323599999999999,1.4323599999999998e-05,-0.0027733693574372165,0.018673883439660102
14.324399999999997,1.4324399999999996e-05,0.04519814709789316,0.019874261479557627
14.325200000000002,1.4325200000000001e-05,0.034282160910088844,0.02106663936368666
14.325999999999993,1.4325999999999993e-05,0.04006329280329868,0.022251481342560227
14.326799999999999,1.4326799999999998e-05,-0.006182546162406433,0.023429270184107058
14.327599999999997,1.4327599999999996e-05,0.050440241132733044,0.024600473907367127
14.328400000000002,1.4328400000000002e-05,0.04869981151161107,0.025765513144911063
14.329199999999993,1.4329199999999993e-05,0.03504513598036463,0.026924729804383346
14.329999999999998,1.4329999999999998e-05,-0.010176720714393683,0.028078357684930683
14.330799999999996,1.4330799999999995e-05,0.0822674846426138,0.029226495706050928
14.331600000000002,1.4331600000000002e-05,-0.016705696226494426,0.0303690844114694
14.3324,1.4332399999999999e-05,-0.026675056300675792,0.031505886382088524
14.333199999999998,1.4333199999999997e-05,0.11016958768925178,0.032636471109814186
14.334000000000003,1.4334000000000002e-05,0.02496097044020551,0.03376020474433783
14.334800000000001,1.43348e-05,-0.011379436651395625,0.03487624495213893
14.3356,1.4335599999999999e-05,0.04413387865831786,0.03598354098137688
14.336399999999998,1.4336399999999997e-05,0.04411439766112368,0.037080838930244525
14.337200000000003,1.4337200000000002e-05,0.0274602140973782,0.03816669211781301
14.338000000000001,1.4338e-05,0.019648706653746073,0.0392394763208086
14.338799999999999,1.4338799999999999e-05,0.07498177561167974,0.04029740949649409
14.339599999999997,1.4339599999999997e-05,0.03662763710690553,0.04133857548845352
14.340400000000002,1.4340400000000002e-05,0.04615536430864786,0.04236095110987399
14.341199999999994,1.4341199999999992e-05,0.08480928349699701,0.04336243592722598
14.341999999999999,1.4341999999999998e-05,0.0381225680017202,0.044340884039099235
14.342799999999997,1.4342799999999996e-05,0.0454145185840964,0.04529413715694777
14.343600000000002,1.4343600000000001e-05,0.07700118074487239,0.04622005833261719
14.344399999999993,1.4344399999999993e-05,0.020111901040516633,0.04711656572108887
14.345199999999998,1.4345199999999998e-05,0.07829222325638807,0.04798166579418466
14.345999999999997,1.4345999999999996e-05,0.05517734192641899,0.04881348542569533
14.346800000000002,1.4346800000000001e-05,0.06544572634130785,0.0496103022608232
14.347599999999993,1.4347599999999993e-05,0.0763486615948048,0.050370572780679475
14.348399999999998,1.4348399999999998e-05,0.07749917609171653,0.05109295749525163
14.349199999999996,1.4349199999999995e-05,0.10978696563980794,0.05177634275986059
14.350000000000001,1.4350000000000002e-05,0.050331677218197646,0.05241985882013191
14.3508,1.4350799999999998e-05,0.05413179814117042,0.05302289385389347
14.351599999999998,1.4351599999999997e-05,0.0739564691664828,0.05358510397457212
14.352400000000003,1.4352400000000002e-05,0.07118033051441686,0.05410641933591112
14.353200000000001,1.43532e-05,0.037947239027032675,0.05458704658951767
14.354,1.4353999999999998e-05,0.004901959617250484,0.05502746799917948
14.354799999999997,1.4354799999999997e-05,0.0864091851035147,0.05542843752198818
14.355600000000003,1.4355600000000002e-05,0.053920344032109324,0.05579097410699821
14.3564,1.43564e-05,0.05645722550934018,0.056116352330544836
14.357199999999999,1.4357199999999999e-05,0.07426400408718481,0.056406090336354735
14.357999999999997,1.4357999999999997e-05,0.11601199943403895,0.056661934945131935
14.358800000000002,1.4358800000000002e-05,0.09848835740254991,0.05688584376916839
14.3596,1.43596e-05,0.051075359802753684,0.05707996422324083
14.360399999999998,1.4360399999999997e-05,0.04832494369932416,0.05724660947305863
14.361199999999997,1.4361199999999996e-05,0.04840910923951325,0.05738823156608349
14.362000000000002,1.4362e-05,0.10704638429068303,0.05750739215001878
14.362799999999993,1.4362799999999992e-05,0.07142166820639939,0.05760673124014635
14.363599999999998,1.4363599999999997e-05,0.05150659008945557,0.05768893448830376
14.364399999999996,1.4364399999999996e-05,0.1224505678544684,0.05775669941976609
14.365200000000002,1.4365200000000001e-05,0.026516424843760156,0.05781270117506689
14.365999999999993,1.4365999999999993e-05,0.04071505561049882,0.05785955839497958
14.366799999999998,1.4366799999999998e-05,0.05954846480783038,0.057899799974244756
14.367599999999996,1.4367599999999996e-05,0.0437172119916478,0.05793583343829585
14.368400000000001,1.4368400000000001e-05,0.0744260936161305,0.05796991563767389
14.369199999999992,1.4369199999999991e-05,0.05386889893485636,0.05800412632797159
14.369999999999997,1.4369999999999996e-05,0.021530988463762113,0.058040345066026025
14.370800000000003,1.4370800000000001e-05,0.05783243356105494,0.058080231736796606
14.3716,1.43716e-05,0.09927648719006921,0.05812521091163784
14.372399999999999,1.4372399999999998e-05,0.06693990089329505,0.058176460105784554
14.373199999999997,1.4373199999999996e-05,0.05764178462347791,0.05823490187949793
14.374000000000002,1.4374000000000002e-05,0.03390029520350246,0.05830119966801864
14.3748,1.43748e-05,0.059669511825250376,0.05837575722863716
14.375599999999999,1.4375599999999998e-05,0.08959858573080315,0.058458721590080996
14.376399999999997,1.4376399999999997e-05,0.05662498875829547,0.05854998933114244
14.377200000000002,1.4377200000000002e-05,0.05771970861222475,0.05864921593012539
14.378,1.4378e-05,0.06226351211975378,0.058755827869705596
14.378799999999998,1.4378799999999997e-05,0.05104680039411258,0.05886903716120866
14.379599999999996,1.4379599999999995e-05,0.10336314935083513,0.05898785793267345
14.380400000000002,1.43804e-05,0.07411099296969614,0.05911112468887117
14.3812,1.4381199999999999e-05,0.0764036998949299,0.059237511826895184
14.381999999999998,1.4381999999999997e-05,0.043487033228269856,0.05936555401719141
14.382799999999996,1.4382799999999996e-05,0.08317193258183564,0.05949366713602947
14.383600000000001,1.43836e-05,0.09813353841887984,0.059620169516089595
14.384399999999992,1.4384399999999992e-05,0.07918683644129554,0.05974330333387962
14.385199999999998,1.4385199999999997e-05,0.06593067075385484,0.05986125599945069
14.385999999999996,1.4385999999999996e-05,0.044581185250766486,0.059972181497255854
14.386800000000001,1.4386800000000001e-05,0.07031162838958072,0.060074221737964416
14.387599999999992,1.438759999999999e-05,0.043788894428952285,0.06016552806053775
14.388399999999997,1.4388399999999996e-05,0.06355720297984957,0.06024428302819505
14.389200000000002,1.4389200000000001e-05,0.06757293904617834,0.060308722598895005
14.39,1.439e-05,0.0606976551304621,0.060357158656303346
14.390799999999999,1.4390799999999998e-05,0.05450193708772988,0.06038800179245073
14.391599999999997,1.4391599999999996e-05,0.03541943596125874,0.060399784152948055
14.392400000000002,1.4392400000000001e-05,0.06385717217482922,0.06039118208040502
14.3932,1.43932e-05,0.037873476072580736,0.06036103819469127
14.393999999999998,1.4393999999999998e-05,0.08542284065268613,0.06030838241354558
14.394799999999996,1.4394799999999996e-05,0.09430504659871053,0.060232451260658834
14.395600000000002,1.4395600000000002e-05,0.11593275127100222,0.060132704677828074
14.3964,1.43964e-05,0.09267110037497661,0.0600088395131319
14.397199999999998,1.4397199999999997e-05,0.06556412501015774,0.0598607989423403
14.397999999999996,1.4397999999999995e-05,0.03197753871335329,0.05968877728376826
14.398800000000001,1.43988e-05,0.12580338218498954,0.05949321990626759
14.3996,1.4399599999999998e-05,0.055043811806114507,0.05927481811069504
14.400399999999998,1.4400399999999997e-05,0.12311273324740568,0.05903449896304446
14.401199999999996,1.4401199999999995e-05,0.08861224127998468,0.05877341013593961
14.402000000000001,1.4402e-05,0.02358859924846568,0.05849289994724493
14.4028,1.4402799999999999e-05,0.11279687625811419,0.05819449297669478
14.403599999999997,1.4403599999999997e-05,0.09500617398602618,0.057879861838510537
14.404399999999995,1.4404399999999995e-05,0.04877016977462545,0.05755079584169848
14.4052,1.44052e-05,0.02682660811304216,0.057209167389821215
14.405999999999992,1.440599999999999e-05,0.04099403112256961,0.056856897081417584
14.406799999999997,1.4406799999999996e-05,0.07603772198266545,0.056495918533413764
14.407599999999995,1.4407599999999994e-05,0.040982872193975006,0.0561281439045068
14.4084,1.4408399999999999e-05,0.03917359699555356,0.0557554309586852
14.409199999999998,1.4409199999999997e-05,0.10808417383877433,0.05537955235416257
14.409999999999997,1.4409999999999996e-05,0.04045839795562711,0.055002167718086546
14.410800000000002,1.4410800000000001e-05,0.06811973114171532,0.05462479898336701
14.4116,1.44116e-05,0.02278723001520433,0.0542488094257296
14.412399999999998,1.4412399999999998e-05,0.011915691030423337,0.05387538682872515
14.413199999999996,1.4413199999999996e-05,0.057559131769003846,0.05350553116205728
14.414000000000001,1.4414000000000001e-05,0.01620340471444326,0.05314004702530578
14.4148,1.44148e-05,0.09793816061558547,0.05277954088281443
14.415599999999998,1.4415599999999996e-05,0.038185928370434996,0.05242442285475271
14.416399999999996,1.4416399999999995e-05,0.04747080519452007,0.05207491260926138
14.417200000000001,1.44172e-05,0.08541168172409175,0.051731048761545946
14.418,1.4417999999999998e-05,0.04433852338450406,0.0513927011161016
14.418799999999997,1.4418799999999997e-05,0.07812805321030514,0.051059585055796795
14.419599999999996,1.4419599999999995e-05,0.10204714063355036,0.05073127737484164
14.4204,1.44204e-05,0.0331225680017202,0.05040723288331995
14.421199999999999,1.4421199999999998e-05,0.07263005786345089,0.05008680118947601
14.421999999999997,1.4421999999999997e-05,0.08073169974767824,0.04976924318132284
14.422799999999995,1.4422799999999995e-05,0.07786023662682884,0.049453746849512696
14.4236,1.44236e-05,0.032202232268186415,0.04913944219983851
14.424399999999999,1.4424399999999999e-05,0.05625484981173612,0.04882541510730045
14.425199999999997,1.4425199999999995e-05,0.05438505110460479,0.04851072006385741
14.425999999999995,1.4425999999999994e-05,0.05341402661667538,0.048194391834850886
14.4268,1.4426799999999999e-05,0.049929762682994316,0.04787545604444792
14.427600000000005,1.4427600000000004e-05,0.06953938639638335,0.04755293868139288
14.428399999999996,1.4428399999999996e-05,0.047747700189433306,0.04722587448680468
14.429200000000002,1.44292e-05,0.04411099296969612,0.04689331417099273
14.43,1.4429999999999999e-05,0.07689261683033699,0.0465543304055394
14.430799999999998,1.4430799999999997e-05,0.06547579843567386,0.04620802254268631
14.431599999999996,1.4431599999999996e-05,0.029566621630734424,0.04585352002505849
14.432400000000001,1.4432400000000001e-05,0.08840835289665583,0.04548998447562489
14.4332,1.44332e-05,0.04993184320014177,0.0451166105039273
14.433999999999997,1.4433999999999998e-05,0.04454089908210801,0.044732625317998154
14.434799999999996,1.4434799999999994e-05,0.03172163740137901,0.04433728728345169
14.4356,1.44356e-05,0.07822886288767339,0.04392988361480218
14.436399999999999,1.4436399999999998e-05,0.051471221297949565,0.043509727401671236
14.437199999999997,1.4437199999999996e-05,0.03398918960937891,0.04307615416228829
14.437999999999995,1.4437999999999995e-05,0.04033735093820712,0.042628518105572076
14.4388,1.44388e-05,0.06630421439185152,0.0421661882843515
14.439599999999999,1.4439599999999998e-05,0.055843100522228406,0.041688544815636185
14.440399999999997,1.4440399999999996e-05,0.03962298410514964,0.04119497532062822
14.441199999999995,1.4441199999999995e-05,0.07638270621202092,0.04068487172360993
14.442,1.4442e-05,0.02605096142837726,0.040157627566914364
14.442799999999998,1.4442799999999998e-05,0.0816826754070007,0.039612636040956904
14.443599999999996,1.4443599999999995e-05,-0.011224345016789594,0.03904928897624566
14.444399999999995,1.4444399999999993e-05,0.004070706800997859,0.03846697708173116
14.4452,1.4445199999999999e-05,0.06856212035701181,0.03786509170789695
14.445999999999998,1.4445999999999997e-05,0.03460974465940769,0.037243028323979334
14.446799999999996,1.4446799999999995e-05,0.06332494369932418,0.03660019173550706
14.447600000000001,1.44476e-05,0.045924429202412576,0.035936002908240845
14.4484,1.4448399999999999e-05,0.032912438066919125,0.03524990718291
14.449200000000005,1.4449200000000004e-05,0.032849834041061676,0.03454138366508179
14.449999999999996,1.4449999999999995e-05,0.0323713196914317,0.03380995560371923
14.450800000000001,1.44508e-05,0.05306828604445246,0.0330552015796709
14.4516,1.4451599999999999e-05,0.039073355149637945,0.032276767296151976
14.452399999999997,1.4452399999999997e-05,0.026784241427236344,0.03147437771856742
14.453199999999995,1.4453199999999994e-05,0.038985784917981436,0.030647849280022607
14.454,1.4454e-05,0.08255345804898429,0.029797101857222476
14.454799999999999,1.4454799999999998e-05,0.001094840799907848,0.028922170220364023
14.455599999999997,1.4455599999999996e-05,0.0443668942817006,0.02802321467612024
14.456399999999995,1.4456399999999994e-05,0.03720015175103897,0.027100530663090816
14.4572,1.44572e-05,0.05956662163073445,0.026154557104503227
14.457999999999998,1.4457999999999998e-05,0.03253473339465751,0.025185883352064946
14.458799999999997,1.4458799999999996e-05,0.006640308721224786,0.024195254583566847
14.459599999999995,1.4459599999999995e-05,0.043725722571672176,0.023183575566966468
14.4604,1.44604e-05,0.04231363304272662,0.02215191275638918
14.461199999999998,1.4461199999999998e-05,0.010239189609378863,0.02110149470858813
14.461999999999996,1.4461999999999996e-05,0.019076948352440115,0.020033710806105345
14.462799999999994,1.4462799999999993e-05,0.026789726635781164,0.018950108268091483
14.4636,1.4463599999999998e-05,0.01598287219400507,0.017852387417850675
14.464399999999998,1.4464399999999997e-05,0.0013028902175615809,0.016742395140020287
14.465199999999996,1.4465199999999995e-05,0.048787570254672064,0.015622116400957401
14.466000000000001,1.4466e-05,0.0496606219252379,0.014493663639253786
14.4668,1.4466799999999998e-05,-0.004833060659288124,0.013359263782159417
14.467600000000004,1.4467600000000004e-05,0.049552058010702504,0.012221242638464412
14.468399999999995,1.4468399999999995e-05,0.05859484079993782,0.01108200647102776
14.4692,1.44692e-05,0.036090111934220404,0.009944020644306183
14.469999999999999,1.4469999999999999e-05,0.022002693430587028,0.008809785365916721
14.470800000000004,1.4470800000000004e-05,0.018579520837048613,0.007681808710207353
14.471599999999995,1.4471599999999994e-05,0.0463265322490406,0.006562577312552054
14.4724,1.44724e-05,-0.016885186235476857,0.005454525307758284
14.473199999999999,1.4473199999999997e-05,0.027299637254157294,0.004360002224801015
14.473999999999997,1.4473999999999996e-05,-0.00582016145297426,0.003281240645223423
14.474799999999995,1.4474799999999994e-05,0.007839431455324508,0.002220324486036696
14.4756,1.4475599999999999e-05,-0.05676546339227706,0.0011791587743008487
14.476399999999998,1.4476399999999997e-05,0.022453404714473324,0.0001594417354397904
14.477199999999996,1.4477199999999996e-05,-0.009908904130957463,-0.0008373600875806204
14.477999999999994,1.4477999999999994e-05,-0.009061575009018163,-0.0018100331303414008
14.4788,1.44788e-05,-0.03045834457503449,-0.002757634151352899
14.479599999999998,1.4479599999999998e-05,7.861276615805934e-05,-0.0036795034290201725
14.480399999999996,1.4480399999999996e-05,0.048073771253037356,-0.004575273770479443
14.481199999999994,1.4481199999999993e-05,-0.02144204067725297,-0.005444875439729142
14.482,1.4481999999999998e-05,0.028117650624597923,-0.006288537222574725
14.482799999999997,1.4482799999999996e-05,-0.03017180333727154,-0.00710678387637401
14.483599999999996,1.4483599999999995e-05,0.03111432179713214,-0.007900430176055592
14.4844,1.44844e-05,0.0033514225908480855,-0.008670571718522516
14.485199999999999,1.4485199999999998e-05,-0.011703615709347082,-0.009418572614193299
14.486000000000004,1.4486000000000003e-05,-0.023908563891459456,-0.010146050164948356
14.486799999999995,1.4486799999999995e-05,-0.003233159052840384,-0.010854856596081782
14.4876,1.44876e-05,-0.004186783060732946,-0.011547057902339898
14.488399999999999,1.4488399999999998e-05,-0.027865100623358452,-0.012224909908004788
14.489200000000004,1.4489200000000004e-05,0.002154191862360877,-0.012890831714256326
14.489999999999995,1.4489999999999993e-05,0.006854411178786046,-0.013547376784277539
14.4908,1.44908e-05,-0.003984407363128772,-0.014197201981479269
14.491599999999998,1.4491599999999997e-05,-0.056780027012309,-0.01484303491806805
14.492400000000004,1.4492400000000002e-05,0.01700193708772979,-0.015487639986848399
14.493199999999995,1.4493199999999994e-05,-0.006375843448593432,-0.01613378346412376
14.494,1.4493999999999999e-05,-0.031884997724042186,-0.016784198115808002
14.494799999999998,1.4494799999999997e-05,0.007529816017505131,-0.01744154780078217
14.495600000000003,1.4495600000000002e-05,-0.02189331979263187,-0.018108392611899466
14.496399999999994,1.4496399999999994e-05,0.012960478472744508,-0.018787155119185477
14.4972,1.4497199999999999e-05,-0.005687955506989861,-0.01948008829027674
14.497999999999998,1.4497999999999997e-05,-0.028633181582261025,-0.02018924565279659
14.498799999999996,1.4498799999999996e-05,0.015838183145036044,-0.02091645422296999
14.499599999999994,1.4499599999999992e-05,0.007011015499146733,-0.021663290664932066
14.500399999999999,1.4500399999999998e-05,0.04357611614561108,-0.022431061076770765
14.501199999999997,1.4501199999999996e-05,-0.027854698037621306,-0.02322078470124625
14.501999999999995,1.4501999999999994e-05,-0.03508971831415986,-0.024033181696717514
14.5028,1.45028e-05,-0.0419720001241759,-0.024868664892453648
14.503599999999999,1.4503599999999998e-05,-0.03908313652331974,-0.025727335277170707
14.504400000000004,1.4504400000000003e-05,0.021132478620026318,-0.02660898091483945
14.505199999999995,1.4505199999999995e-05,-0.036008541362038904,-0.027513079047662987
14.506,1.4506e-05,-0.04351761977345603,-0.028438801250257106
14.506799999999998,1.4506799999999998e-05,-0.0037228323310348754,-0.029385021563522934
14.507600000000004,1.4507600000000003e-05,0.007915274926993954,-0.03035032755577679
14.508399999999995,1.4508399999999995e-05,-0.025896572756036074,-0.031333034263615986
14.5092,1.45092e-05,-0.015390255340562375,-0.032331200950722803
14.509999999999998,1.4509999999999997e-05,-0.04919586147214994,-0.03334265056137426
14.510800000000003,1.4510800000000003e-05,-0.023354206070260286,-0.03436499165233063
14.511599999999994,1.4511599999999993e-05,-0.05381115890558863,-0.03539564251841074
14.5124,1.4512399999999998e-05,-0.016244393845436522,-0.036431857221072436
14.513199999999998,1.4513199999999997e-05,0.024954161057340607,-0.03747075327645257
14.514000000000003,1.4514000000000002e-05,-0.03885919931141402,-0.03850934081329596
14.514799999999994,1.4514799999999994e-05,-0.036215266605372554,-0.03954455301113634
14.5156,1.4515599999999999e-05,-0.05466189271889543,-0.04057327754682394
14.516399999999997,1.4516399999999997e-05,-0.0415031320174557,-0.041592388659888506
14.517200000000003,1.4517200000000002e-05,-0.0166423358577098,-0.04259877937909487
14.517999999999994,1.4517999999999992e-05,-0.03843761526759182,-0.04358939346760207
14.518799999999999,1.4518799999999999e-05,-0.057302420733569615,-0.04456125669968085
14.519599999999997,1.4519599999999996e-05,-0.03650937356889794,-0.04551150712246785
14.520399999999995,1.4520399999999994e-05,-0.03988942313370336,-0.04643742397472961
14.5212,1.4521199999999999e-05,-0.011160984648104888,-0.047336454958264176
14.521999999999998,1.4521999999999998e-05,-0.05738582993090113,-0.04820624159117644
14.522800000000004,1.4522800000000003e-05,-0.0621013692101855,-0.04904464238775613
14.523599999999995,1.4523599999999994e-05,-0.048433454233297146,-0.049849753595967744
14.5244,1.45244e-05,-0.0491610605120365,-0.05061992721577529
14.525199999999998,1.4525199999999998e-05,-0.03549598239512286,-0.05135378606034386
14.526000000000003,1.4526000000000003e-05,-0.0345179600128539,-0.05205023570094938
14.526799999999994,1.4526799999999994e-05,-0.05516764230297666,-0.05270847320929828
14.5276,1.45276e-05,-0.06396284584872725,-0.05332799264388782
14.528399999999998,1.4528399999999996e-05,-0.043816076282711,-0.05390858722864153
14.529200000000003,1.4529200000000003e-05,-0.058460689467648375,-0.05445034817975456
14.529999999999994,1.4529999999999993e-05,-0.025838886107301007,-0.05495366017639499
14.5308,1.4530799999999998e-05,-0.0816164247976785,-0.05541919353159615
14.531599999999997,1.4531599999999997e-05,-0.029630684961684084,-0.05584789317241363
14.532400000000003,1.4532400000000002e-05,-0.06606490383645403,-0.05624096457305452
14.533199999999994,1.4533199999999993e-05,-0.05456448773302458,-0.056599856814751735
14.533999999999999,1.4533999999999998e-05,-0.08584645183306328,-0.0569262429860783
14.534799999999997,1.4534799999999997e-05,-0.02930158852671061,-0.057221998194941934
14.535600000000002,1.4535600000000002e-05,-0.053270040530001395,-0.05748917554570315
14.536399999999993,1.4536399999999994e-05,-0.04101761977345597,-0.057729980533776815
14.537199999999999,1.4537199999999999e-05,-0.039588886107300936,-0.05794674439072129
14.537999999999997,1.4537999999999995e-05,-0.054819064870748835,-0.05814189694147469
14.538800000000002,1.45388e-05,-0.021735579809385674,-0.058317939511562694
14.5396,1.4539599999999999e-05,-0.038077311075306985,-0.05847741836664293
14.540399999999998,1.4540399999999997e-05,-0.009129096411997883,-0.05862289908955987
14.541200000000003,1.4541200000000002e-05,-0.043932205923008616,-0.058756942189855
14.541999999999994,1.4541999999999994e-05,-0.07547706922936126,-0.058882080084477754
14.5428,1.4542799999999999e-05,-0.050474420880821214,-0.059000795403112746
14.543599999999998,1.4543599999999997e-05,-0.09487958837945887,-0.0591155004135616
14.544400000000003,1.4544400000000003e-05,-0.06556274745527502,-0.05922851729492644
14.545199999999994,1.4545199999999994e-05,-0.05812667565545249,-0.059342059032917865
14.546,1.4546e-05,-0.09204916777006522,-0.05945821084864568
14.546799999999998,1.4546799999999998e-05,-0.02329292621862289,-0.059578912253408015
14.547600000000003,1.4547600000000003e-05,-0.03491514568239973,-0.05970594000259068
14.548399999999994,1.4548399999999993e-05,-0.04283521704046711,-0.05984089236273523
14.549199999999999,1.4549199999999998e-05,-0.05086536499882477,-0.05998517517012557
14.549999999999997,1.4549999999999996e-05,-0.04173349929223824,-0.06013999013172072
14.550800000000002,1.4550800000000001e-05,-0.03993103347665172,-0.06030632573023423
14.551599999999993,1.4551599999999993e-05,-0.032263458739161144,-0.06048495099376622
14.552399999999999,1.4552399999999998e-05,-0.039252223946565135,-0.06067641229489994
14.553199999999997,1.4553199999999996e-05,-0.046770948600891815,-0.06088103323962609
14.554000000000002,1.4554000000000002e-05,-0.09050354812088512,-0.06109891758254024
14.554799999999993,1.4554799999999993e-05,-0.0516109395890636,-0.06132995498262156
14.555599999999998,1.4555599999999998e-05,-0.0593348768010693,-0.06157382933875087
14.556399999999996,1.4556399999999995e-05,-0.029797503356347343,-0.061830029445619425
14.557200000000002,1.4557200000000002e-05,-0.044635413827471604,-0.06209786176446272
14.558,1.4557999999999999e-05,-0.07618311399379918,-0.062376465144958274
14.558799999999998,1.4558799999999997e-05,-0.0830703131810373,-0.06266482732414089
14.559600000000003,1.4559600000000002e-05,-0.030357534897696214,-0.06296180299075343
14.560400000000001,1.45604e-05,-0.0874032304109078,-0.0632661331987315
14.5612,1.4561199999999999e-05,-0.02132231783415328,-0.0635764659643863
14.561999999999998,1.4561999999999997e-05,-0.054006725220257845,-0.06389137795220556
14.562800000000003,1.4562800000000002e-05,-0.02161245227481845,-0.06420939719304242
14.563600000000001,1.45636e-05,-0.02161245227481845,-0.06452902675599845
14.5644,1.4564399999999999e-05,-0.03828876518432811,-0.06484876919871976
14.565199999999997,1.4565199999999997e-05,-0.1136329930708263,-0.06516715145185263
14.566000000000003,1.4566000000000003e-05,-0.06324639849855229,-0.06548274958890529
14.566799999999994,1.4566799999999992e-05,-0.06579708725291789,-0.06579421277378124
14.567599999999999,1.4567599999999998e-05,-0.058030594843801575,-0.06610028564078387
14.568399999999997,1.4568399999999996e-05,-0.06000271591402617,-0.06639982844198729
14.569200000000002,1.4569200000000001e-05,-0.052136170170299145,-0.06669183441457317
14.569999999999993,1.4569999999999993e-05,-0.10332697083590903,-0.06697544390590411
14.570799999999998,1.4570799999999998e-05,-0.08604126180490501,-0.06724995484224672
14.571599999999997,1.4571599999999996e-05,-0.03757156149132579,-0.06751482918220603
14.572400000000002,1.4572400000000001e-05,-0.09249155698536171,-0.06776969510010812
14.573199999999993,1.4573199999999993e-05,-0.05926054601515485,-0.0680143447923623
14.573999999999998,1.4573999999999998e-05,-0.09056123476952027,-0.06824872794631981
14.574799999999996,1.4574799999999996e-05,-0.061061499144986486,-0.06847294103146609
14.575600000000001,1.4575600000000002e-05,-0.058168474509835644,-0.06868721268385773
14.5764,1.4576399999999998e-05,-0.09761127982856155,-0.06889188557259551
14.577199999999998,1.4577199999999997e-05,-0.06705616566443495,-0.06908739525298009
14.578000000000003,1.4578000000000002e-05,-0.024310666938127667,-0.06927424661683271
14.578800000000001,1.45788e-05,-0.05986010738220482,-0.06945298864834475
14.5796,1.4579599999999998e-05,-0.07003259949691742,-0.06962418826555425
14.580399999999997,1.4580399999999997e-05,-0.06151221042887267,-0.0697884040384103
14.581200000000003,1.4581200000000002e-05,-0.054637494344619064,-0.06994616052787406
14.582,1.4582e-05,-0.0570332799758132,-0.07009792393523265
14.582799999999999,1.4582799999999999e-05,-0.07039233585770976,-0.07024407971844178
14.583599999999997,1.4583599999999997e-05,-0.027084725073006077,-0.07038491281076435
14.584400000000002,1.4584400000000002e-05,-0.053025865978014064,-0.0705205910441365
14.5852,1.45852e-05,-0.036149069376613,-0.07065115232170044
14.585999999999999,1.4585999999999997e-05,-0.035862528138849936,-0.07077649598565837
14.586799999999997,1.4586799999999996e-05,-0.04571783908988114,-0.07089637867767562
14.587600000000002,1.45876e-05,-0.04507231783415322,-0.07101041479701936
14.588399999999993,1.4588399999999992e-05,-0.033796595285556674,-0.07111808144594464
14.589199999999998,1.4589199999999997e-05,-0.05267312751149145,-0.07121872753089821
14.589999999999996,1.4589999999999996e-05,-0.08271076533157984,-0.07131158647364286
14.590800000000002,1.4590800000000001e-05,-0.06889400027142756,-0.07139579179069984
14.591599999999993,1.4591599999999993e-05,-0.11634520352277478,-0.07147039465129518
14.592399999999998,1.4592399999999998e-05,-0.09169794198929748,-0.07153438246639983
14.593199999999996,1.4593199999999996e-05,-0.09446500222990628,-0.07158669762520378
14.594000000000001,1.4594000000000001e-05,-0.09290065792629931,-0.07162625567788836
14.594799999999992,1.4594799999999991e-05,-0.04854750335634728,-0.07165196252803425
14.595599999999997,1.4595599999999996e-05,-0.02597865777904762,-0.07166273048257843
14.596400000000003,1.4596400000000001e-05,-0.038455772090426055,-0.07165749323706813
14.5972,1.45972e-05,-0.05520376743731026,-0.07163521997926715
14.597999999999999,1.4597999999999998e-05,-0.049189619920707806,-0.07159492874573115
14.598799999999997,1.4598799999999996e-05,-0.09065863975549115,-0.07153569900569372
14.599600000000002,1.4599600000000002e-05,-0.073448017853329,-0.07145668326527899
14.6004,1.46004e-05,-0.08615039355093312,-0.07135711736400532
14.601199999999999,1.4601199999999998e-05,-0.08117346775098944,-0.07123632911275293
14.601999999999997,1.4601999999999997e-05,-0.07563499772404214,-0.07109374499350829
14.602800000000002,1.4602800000000002e-05,-0.056039181287757645,-0.07092889477403692
14.6036,1.46036e-05,-0.07566147661546596,-0.07074141404288886
14.604399999999998,1.4604399999999997e-05,-0.06294718564647006,-0.07053104480433857
14.605199999999996,1.4605199999999995e-05,-0.06083888610730093,-0.07029763436825136
14.606000000000002,1.4606e-05,-0.07037625955202287,-0.07004113282876334
14.6068,1.4606799999999999e-05,-0.05169642930354257,-0.06976158946268797
14.607599999999998,1.4607599999999997e-05,-0.04243878771384879,-0.06945914840226014
14.608399999999996,1.4608399999999996e-05,-0.03001671170256548,-0.06913404394176063
14.609200000000001,1.46092e-05,-0.059098456486179174,-0.06878659580514226
14.609999999999992,1.4609999999999992e-05,-0.07195876067846396,-0.06841720461368074
14.610799999999998,1.4610799999999997e-05,-0.05044170043785523,-0.06802634765973899
14.611599999999996,1.4611599999999996e-05,-0.06720501574759874,-0.06761457496272512
14.612400000000001,1.4612400000000001e-05,-0.06521133316307248,-0.06718250550177185
14.613199999999992,1.461319999999999e-05,-0.052088129764473634,-0.06673082349187305
14.613999999999997,1.4613999999999996e-05,-0.06649197308879118,-0.06626027457325995
14.614800000000002,1.4614800000000001e-05,-0.08493670719670132,-0.06577166179863156
14.6156,1.46156e-05,-0.05235178531361495,-0.06526584132619961
14.616399999999999,1.4616399999999998e-05,-0.04755699787129386,-0.06474371776706721
14.617199999999997,1.4617199999999996e-05,-0.06462917227602938,-0.06420623919686622
14.618000000000002,1.4618000000000001e-05,-0.06950264004999462,-0.06365439190442547
14.6188,1.46188e-05,-0.03396284584872722,-0.06308919498995902
14.619599999999998,1.4619599999999998e-05,-0.053891163411452836,-0.06251169494291829
14.620399999999997,1.4620399999999996e-05,-0.05919586147214995,-0.061922960337965106
14.621200000000002,1.4621200000000002e-05,-0.032689203817278245,-0.0613240767822974
14.622,1.4622e-05,-0.059098456486179174,-0.06071614222009894
14.622799999999998,1.4622799999999997e-05,-0.06259595986560218,-0.06010026265682434
14.623599999999996,1.4623599999999995e-05,-0.03855034021642212,-0.05947754832131631
14.624400000000001,1.46244e-05,-0.06540689947774159,-0.05884911024979167
14.6252,1.4625199999999998e-05,-0.05447616115847087,-0.05821605726141051
14.625999999999998,1.4625999999999997e-05,-0.0640046447031104,-0.05757949330086102
14.626799999999996,1.4626799999999995e-05,-0.018619185793721682,-0.05694051514552759
14.627600000000001,1.46276e-05,-0.03186702941254271,-0.05630021050760147
14.6284,1.4628399999999999e-05,-0.05456448773302458,-0.05565965658188612
14.629199999999997,1.4629199999999997e-05,-0.07142464019724637,-0.055019919065293584
14.629999999999995,1.4629999999999995e-05,-0.04381815679985823,-0.05438205160720591
14.6308,1.46308e-05,-0.04576796001285388,-0.05374709559367559
14.631599999999992,1.463159999999999e-05,-0.039008049394577804,-0.05311608016791947
14.632399999999997,1.4632399999999996e-05,-0.02442547240410531,-0.0524900224297007
14.633199999999995,1.4633199999999994e-05,-0.06505075631985158,-0.05186992778557684
14.634,1.4633999999999999e-05,-0.035614192552567925,-0.05125679041083266
14.634799999999998,1.4634799999999998e-05,-0.036549848248961014,-0.050651593745081894
14.635599999999997,1.4635599999999996e-05,-0.06749987905395138,-0.05005531090855234
14.636400000000002,1.4636400000000001e-05,-0.04716056854467543,-0.049468904913495634
14.6372,1.46372e-05,-0.023777870631229936,-0.04889332855705157
14.637999999999998,1.4637999999999998e-05,-0.020888250687446375,-0.04832952391505538
14.638799999999996,1.4638799999999996e-05,-0.030832644555858657,-0.047778421391411766
14.639600000000002,1.4639600000000001e-05,-0.0379521030235922,-0.04724093827448183
14.6404,1.46404e-05,-0.0437269933653297,-0.046717976688043915
14.641199999999998,1.4641199999999996e-05,-0.06558014793528177,-0.0462104207278752
14.641999999999996,1.4641999999999995e-05,-0.07823732008713524,-0.045719132502747444
14.642800000000001,1.46428e-05,-0.03333888610730096,-0.045244946798369955
14.6436,1.4643599999999998e-05,-0.04901845198031496,-0.04478866417374874
14.644399999999997,1.4644399999999997e-05,-0.03049049718650787,-0.04435104245931276
14.645199999999996,1.4645199999999995e-05,-0.04053210752945646,-0.04393278679554507
14.646,1.4646e-05,-0.005233083188808774,-0.04353453847306267
14.646799999999999,1.4646799999999998e-05,-0.06651561512034021,-0.04315686289111725
14.647599999999997,1.4647599999999997e-05,-0.02493670719670138,-0.04280023695356647
14.648399999999995,1.4648399999999995e-05,-0.04460136921018554,-0.04246503619634402
14.6492,1.46492e-05,-0.03599322139907957,-0.042151521921681145
14.649999999999999,1.4649999999999999e-05,-0.03603861345636483,-0.04185982862227036
14.650799999999997,1.4650799999999995e-05,-0.04135295775997183,-0.04158995200715842
14.651599999999995,1.4651599999999994e-05,-0.0051440002714275845,-0.04134173797339634
14.6524,1.4652399999999999e-05,-0.0347592977048663,-0.0411148728903855
14.653200000000005,1.4653200000000004e-05,-0.016877431998279846,-0.040908875562922414
14.653999999999996,1.4653999999999996e-05,-0.026950627121309134,-0.040723091199362356
14.654800000000002,1.46548e-05,-0.019493561638577406,-0.040556687633981924
14.6556,1.4655599999999999e-05,-0.028891919754280182,-0.04040865395518675
14.656399999999998,1.4656399999999997e-05,-0.013070501692472147,-0.04027780158997883
14.657199999999996,1.4657199999999996e-05,-0.03455351731579481,-0.040162767795217866
14.658000000000001,1.4658000000000001e-05,-0.05552794649516157,-0.04006202140868058
14.6588,1.46588e-05,-0.06129111007694188,-0.039973870628231725
14.659599999999998,1.4659599999999998e-05,-0.016305673696973777,-0.03989647254447633
14.660399999999996,1.4660399999999994e-05,-0.019609123447382526,-0.03982784417920783
14.661200000000001,1.46612e-05,-0.02420777674364183,-0.03976587486272163
14.661999999999999,1.4661999999999998e-05,-0.051522045183217124,-0.03970833985345305
14.662799999999997,1.4662799999999996e-05,-0.040029951148377374,-0.03965291511549542
14.663599999999995,1.4663599999999995e-05,-0.045664313475540674,-0.03959719314449495
14.6644,1.46644e-05,-0.003927477057221185,-0.03953869972795641
14.665199999999999,1.4665199999999998e-05,-0.016342555174234885,-0.03947491156385821
14.665999999999997,1.4665999999999996e-05,-0.04746451026244525,-0.039403274704218866
14.666799999999995,1.4666799999999995e-05,-0.010596035729633857,-0.03932122378733341
14.6676,1.46676e-05,-0.02640799606006694,-0.03922620196643959
14.668399999999998,1.4668399999999998e-05,-0.06141688596004913,-0.039115681368281446
14.669199999999996,1.4669199999999995e-05,-0.052497230705411235,-0.038987183856276045
14.669999999999995,1.4669999999999993e-05,-0.009783696079242676,-0.03883830185053972
14.6708,1.4670799999999999e-05,-0.051200514473905945,-0.03866671898801794
14.671599999999998,1.4671599999999997e-05,-0.0018483047582159573,-0.03847023048180581
14.672399999999996,1.4672399999999995e-05,-0.03542713681782317,-0.03824676311299141
14.673200000000001,1.46732e-05,-0.023997646808840756,-0.037994394817741785
14.674,1.4673999999999999e-05,-0.03877919480545,-0.03771137381246111
14.674800000000005,1.4674800000000004e-05,-0.009779535044947996,-0.03739613715474311
14.675599999999996,1.4675599999999995e-05,-0.03310303362390332,-0.03704732859351268
14.676400000000001,1.46764e-05,0.008760335020351007,-0.03666381552558502
14.6772,1.4677199999999999e-05,-0.04198523956998779,-0.036244704832242174
14.677999999999997,1.4677999999999997e-05,-0.04230109655924952,-0.03578935730016954
14.678799999999995,1.4678799999999994e-05,-0.020764555321486466,-0.035297400243586935
14.6796,1.46796e-05,-0.0724790738824771,-0.03476873787609028
14.680399999999999,1.4680399999999998e-05,-0.055466098812231523,-0.034203558971906065
14.681199999999997,1.4681199999999996e-05,-0.01977329349350554,-0.03360234142488654
14.681999999999995,1.4681999999999994e-05,-0.00862069847937652,-0.03296585345323462
14.6828,1.46828e-05,-0.013385602338906288,-0.032295151371331134
14.683599999999998,1.4683599999999998e-05,-0.04726081039062113,-0.03159157398792962
14.684399999999997,1.4684399999999996e-05,-0.01524556629169338,-0.030856733741759523
14.685199999999995,1.4685199999999995e-05,-0.03850797353054636,-0.030092504672210724
14.686,1.4686e-05,-0.012182886401804316,-0.029301007307692382
14.686799999999998,1.4686799999999998e-05,-0.010946693679009023,-0.028484590571274563
14.687599999999996,1.4687599999999996e-05,-0.028658904130957508,-0.0276458108362627
14.688399999999994,1.4688399999999993e-05,-0.020863284481677402,-0.026787408283329206
14.6892,1.4689199999999998e-05,-0.03246318608822507,-0.025912280707620448
14.689999999999998,1.4689999999999997e-05,-0.03692679657842535,-0.02502345491895015
14.690799999999996,1.4690799999999995e-05,-0.020563503798102456,-0.02412405589961711
14.691600000000001,1.46916e-05,-0.01282973183185232,-0.023217273946534802
14.6924,1.4692399999999998e-05,-0.04006815679985831,-0.02230633011720415
14.693200000000004,1.4693200000000004e-05,-0.013849553068504328,-0.021394440398077794
14.693999999999996,1.4693999999999995e-05,-0.009541034212910304,-0.020484779102314256
14.6948,1.46948e-05,-0.06587160655026714,-0.019580442084269803
14.695599999999999,1.4695599999999999e-05,0.024747435814037044,-0.018684410440464858
14.696400000000004,1.4696400000000004e-05,0.01646554757792984,-0.01779951545614838
14.697199999999995,1.4697199999999994e-05,0.028388871899501567,-0.01692840563848024
14.698,1.4698e-05,-0.019592479310203137,-0.01607351670249284
14.698799999999999,1.4698799999999997e-05,0.010705977199051642,-0.015237045295211898
14.699599999999997,1.4699599999999996e-05,0.03416168172409173,-0.014420927073228468
14.700399999999995,1.4700399999999994e-05,-0.01651580363177485,-0.013626819558072888
14.7012,1.4701199999999999e-05,0.03349176209398741,-0.012856090020420239
14.701999999999998,1.4701999999999997e-05,-0.020747911184307077,-0.012109808477489452
14.702799999999996,1.4702799999999996e-05,0.002769073192370297,-0.011388745720292606
14.703599999999994,1.4703599999999994e-05,-0.01955843469301699,-0.010693376139165772
14.7044,1.47044e-05,-0.003089226346798868,-0.010023885014318898
14.705199999999998,1.4705199999999998e-05,0.007851914558208994,-0.009380179895528579
14.705999999999996,1.4705999999999996e-05,0.009200643718500046,-0.008761905700393983
14.706799999999994,1.4706799999999993e-05,-0.0481211904468376,-0.008168463181729617
14.7076,1.4707599999999998e-05,0.05406843777244563,-0.007599030424750087
14.708399999999997,1.4708399999999996e-05,-0.003603297999369759,-0.007052587035117443
14.709199999999996,1.4709199999999995e-05,-0.0015610071775254974,-0.006527940677834238
14.71,1.471e-05,0.0015629525639007102,-0.006023755608959696
14.710799999999999,1.4710799999999998e-05,0.022959722129917037,-0.0055385827936260314
14.711600000000004,1.4711600000000003e-05,0.005399954964034448,-0.005070891143626886
14.712399999999995,1.4712399999999995e-05,0.005091663700535154,-0.004619099354973436
14.7132,1.47132e-05,0.009561704253612247,-0.004181607771166707
14.713999999999999,1.4713999999999998e-05,-0.008407163853207944,-0.0037568296334453705
14.714800000000004,1.4714800000000004e-05,-0.02618330250523382,-0.003343221021286315
14.715599999999995,1.4715599999999993e-05,0.026372303626253868,-0.0029393087606992933
14.7164,1.47164e-05,-0.03217588850753483,-0.0025437156010033237
14.717199999999998,1.4717199999999997e-05,-0.03470161105613112,-0.00215518203138027
14.718000000000004,1.4718000000000002e-05,-0.011787781249505969,-0.0017725842153869537
14.718799999999995,1.4718799999999994e-05,-0.013669495228129325,-0.0013949476688785243
14.7196,1.4719599999999999e-05,0.008162097827521086,-0.0010214565068621985
14.720399999999998,1.4720399999999997e-05,0.015164102480636932,-0.0006514583164844833
14.721200000000003,1.4721200000000002e-05,0.0019962633676801067,-0.0002844649193811128
14.721999999999994,1.4721999999999994e-05,0.053594652288473155,7.985058074086969e-05
14.7228,1.4722799999999999e-05,0.011061364014114394,0.00044166002354518487
14.723599999999998,1.4723599999999997e-05,-0.035311007177525444,0.0008009892815067764
14.724399999999996,1.4724399999999996e-05,-0.00016423761150918814,0.0011577298887902945
14.725199999999994,1.4725199999999992e-05,0.007355243385644972,0.001511652960589695
14.725999999999999,1.4725999999999998e-05,-0.00548690398370566,0.001862425152640585
14.726799999999997,1.4726799999999996e-05,-0.019205696226494484,0.00220962632202034
14.727599999999995,1.4727599999999994e-05,0.051131533765734094,0.0025527684242864414
14.7284,1.47284e-05,0.05189261683033697,0.0028913150668042654
14.729199999999999,1.4729199999999998e-05,0.011530232120934736,0.003224701067672385
14.730000000000004,1.4730000000000003e-05,-0.009736412016244644,0.0035523513865391796
14.730799999999995,1.4730799999999995e-05,0.04268698816925853,0.003873698909351001
14.7316,1.47316e-05,0.014298616535863617,0.004188200721633846
14.732399999999998,1.4732399999999998e-05,0.010207225509340168,0.0044953526208452565
14.733200000000004,1.4733200000000003e-05,0.021089923422785595,0.0047947016911867694
14.733999999999995,1.4733999999999995e-05,0.01480096142837728,0.005085856826638636
14.7348,1.47348e-05,-0.022854886549056097,0.0053684971481023705
14.735599999999998,1.4735599999999997e-05,0.042973529407121625,0.005642378301802036
14.736400000000003,1.4736400000000003e-05,0.04044307799273761,0.0059073366362161735
14.737199999999994,1.4737199999999993e-05,-0.024872778996523848,0.006163291244285535
14.738,1.4737999999999998e-05,0.042246679471109605,0.006410243860125275
14.738799999999998,1.4738799999999997e-05,0.0206488583818093,0.0066482766353108055
14.739600000000003,1.4739600000000002e-05,-0.023844635691382177,0.006877547868956797
14.740399999999994,1.4740399999999994e-05,0.044722281096833294,0.0070982858006287276
14.7412,1.4741199999999999e-05,0.025948639065284218,0.007310780589801531
14.741999999999997,1.4741999999999997e-05,0.020882630348059372,0.007515374607880526
14.742800000000003,1.4742800000000002e-05,0.01939186048743957,0.007712451180225644
14.743599999999994,1.4743599999999992e-05,0.02110108235135022,0.007902421961576436
14.744399999999999,1.4744399999999999e-05,0.05708250942505655,0.008085713206033792
14.745199999999997,1.4745199999999996e-05,0.016875972693187635,0.008262751281510985
14.745999999999995,1.4745999999999994e-05,-0.0023109313135939447,0.008433947878485372
14.7468,1.4746799999999999e-05,-0.036085897519362975,0.008599685480079017
14.747599999999998,1.4747599999999998e-05,-0.007570993659833158,0.008760303755888758
14.748400000000004,1.4748400000000003e-05,0.0282421023333852,0.008916087539554704
14.749199999999995,1.4749199999999994e-05,0.034102482389701705,0.009067256917656839
14.75,1.475e-05,-0.01854901604210213,0.009213959759464898
14.750799999999998,1.4750799999999998e-05,-0.00011770989143855548,0.009356266856876416
14.751600000000003,1.4751600000000003e-05,-0.023292358387230427,0.009494169755578562
14.752399999999994,1.4752399999999994e-05,0.026332017457625367,0.00962758128214282
14.7532,1.47532e-05,0.018870223109106465,0.009756338641490694
14.753999999999998,1.4753999999999996e-05,0.07585123407938332,0.009880208786356648
14.754800000000003,1.4754800000000003e-05,0.024476782370526085,0.00999889562405612
14.755599999999994,1.4755599999999993e-05,-0.00027696256033948874,0.01011204860287358
14.7564,1.4756399999999998e-05,0.008087578530171946,0.010219272320125008
14.757199999999997,1.4757199999999997e-05,0.05087147141942483,0.010320136943239817
14.758000000000003,1.4758000000000002e-05,0.03147803068081445,0.010414189343036376
14.758799999999994,1.4758799999999993e-05,0.0033234310135694667,0.010500964886841466
14.759599999999999,1.4759599999999998e-05,0.00038104179827302964,0.010579999880301344
14.760399999999997,1.4760399999999997e-05,0.02397803068081439,0.010650844707478051
14.761200000000002,1.4761200000000002e-05,-0.013690300399603506,0.010713077760273387
14.761999999999993,1.4761999999999994e-05,-0.04865266257951517,0.01076632022603391
14.762799999999999,1.4762799999999999e-05,-0.007768640491749745,0.010810251705479066
14.763599999999997,1.4763599999999995e-05,0.06462903714515711,0.010844626456132624
14.764400000000002,1.47644e-05,0.06134033952621509,0.010869289807890786
14.7652,1.4765199999999999e-05,0.037257082056846635,0.01088419406072284
14.765999999999998,1.4765999999999997e-05,0.011033560948370602,0.010889413081024247
14.766800000000003,1.4766800000000002e-05,-0.007442380916750979,0.010885154909762947
14.767599999999995,1.4767599999999994e-05,0.03344239751384204,0.010871771885678692
14.7684,1.4768399999999999e-05,0.05150791426370571,0.010849767932070948
14.769199999999998,1.4769199999999997e-05,0.03459158783650362,0.010819802709666065
14.770000000000003,1.4770000000000003e-05,0.024997095574539108,0.01078269236429329
14.770799999999994,1.4770799999999994e-05,0.02143282713496386,0.010739406675967685
14.7716,1.47716e-05,0.006885618935997373,0.01069106255265758
14.772399999999998,1.4772399999999998e-05,0.04687313583311281,0.010638913952235903
14.773200000000003,1.4773200000000003e-05,0.030575851770214713,0.010584338414690945
14.773999999999994,1.4773999999999993e-05,0.0008979503109187714,0.010528820450308968
14.774799999999999,1.4774799999999998e-05,0.06947602602766856,0.010473932093834093
14.775599999999997,1.4775599999999996e-05,-0.011065848690716251,0.010421311018666553
14.776400000000002,1.4776400000000001e-05,0.019551113156440425,0.010372636700685138
14.777199999999993,1.4777199999999993e-05,-0.031301512662679,0.01032960520895063
14.777999999999999,1.4777999999999998e-05,-0.00247642553393701,0.01029390324877575
14.778799999999997,1.4778799999999996e-05,0.03949267016487801,0.010267182049274301
14.779600000000002,1.4779600000000002e-05,0.018977274337987016,0.01025103156227972
14.780399999999993,1.4780399999999993e-05,0.051482948057966604,0.010246955279372288
14.781199999999998,1.4781199999999998e-05,0.0529262453441236,0.010256345870055495
14.781999999999996,1.4781999999999995e-05,-0.010600385275363444,0.010280461854146525
14.782800000000002,1.4782800000000002e-05,-0.006037289282044944,0.010320405633738868
14.7836,1.4783599999999999e-05,0.012771910052344904,0.010377103353913732
14.784399999999998,1.4784399999999997e-05,-0.03663477013204741,0.010451287143507664
14.785200000000003,1.4785200000000002e-05,0.04558133697872968,0.010543480251010899
14.786000000000001,1.4786e-05,0.014254169332840294,0.010653985452875355
14.7868,1.4786799999999999e-05,-0.0024667792910273434,0.010782876938998836
14.787599999999998,1.4787599999999997e-05,0.027453972545935956,0.010929995738514922
14.788400000000003,1.4788400000000002e-05,0.04946146240766658,0.011094948664237382
14.789200000000001,1.47892e-05,0.02110316286849756,0.011277110714913214
14.79,1.4789999999999999e-05,-0.018856550962773944,0.011475630872879223
14.790799999999997,1.4790799999999997e-05,-0.009770645144865475,0.011689441270288804
14.791600000000003,1.4791600000000003e-05,-0.012571750002760451,0.011917269728900805
14.792399999999994,1.4792399999999992e-05,0.04038936386686276,0.012157655631540292
14.793199999999999,1.4793199999999998e-05,-0.0027400810830784383,0.012408968931032886
14.793999999999997,1.4793999999999996e-05,0.03923809302715353,0.01266943190403591
14.794800000000002,1.4794800000000001e-05,0.0812484197488591,0.012937143099521329
14.795599999999993,1.4795599999999993e-05,0.02078938639638339,0.013210102866478944
14.796399999999998,1.4796399999999998e-05,-0.01647135642875175,0.013486239888347932
14.797199999999997,1.4797199999999996e-05,0.01648219171510923,0.013763438282951197
14.798000000000002,1.4798000000000001e-05,0.032465131474500364,0.014039564969204622
14.798799999999993,1.4798799999999993e-05,0.03398427223225664,0.014312497065111843
14.799599999999998,1.4799599999999998e-05,0.0025986615948048186,0.01458014905710587
14.800399999999996,1.4800399999999996e-05,0.021935739858970238,0.014840499439172651
14.801200000000001,1.4801200000000002e-05,0.012114473525125291,0.015091616507584369
14.802,1.4801999999999998e-05,0.031555954669531094,0.015331682993076627
14.802799999999998,1.4802799999999997e-05,0.0016964826842051917,0.015559019186893605
14.803600000000003,1.4803600000000002e-05,0.008243426507705376,0.01577210417288387
14.804400000000001,1.48044e-05,0.04563145790170253,0.01596959472721164
14.8052,1.4805199999999998e-05,0.0547222810968333,0.016150341391727187
14.805999999999997,1.4805999999999997e-05,0.04598552054254523,0.016313401182007435
14.806800000000003,1.4806800000000002e-05,0.021775730847242047,0.016458046402173573
14.8076,1.48076e-05,0.028250424401974894,0.016583769137953137
14.808399999999999,1.4808399999999999e-05,0.08200590961058984,0.01669028115921306
14.809199999999997,1.4809199999999997e-05,0.020821350496421975,0.016777509127702404
14.810000000000002,1.4810000000000002e-05,0.054816849222729225,0.016845585160941947
14.8108,1.48108e-05,0.04823926547341051,0.016894832977037054
14.811599999999999,1.4811599999999997e-05,0.013573847116998938,0.01692575004905436
14.812399999999997,1.4812399999999996e-05,0.03283508190959494,0.016938986406633084
14.813200000000002,1.48132e-05,0.01899051378369898,0.016935320903386186
14.813999999999993,1.4813999999999992e-05,0.011411265620662192,0.016915635897158093
14.814799999999998,1.4814799999999997e-05,0.024471864993403702,0.016880891355751007
14.815599999999996,1.4815599999999996e-05,-0.022587069965619988,0.016832099408686997
14.816400000000002,1.4816400000000001e-05,-0.033046859660923134,0.016770300322569147
14.817199999999993,1.4817199999999993e-05,0.010776146950671528,0.016696540770539597
14.817999999999998,1.4817999999999998e-05,0.005618218455990642,0.01661185506952162
14.818799999999996,1.4818799999999996e-05,-0.02113469426801584,0.016517249775245053
14.819600000000001,1.4819600000000001e-05,0.05414768593545238,0.01641369170737908
14.820399999999992,1.4820399999999991e-05,0.037403095280035714,0.01630209919068863
14.821199999999997,1.4821199999999996e-05,0.0383958697937713,0.016183336085149255
14.822000000000003,1.4822000000000001e-05,0.035058943257569086,0.0160582080679219
14.8228,1.48228e-05,0.07005270170612687,0.015927460637539352
14.823599999999999,1.4823599999999998e-05,0.0393271759444348,0.01579177841457225
14.824399999999997,1.4824399999999997e-05,-0.02716208123033015,0.015651785475276882
14.825200000000002,1.4825200000000002e-05,-0.0034858441848519828,0.015508046638059311
14.826,1.4826e-05,0.035392200726937495,0.01536106976477249
14.826799999999999,1.4826799999999998e-05,0.012317605565556722,0.015211309166251321
14.827599999999997,1.4827599999999997e-05,-0.02053645707518581,0.015059170108131053
14.828400000000002,1.4828400000000002e-05,0.05607044242560144,0.014905014271632959
14.8292,1.48292e-05,0.04467424069100778,0.014749165897966855
14.829999999999998,1.4829999999999997e-05,0.022156272379508346,0.014591918252951894
14.830799999999996,1.4830799999999995e-05,0.01788387865834784,0.014433540011399848
14.831600000000002,1.48316e-05,0.06784207980393464,0.01427428119969636
14.8324,1.4832399999999999e-05,-0.006839226346798899,0.014114378427606312
14.833199999999998,1.4833199999999997e-05,0.03519739075499562,0.013954059244079463
14.833999999999996,1.4833999999999996e-05,0.001504509572338275,0.013793545546274991
14.834800000000001,1.48348e-05,0.04617257627728988,0.013633056043701826
14.835599999999992,1.4835599999999992e-05,0.026456469166512786,0.013472807816013939
14.836399999999998,1.4836399999999997e-05,0.026562196220973333,0.013313017015001668
14.837199999999996,1.4837199999999996e-05,0.015741345990557876,0.013153898783895954
14.838000000000001,1.4838000000000001e-05,0.02191342200184121,0.012995666517217522
14.838799999999992,1.483879999999999e-05,0.017225117956807923,0.01283853064305771
14.839599999999997,1.4839599999999996e-05,0.002992442572883225,0.01268269714859863
14.840400000000002,1.4840400000000001e-05,-0.0007687163557812404,0.012528366076535019
14.8412,1.48412e-05,-0.01271776322594953,0.01237573019090071
14.841999999999999,1.4841999999999998e-05,0.027650106692097776,0.012224973935237981
14.842799999999997,1.4842799999999996e-05,0.018692813617271486,0.012076272678761647
14.843600000000002,1.4843600000000001e-05,0.01579562794782563,0.011929792091373797
14.8444,1.48444e-05,0.041141368520078436,0.011785687355453137
14.845199999999998,1.4845199999999998e-05,0.07158167721819764,0.011644101851042803
14.845999999999997,1.4845999999999996e-05,0.02733084501136862,0.011505164957259065
14.846800000000002,1.4846800000000002e-05,0.03511530573198418,0.011368988705900963
14.8476,1.48476e-05,0.02675492567576776,0.01123566320097648
14.848399999999998,1.4848399999999997e-05,-0.021970108118463227,0.01110525093724669
14.849199999999996,1.4849199999999995e-05,0.020592495907394093,0.010977780338935407
14.850000000000001,1.485e-05,-0.0069109087840733,0.010853238937998272
14.8508,1.4850799999999998e-05,0.059591587836503535,0.010731566604186903
14.851599999999998,1.4851599999999997e-05,0.009938652582976548,0.010612649161425687
14.852399999999996,1.4852399999999995e-05,0.010199471272143268,0.010496312646743498
14.853200000000001,1.48532e-05,-0.0015012400117428992,0.010382318442181541
14.854,1.4853999999999999e-05,0.022309283496967036,0.010270359525611462
14.854799999999997,1.4854799999999997e-05,-0.02502995114837736,0.010160058087739725
14.855599999999995,1.4855599999999995e-05,0.04550208881569284,0.010050964712823691
14.8564,1.48564e-05,0.05742957417155947,0.009942559229956278
14.857199999999992,1.485719999999999e-05,0.027785717329549597,0.009834253255057502
14.857999999999997,1.4857999999999996e-05,-0.04301205870090952,0.009725394419387743
14.858799999999995,1.4858799999999994e-05,-0.0040347167975364195,0.00961527233928995
14.8596,1.4859599999999999e-05,-0.017512550668270732,0.009503126452903292
14.860399999999998,1.4860399999999998e-05,0.033548124568402504,0.009388155818725959
14.861199999999997,1.4861199999999996e-05,0.08095979799391861,0.00926953080839651
14.862000000000002,1.4862000000000001e-05,-0.03723017046480248,0.00914640642818384
14.8628,1.48628e-05,0.030726782370526062,0.009017936895726025
14.863599999999998,1.4863599999999998e-05,-0.0027296784973414034,0.008883291112059074
14.864399999999996,1.4864399999999996e-05,0.003297708464973015,0.008741668724218324
14.865200000000002,1.4865200000000001e-05,0.014614473525125238,0.008592316480075178
14.866,1.4866e-05,0.0878976859354823,0.008434544521348506
14.866799999999998,1.4866799999999996e-05,0.015193986063628317,0.008267742197241842
14.867599999999996,1.4867599999999995e-05,-0.0007263496699054794,0.008091392981511082
14.868400000000001,1.48684e-05,0.035609896387400974,0.0079050881761633
14.8692,1.4869199999999998e-05,0.014325095427287327,0.007708539243382228
14.869999999999997,1.4869999999999997e-05,0.021413346137809652,0.007501588741261337
14.870799999999996,1.4870799999999995e-05,-0.04126954856264031,0.007284219913909561
14.8716,1.48716e-05,0.02449626336768007,0.007056565017243759
14.872399999999999,1.4872399999999998e-05,0.03500957867742349,0.0068189124477844865
14.873199999999997,1.4873199999999997e-05,0.017335762388490883,0.006571712673673763
14.873999999999995,1.4873999999999995e-05,-0.007502904425460866,0.0063155828821781015
14.8748,1.48748e-05,0.042334249702736026,0.00605131021700905
14.875599999999999,1.4875599999999999e-05,0.01730228560269731,0.005779853492791687
14.876399999999997,1.4876399999999995e-05,-0.029280215523743713,0.0055023433077663435
14.877199999999995,1.4877199999999994e-05,-0.0034419648133214853,0.005220080503495535
14.878,1.4877999999999999e-05,0.02959574887079852,0.004934532923615814
14.878800000000005,1.4878800000000004e-05,0.0178407556296446,0.004647330375841039
14.879599999999996,1.4879599999999996e-05,0.02023918960937887,0.00436025761080581
14.880400000000002,1.48804e-05,-0.005002904425460919,0.004075245058283402
14.8812,1.4881199999999999e-05,-0.004936707196701362,0.003794357048455427
14.881999999999998,1.4881999999999997e-05,0.03483160135419594,0.0035197772671202218
14.882799999999996,1.4882799999999996e-05,0.02169156530698302,0.0032537911985334143
14.883600000000001,1.4883600000000001e-05,0.05513894776343331,0.002998765293630726
14.8844,1.48844e-05,0.08367049576011243,0.0027571226168455823
14.885199999999998,1.4885199999999998e-05,0.0021458697937712934,0.002531314835240387
14.885999999999996,1.4885999999999994e-05,0.017547216497511897,0.0023237906458915946
14.886800000000001,1.48868e-05,-0.010180313917296013,0.0021369610517488914
14.887599999999999,1.4887599999999998e-05,0.01775034853804336,0.0019731621932588556
14.888399999999997,1.4888399999999996e-05,-0.02148024632883405,0.001834616629390183
14.889199999999995,1.4889199999999995e-05,0.002693986063628251,0.0017233940170512541
14.89,1.489e-05,-0.006174980436644106,0.0016413721015663494
14.890799999999999,1.4890799999999998e-05,0.012006098122024578,0.0015901988438072612
14.891599999999997,1.4891599999999996e-05,0.0328817981412004,0.0015712563987639871
14.892399999999995,1.4892399999999995e-05,0.027472885711667505,0.0015856275592931058
14.8932,1.48932e-05,0.02305012922151839,0.0016340652304685102
14.893999999999998,1.4893999999999998e-05,-0.0385024883220314,0.0017169655307091901
14.894799999999996,1.4894799999999995e-05,-0.0192238530493285,0.0018343452025412106
14.895599999999995,1.4895599999999993e-05,0.03130213387470426,0.0019858240824016113
14.8964,1.4896399999999999e-05,-0.023378604444536655,0.002170613351669925
14.897199999999998,1.4897199999999997e-05,-0.019127772237677698,0.0023875101693362644
14.897999999999996,1.4897999999999995e-05,-0.028052344869537893,0.0026348991284937543
14.898800000000001,1.48988e-05,0.005027735500357733,0.002910760813917208
14.8996,1.4899599999999999e-05,-0.031188787713848698,0.0032126875431043745
14.900400000000005,1.4900400000000004e-05,0.054222205232801635,0.003537906136940539
14.901199999999996,1.4901199999999995e-05,-0.030869526033119654,0.003883307325497411
14.902000000000001,1.4902e-05,-0.018384845995979004,0.004245481198549788
14.9028,1.4902799999999999e-05,0.00404271522381916,0.004620757971453511
14.903599999999997,1.4903599999999997e-05,0.0060961649742278246,0.005005253217342221
14.904399999999995,1.4904399999999994e-05,0.03942117623896835,0.005394916573275896
14.9052,1.49052e-05,0.056767408778622186,0.005785582775953063
14.905999999999999,1.4905999999999998e-05,0.007748268020895899,0.00617302379116476
14.906799999999997,1.4906799999999996e-05,0.07467499703383518,0.0065530008274362435
14.907599999999995,1.4907599999999994e-05,0.011189408925903921,0.006921315167469833
14.9084,1.49084e-05,0.041997019710577566,0.00727385696629052
14.909199999999998,1.4909199999999998e-05,0.013240778159165134,0.007606651403747646
14.909999999999997,1.4909999999999996e-05,-0.014243901877975418,0.00791590180493339
14.910799999999995,1.4910799999999995e-05,-0.004054765626083312,0.008198029519859842
14.9116,1.49116e-05,0.011656196515476891,0.008449710445696087
14.912399999999998,1.4912399999999998e-05,0.03850916257399406,0.008667908062269327
14.913199999999996,1.4913199999999996e-05,0.0011922457858787316,0.008849902763219609
14.913999999999994,1.4913999999999993e-05,0.05526907319234031,0.008993317172049098
14.9148,1.4914799999999998e-05,0.026498268020895943,0.009096137096210734
14.915599999999998,1.4915599999999997e-05,0.04142242454925671,0.009156727810385228
14.916399999999996,1.4916399999999995e-05,0.03862264386572167,0.009173845461899208
14.917200000000001,1.49172e-05,-0.005055673696973795,0.00914664354195812
14.918,1.4917999999999998e-05,0.008050885564445664,0.00907467453966394
14.918800000000005,1.4918800000000004e-05,0.04308701069877929,0.008957887047071886
14.919599999999996,1.4919599999999995e-05,0.04533318990391233,0.008796618675137757
14.9204,1.49204e-05,0.03569689878763471,0.00859158518470148
14.921199999999999,1.4921199999999999e-05,-0.03172593356647602,0.008343866295107076
14.922000000000004,1.4922000000000004e-05,-0.023696541951045647,0.008054888740753377
14.922799999999995,1.4922799999999994e-05,0.02751317188032576,0.0077264072479287975
14.9236,1.49236e-05,-0.0030822284524292254,0.0073604841063989275
14.924399999999999,1.4924399999999997e-05,0.022890120209790088,0.006959467891603702
14.925199999999997,1.4925199999999996e-05,-0.02228653293921745,0.006525971729480074
14.925999999999995,1.4925999999999994e-05,0.01859616497422789,0.006062851363900156
14.9268,1.4926799999999999e-05,-0.004947866125265765,0.00557318319188804
14.927599999999998,1.4927599999999997e-05,0.0012764113260376186,0.005060242339482389
14.928399999999996,1.4928399999999996e-05,0.05232611614561111,0.004527480747200144
14.929199999999994,1.4929199999999994e-05,0.031128129074266542,0.00397850513874948
14.93,1.493e-05,0.031646361761232256,0.0034170547001637543
14.930799999999998,1.4930799999999998e-05,0.016485784918011448,0.002846978337689132
14.931599999999996,1.4931599999999996e-05,0.0017549256757677378,0.0022722115138100055
14.932399999999994,1.4932399999999993e-05,-0.026119942136549112,0.0016967528297177972
14.9332,1.4933199999999998e-05,-0.030563503798102465,0.00112464065190758
14.933999999999997,1.4933999999999996e-05,-0.004570161452974286,0.0005599301082430592
14.934799999999996,1.4934799999999995e-05,-0.02350381249625144,6.67068001265151e-06
14.9356,1.49356e-05,0.05275734643231311,-0.0005311155834716265
14.936399999999999,1.4936399999999998e-05,0.024913118545814905,-0.0010494554296328084
14.937200000000004,1.4937200000000003e-05,0.02147595016366699,-0.0015444457144809334
14.937999999999995,1.4937999999999995e-05,0.006500348538043377,-0.002012275067736699
14.9388,1.49388e-05,0.00531087204675329,-0.002449246230494701
14.939599999999999,1.4939599999999998e-05,0.02138497524060301,-0.0028517992399254527
14.940400000000004,1.4940400000000004e-05,-0.021243826013943812,-0.003216535507638942
14.941199999999995,1.4941199999999993e-05,0.04358992342278556,-0.003540242755951475
14.942,1.4942e-05,0.03353507363409536,-0.003819920725674859
14.942799999999998,1.4942799999999997e-05,0.03306885387584513,-0.004052807517220532
14.943600000000004,1.4943600000000002e-05,0.0001147379005916882,-0.004236406330999602
14.944399999999995,1.4944399999999994e-05,-0.003180957612720081,-0.0043685122087306445
14.9452,1.4945199999999999e-05,-0.025074398351300542,-0.004447238177835235
14.945999999999998,1.4945999999999997e-05,0.01149618750374859,-0.004471040044635962
14.946800000000003,1.4946800000000002e-05,-0.0003144118689929476,-0.004438739024956645
14.947599999999994,1.4947599999999994e-05,-0.000829239864491238,-0.004349541433910927
14.9484,1.4948399999999999e-05,-0.011316832625538287,-0.004203054725719448
14.949199999999998,1.4949199999999997e-05,-0.021916393992688077,-0.0039992992359494965
14.949999999999996,1.4949999999999996e-05,-0.034437199164162324,-0.003738715036074011
14.950799999999994,1.4950799999999992e-05,-0.03252711428830257,-0.0034221634006665366
14.9516,1.4951599999999998e-05,-0.02705824618158237,-0.0030509225458927643
14.952399999999997,1.4952399999999996e-05,0.004661946099558056,-0.0026266775332610803
14.953199999999995,1.4953199999999994e-05,0.040011091363178375,-0.0021515045170705845
14.954,1.4954e-05,-0.009971508156814801,-0.0016278497832642308
14.954799999999999,1.4954799999999998e-05,0.014654191862360944,-0.0010585042077159677
14.955600000000004,1.4955600000000003e-05,0.020643373173194424,-0.0004465738227693117
14.956399999999995,1.4956399999999995e-05,-0.0280725822096195,0.00020455284126667111
14.9572,1.49572e-05,0.04572337767908852,0.0008912400149888759
14.957999999999998,1.4957999999999998e-05,0.016766840947159523,0.0016096419504004604
14.958800000000004,1.4958800000000003e-05,0.02072545819620597,0.0023557415981494308
14.959599999999995,1.4959599999999995e-05,0.024792639359787594,0.0031253901476643604
14.9604,1.49604e-05,0.013726290403064945,0.003914346949033448
14.961199999999998,1.4961199999999997e-05,0.020319950458170366,0.004718319442038588
14.962000000000003,1.4962000000000003e-05,-0.02660829124052355,0.005533002827339197
14.962799999999994,1.4962799999999993e-05,-0.012310742802159158,0.006354119296015214
14.9636,1.4963599999999998e-05,0.03323453660769293,0.0071774566552426
14.964399999999998,1.4964399999999997e-05,0.015884143033714104,0.00799890612905144
14.965200000000003,1.4965200000000002e-05,0.018348585730773248,0.008814498999315053
14.965999999999994,1.4965999999999994e-05,0.04669931954417994,0.009620441652840202
14.9668,1.4966799999999999e-05,0.03131329280329864,0.010413148570224039
14.967599999999997,1.4967599999999997e-05,-0.017948698332124757,0.01118927283490237
14.968400000000003,1.4968400000000002e-05,0.01558020131591431,0.011945733826762431
14.969199999999994,1.4969199999999992e-05,0.01832626787364411,0.012679741844854209
14.969999999999999,1.4969999999999999e-05,0.06085690779939301,0.013388819428413818
14.970799999999997,1.4970799999999996e-05,0.010843668353651026,0.014070819114747429
14.971599999999995,1.4971599999999994e-05,-0.008461257299041014,0.014723937346578508
14.9724,1.49724e-05,0.05271895226939738,0.015346724264828776
14.973199999999999,1.4973199999999998e-05,0.05625484981173612,0.015938089170270366
14.974000000000004,1.4974000000000003e-05,0.06378681391180485,0.01649730147265175
14.974799999999995,1.4974799999999994e-05,0.023407028722335688,0.01702398699909753
14.9756,1.49756e-05,0.037053382184992545,0.01751811966579598
14.976399999999998,1.4976399999999998e-05,0.0016743533384109277,0.01798000872450501
14.977200000000003,1.4977200000000003e-05,0.02463130617373932,0.018410282000925756
14.977999999999994,1.4977999999999994e-05,0.021801641907273073,0.01880986567086703
14.9788,1.49788e-05,0.00664863078981448,0.01917996115361123
14.979599999999998,1.4979599999999996e-05,0.011722393744236448,0.01952201966650588
14.980400000000003,1.4980400000000003e-05,0.05042510968126834,0.019837714914108153
14.981199999999994,1.4981199999999993e-05,0.03431336866733026,0.02012891430089736
14.982,1.4981999999999998e-05,0.02048903788141565,0.020397648982714338
14.982799999999997,1.4982799999999997e-05,0.035157293097802134,0.020646083039929493
14.983600000000003,1.4983600000000002e-05,0.0012527692945887292,0.02087648207150286
14.984399999999994,1.4984399999999993e-05,0.021538742700959013,0.02109118153896671
14.985199999999999,1.4985199999999998e-05,0.05145382081790273,0.02129255518998357
14.985999999999997,1.4985999999999997e-05,0.043480791676827724,0.021482983851858838
14.986800000000002,1.4986800000000002e-05,0.016414858823564304,0.021664824838095523
14.987599999999993,1.4987599999999994e-05,0.029532577013518413,0.021840382201397866
14.988399999999999,1.4988399999999999e-05,0.04007445173189317,0.022011878103736622
14.989199999999997,1.4989199999999995e-05,0.0144546530247317,0.02218142562204939
14.990000000000002,1.499e-05,0.04582986107647635,0.022351003334438325
14.9908,1.4990799999999999e-05,0.02885792851768665,0.022522432038839194
14.991599999999998,1.4991599999999997e-05,0.009943002128706135,0.022697353960153963
14.992400000000004,1.4992400000000002e-05,0.005534241427266329,0.022877214806410372
14.993199999999995,1.4993199999999994e-05,0.020454236921302105,0.023063249023295332
14.994,1.4993999999999999e-05,0.03995964626591564,0.023256468541802505
14.994799999999998,1.4994799999999997e-05,0.03945957040192394,0.02345765520934344
14.995600000000003,1.4995600000000003e-05,0.03026302015233273,0.02366735697894727
14.996399999999994,1.4996399999999994e-05,0.019846921317055344,0.02388588785741045
14.9972,1.49972e-05,-0.02520376743731023,0.02411333159422275
14.997999999999998,1.4997999999999998e-05,0.06719391019959675,0.02434954908523036
14.998800000000003,1.4998800000000003e-05,0.030447239027032613,0.024594189411478142
14.999599999999994,1.4999599999999993e-05,0.028250612913439777,0.024846704328172618
15.000399999999999,1.5000399999999998e-05,0.007587691177674993,0.025106365916011255
15.001199999999997,1.5001199999999996e-05,0.01644833560932779,0.02537228705171929
15.002000000000002,1.5002000000000001e-05,0.08314753420748922,0.025643444323038025
15.002799999999993,1.5002799999999993e-05,0.011245203568856388,0.025918702962919482
15.003599999999999,1.5003599999999998e-05,0.023766008740330635,0.026196843321125533
15.004399999999997,1.5004399999999996e-05,0.055004849811736034,0.02647658837256621
15.005200000000002,1.5005200000000002e-05,0.012540407114677077,0.02675663178090202
15.005999999999993,1.5005999999999993e-05,0.06549111839856314,0.027035666055570125
15.006799999999998,1.5006799999999998e-05,0.029638304068038912,0.027312410346960275
15.007599999999996,1.5007599999999995e-05,0.05293059488985319,0.027585637438472924
15.008400000000002,1.5008400000000002e-05,0.033014760430042256,0.027854199534116747
15.0092,1.5009199999999999e-05,0.039342684418798846,0.02811705250522411
15.009999999999998,1.5009999999999997e-05,0.051839847558784014,0.028373278335209744
15.010800000000003,1.5010800000000002e-05,0.03300227732715755,0.028622105571942044
15.011600000000001,1.50116e-05,0.03572072933051851,0.028862927659589185
15.0124,1.5012399999999999e-05,0.02792019230411613,0.029095319079097553
15.013199999999998,1.5013199999999997e-05,0.035127977346303574,0.029319049273313448
15.014000000000003,1.5014000000000002e-05,0.04022197764080693,0.029534094355231265
15.014799999999994,1.5014799999999994e-05,-0.00654833556320622,0.02974064659055195
15.0156,1.5015599999999999e-05,0.03672655477853115,0.02993912161349965
15.016399999999997,1.5016399999999997e-05,0.04910399507538654,0.030130163275488727
15.017200000000003,1.5017200000000003e-05,0.05880705125185648,0.030314645936334844
15.017999999999994,1.5017999999999992e-05,0.04261417006912893,0.030493673915384295
15.018799999999999,1.5018799999999998e-05,0.04204581645926031,0.030668577780327756
15.019599999999997,1.5019599999999996e-05,0.06608935559136297,0.03084090719118269
15.020400000000002,1.5020400000000001e-05,0.04892601775212879,0.031012420110630733
15.021199999999993,1.5021199999999993e-05,0.022064541113587133,0.031185068304191738
15.021999999999998,1.5021999999999998e-05,0.038241534501992636,0.031360979169463364
15.022799999999997,1.5022799999999996e-05,0.05003624608038215,0.031542434036934894
15.023600000000002,1.5023600000000001e-05,0.033706241574488094,0.03173184314988579
15.024399999999993,1.5024399999999993e-05,0.038739529848846876,0.031931717553209324
15.025199999999998,1.5025199999999998e-05,0.03639613416920762,0.03214463812555335
15.025999999999996,1.5025999999999996e-05,0.0769803755733981,0.032373221996095464
15.026800000000001,1.5026800000000002e-05,0.07176267991289476,0.032620086602527326
15.027599999999993,1.5027599999999991e-05,0.06581870214788188,0.0328878116912718
15.028399999999998,1.5028399999999997e-05,0.037965395849936745,0.03317889967207194
15.029200000000003,1.5029200000000002e-05,-0.009799583873494666,0.03349573492345215
15.030000000000001,1.503e-05,0.062269753671195915,0.03384054284379883
15.0308,1.5030799999999998e-05,0.06482535980275361,0.03421534956574711
15.031599999999997,1.5031599999999997e-05,0.022099342073670702,0.03462194326548715
15.032400000000003,1.5032400000000002e-05,0.02873820567455665,0.03506183795954235
15.0332,1.50332e-05,-0.010024277428327788,0.035536240657313714
15.033999999999999,1.5033999999999999e-05,0.013896134169207652,0.03604602271498172
15.034799999999997,1.5034799999999997e-05,0.034081865729632344,0.03659169614309749
15.035600000000002,1.5035600000000002e-05,0.09555845129013796,0.037173395423435764
15.0364,1.50364e-05,0.04140729309780211,0.03779086514712675
15.037199999999999,1.5037199999999997e-05,0.013169284233255585,0.03844345360323239
15.037999999999997,1.5037999999999996e-05,0.005785413873523271,0.03913011238629213
15.038800000000002,1.50388e-05,0.03185233066163862,0.03984940209862597
15.039599999999993,1.5039599999999992e-05,0.06300776253574247,0.04059950417980172
15.040399999999998,1.5040399999999997e-05,0.08134941793766226,0.04137823875062574
15.041199999999996,1.5041199999999996e-05,-0.004920630890914657,0.04218308818054929
15.042000000000002,1.5042000000000001e-05,0.05203673804781328,0.04301122597313248
15.042799999999993,1.5042799999999993e-05,0.020384635001175266,0.043859550525913546
15.043599999999998,1.5043599999999998e-05,0.04141069778923956,0.044724723283242826
15.044399999999996,1.5044399999999996e-05,0.08693233516757282,0.0456032107016693
15.045200000000001,1.5045200000000001e-05,0.05623272046597194,0.04649132930668636
15.045999999999992,1.5045999999999991e-05,0.09676608460433223,0.047385293008472495
15.046799999999998,1.5046799999999996e-05,0.07559400859307897,0.04828126182439621
15.047600000000003,1.5047600000000001e-05,0.017122984105149675,0.049175391243279444
15.0484,1.50484e-05,0.02476483629404369,0.05006388162175145
15.049199999999999,1.5049199999999998e-05,0.004746111639716943,0.05094302714066822
15.049999999999997,1.5049999999999997e-05,0.06684192807593148,0.05180926387124821
15.050800000000002,1.5050800000000002e-05,0.08093766864815444,0.052659216363871296
15.0516,1.50516e-05,0.11596131067963655,0.053489741941624064
15.052399999999999,1.5052399999999998e-05,0.08056752970159509,0.05429797169412132
15.053199999999997,1.5053199999999997e-05,0.06461314935083518,0.05508134714040028
15.054000000000002,1.5054000000000002e-05,0.07222455012538542,0.055837651675622255
15.0548,1.50548e-05,0.10394341823216569,0.0565650361492425
15.055599999999998,1.5055599999999997e-05,0.08897254547222955,0.05726203814468103
15.056399999999996,1.5056399999999995e-05,0.04677100198148443,0.05792759471573725
15.057200000000002,1.50572e-05,0.0823087156655743,0.05856104851299653
15.058,1.5057999999999999e-05,0.06345223226818641,0.05916214741196674
15.058799999999998,1.5058799999999997e-05,0.07254872918326671,0.059731037898648094
15.059599999999996,1.5059599999999996e-05,0.044236201021410904,0.060268252554350525
15.060400000000001,1.50604e-05,0.12168267540700062,0.060774692024039144
15.061199999999992,1.5061199999999992e-05,0.03460350310796545,0.06125160187556242
15.061999999999998,1.5061999999999997e-05,0.045203064475045296,0.06170054477890649
15.062799999999996,1.5062799999999996e-05,0.09658867511249714,0.06212336846132865
15.063600000000001,1.5063600000000001e-05,0.08216743130810278,0.06252216990778994
15.064399999999992,1.506439999999999e-05,0.09561897479884796,0.0628992562632123
15.065199999999997,1.5065199999999996e-05,0.0850757759061832,0.06325710289013689
15.065999999999995,1.5065999999999994e-05,0.05317949830755786,0.06359830909594567
15.0668,1.50668e-05,0.05072129716194107,0.06392555216620656
15.067599999999999,1.5067599999999998e-05,0.0609514759253289,0.06424154046186265
15.068399999999997,1.5068399999999996e-05,0.06300284515859034,0.06454896638927005
15.069200000000002,1.5069200000000001e-05,0.10244148944302145,0.06485046001211882
15.07,1.507e-05,0.04214038458518654,0.06514854398224654
15.070799999999998,1.5070799999999998e-05,0.1083527467650981,0.06544559038651383
15.071599999999997,1.5071599999999996e-05,0.12019682292360312,0.06574378007824715
15.072400000000002,1.5072400000000002e-05,-0.004045687214666249,0.06604506508868156
15.0732,1.50732e-05,0.037617574760566264,0.06635113478324876
15.073999999999998,1.5073999999999997e-05,0.03741652323725231,0.06666338649000833
15.074799999999996,1.5074799999999995e-05,0.10006178011757383,0.06698290128943912
15.075600000000001,1.50756e-05,0.04861356545426476,0.06731042546767946
15.0764,1.5076399999999998e-05,0.05041035754980161,0.06764635787261264
15.077199999999998,1.5077199999999997e-05,0.07978639780837538,0.06799074318839782
15.077999999999996,1.5077999999999995e-05,0.06951177184204427,0.06834327099104705
15.078800000000001,1.50788e-05,0.08109276028279044,0.06870328032803244
15.0796,1.5079599999999999e-05,0.08733859924849563,0.06906976946099007
15.080399999999997,1.5080399999999997e-05,0.07510774000625198,0.06944141034163545
15.081199999999995,1.5081199999999995e-05,0.07791243806694914,0.06981656737030897
15.082,1.5082e-05,0.09703257701351842,0.07019332000324868
15.082799999999992,1.508279999999999e-05,0.06888138203774097,0.07056948880912346
15.083599999999997,1.5083599999999996e-05,0.04027191005234487,0.07094266461424154
15.084399999999995,1.5084399999999994e-05,0.04129381180611447,0.07131024040471477
15.0852,1.50852e-05,0.10261057686626673,0.07166944563796898
15.085999999999999,1.5085999999999998e-05,0.10567533727326306,0.07201738252131885
15.086799999999997,1.5086799999999996e-05,0.06344182968244927,0.07235106366907088
15.087600000000002,1.5087600000000001e-05,0.12743033051441677,0.07266745044128069
15.0884,1.50884e-05,0.09880553856613161,0.07296349126260236
15.089199999999998,1.5089199999999998e-05,0.09060573535310612,0.0732361593109711
15.089999999999996,1.5089999999999996e-05,0.08788671551832261,0.07348248911596926
15.090800000000002,1.5090800000000001e-05,0.08974119426256466,0.07369961178592581
15.0916,1.50916e-05,0.033832773800482774,0.07388478875584434
15.092399999999998,1.5092399999999996e-05,0.07858784290563836,0.07403544407247448
15.093199999999996,1.5093199999999995e-05,0.13585482728224874,0.07414919527793337
15.094000000000001,1.5094e-05,0.014627901482301864,0.07422388292213046
15.0948,1.5094799999999998e-05,0.05913179814117042,0.07425759867118134
15.095599999999997,1.5095599999999997e-05,0.06621664416022521,0.07424871192207304
15.096399999999996,1.5096399999999995e-05,0.08162347607258069,0.07419589475664685
15.0972,1.50972e-05,0.1087811401917953,0.07409814492848742
15.097999999999999,1.5097999999999998e-05,0.0771931538567392,0.07395480640822286
15.098799999999997,1.5098799999999997e-05,0.10192060840754558,0.07376558690161263
15.099599999999995,1.5099599999999995e-05,0.14771970861222472,0.07353057174644839
15.1004,1.51004e-05,0.05849819215686436,0.07325023367813566
15.101199999999999,1.5101199999999999e-05,0.08576517653347171,0.07292543810847357
15.101999999999997,1.5101999999999995e-05,0.02595090809389633,0.0725574437597164
15.102799999999995,1.5102799999999994e-05,0.07813221424459982,0.0721478986687013
15.1036,1.5103599999999999e-05,0.1166512791383546,0.07169883164123425
15.104400000000005,1.5104400000000004e-05,0.11204354743067824,0.0712126391833652
15.105199999999996,1.5105199999999996e-05,0.07448869764198784,0.07069206785433167
15.106000000000002,1.5106e-05,0.08531995045817042,0.07014019198899402
15.1068,1.5106799999999999e-05,0.09064204899890427,0.06956038685308671
15.107599999999998,1.5107599999999997e-05,0.06236432179713214,0.06895629745483577
15.108399999999996,1.5108399999999996e-05,0.07014462148348277,0.06833180336698595
15.109200000000001,1.5109200000000001e-05,0.111055122462702,0.06769097999187887
15.11,1.511e-05,0.10233576238849085,0.06703805674375163
15.110799999999998,1.5110799999999998e-05,0.04291792327553401,0.06637737266065542
15.111599999999996,1.5111599999999994e-05,0.0716575206897968,0.06571333003098383
15.112400000000001,1.51124e-05,0.07591535079095535,0.0650503467222548
15.113199999999999,1.5113199999999998e-05,0.050365154003991,0.06439280797652576
15.113999999999997,1.5113999999999996e-05,0.055479203127101306,0.06374501844592605
15.114799999999995,1.5114799999999995e-05,0.07988796382861107,0.06311115519474278
15.1156,1.51156e-05,0.04859767765995271,0.062495222318860365
15.116399999999999,1.5116399999999998e-05,0.062134710865176856,0.061901007744753336
15.117199999999997,1.5117199999999996e-05,0.05293816061558543,0.06133204268011593
15.117999999999995,1.5117999999999995e-05,0.06860240652567029,0.06079156410047703
15.1188,1.51188e-05,0.0788494179376622,0.06028248056480705
15.119599999999998,1.5119599999999998e-05,0.09142318089212409,0.05980734156396431
15.120399999999997,1.5120399999999995e-05,0.0839044562377973,0.05936831054833942
15.121199999999995,1.5121199999999993e-05,0.043305462702139974,0.05896714178771581
15.122,1.5121999999999999e-05,0.035896626136628695,0.05860516128745677
15.122799999999998,1.5122799999999997e-05,0.08466743130810284,0.058283252070639745
15.123599999999996,1.5123599999999995e-05,0.08190377575893149,0.05800184416800277
15.124400000000001,1.51244e-05,0.018787570254702124,0.05776090961968962
15.1252,1.5125199999999999e-05,0.057981283644248705,0.05755996273152144
15.126000000000005,1.5126000000000004e-05,0.02034983404106172,0.05739806577657289
15.126799999999996,1.5126799999999996e-05,0.07440377575893142,0.0572738402574873
15.127600000000001,1.51276e-05,0.04992276478869462,0.057185483705322296
15.1284,1.5128399999999999e-05,0.09494148944302139,0.057130791806483186
15.129199999999997,1.5129199999999997e-05,0.03861640231427943,0.057107185484437904
15.129999999999995,1.5129999999999994e-05,0.05846131067963356,0.057111742464863315
15.1308,1.51308e-05,0.012630057863450839,0.05714123281540205
15.131599999999999,1.5131599999999998e-05,0.1265086706066031,0.057192157921543176
15.132399999999997,1.5132399999999996e-05,0.07240820116866264,0.05726079229226994
15.133199999999995,1.5133199999999994e-05,0.043344424696508344,0.0573432275033195
15.134,1.5134e-05,0.07358784290563825,0.05743541755043778
15.134799999999998,1.5134799999999998e-05,0.06974951633115445,0.057533224923481216
15.135599999999997,1.5135599999999996e-05,0.05741576689438499,0.057632466772772846
15.136399999999995,1.5136399999999995e-05,0.11814885838177924,0.05772896057390259
15.1372,1.51372e-05,0.03911647817824104,0.057818568719691585
15.137999999999998,1.5137999999999998e-05,0.059852406525670254,0.0578972415162591
15.138799999999996,1.5138799999999996e-05,0.08970223226818641,0.057961058140617555
15.139599999999994,1.5139599999999993e-05,0.04904479574096665,0.058006265197882635
15.1404,1.5140399999999998e-05,0.09784907769823437,0.05802931256767045
15.141199999999998,1.5141199999999997e-05,0.09350159684830184,0.05802688626296009
15.141999999999996,1.5141999999999995e-05,0.04487472438286921,0.0579959380776385
15.142800000000001,1.51428e-05,0.036875972693157566,0.057933711891363274
15.1436,1.5143599999999998e-05,0.08496229461449567,0.05783776660941268
15.144400000000005,1.5144400000000004e-05,0.0586281290742966,0.057705995784969696
15.145199999999996,1.5145199999999995e-05,0.05274826802086596,0.0575366439696461
15.146,1.5146e-05,0.0856787419647006,0.05732831979484761
15.146799999999999,1.5146799999999999e-05,0.07553140456722163,0.05708000575131068
15.147600000000004,1.5147600000000004e-05,0.06439961472463662,0.05679106462792516
15.148399999999995,1.5148399999999994e-05,0.05969863906531414,0.0564612425972321
15.1492,1.51492e-05,0.05452122957344929,0.0560906689895174
15.149999999999999,1.5149999999999997e-05,0.03298752519566095,0.055679852853904976
15.150799999999997,1.5150799999999996e-05,0.05269398606359832,0.05522967642395657
15.151599999999995,1.5151599999999994e-05,0.053404191862360895,0.05474138556263182
15.1524,1.5152399999999999e-05,0.06448586078197294,0.05421657716090675
15.153199999999998,1.5153199999999997e-05,0.07778231263808211,0.05365718333740967
15.153999999999996,1.5153999999999996e-05,0.08267866610069896,0.05306545218067776
15.154799999999994,1.5154799999999994e-05,0.10247269720023278,0.05244392473372096
15.1556,1.51556e-05,0.04925000829857551,0.051795407966378576
15.156399999999998,1.5156399999999998e-05,0.0965260710866398,0.051122943614031136
15.157199999999996,1.5157199999999996e-05,0.07889254096633547,0.05042977295319318
15.157999999999994,1.5157999999999993e-05,0.05712563245371971,0.049719297793855845
15.1588,1.5158799999999998e-05,0.07505345804898433,0.04899503817001764
15.159599999999998,1.5159599999999996e-05,0.05553197239865415,0.0482605873971773
15.160399999999996,1.5160399999999995e-05,0.06495113568589117,0.04751956532962476
15.161200000000001,1.51612e-05,-0.009025449874584535,0.04677557077767164
15.161999999999999,1.5161999999999998e-05,0.06647595016366703,0.04603213412252653
15.162800000000004,1.5162800000000003e-05,0.08110240652567025,0.0452926711749774
15.163599999999995,1.5163599999999995e-05,0.018999592195115933,0.04456043925942503
15.1644,1.51644e-05,0.001462710717955118,0.04383849641053577
15.165199999999999,1.5165199999999998e-05,0.017021418084884,0.04312966449043243
15.166000000000004,1.5166000000000004e-05,0.05885074211195218,0.04243649694006355
15.166799999999995,1.5166799999999993e-05,0.0598573239028225,0.04176125170706495
15.1676,1.51676e-05,0.017309851328459636,0.04110586966110835
15.168399999999998,1.5168399999999997e-05,0.0653831223154504,0.04047195860720826
15.169200000000004,1.5169200000000002e-05,-0.018019056595179217,0.03986078288896952
15.169999999999995,1.5169999999999994e-05,0.04742749365441201,0.039273258499960176
15.1708,1.5170799999999999e-05,0.028314352602152315,0.038709953524385055
15.171599999999998,1.5171599999999997e-05,0.08979944874269252,0.03817109357813373
15.172400000000003,1.5172400000000002e-05,0.04300284515859032,0.0376565717503851
15.173199999999994,1.5173199999999994e-05,0.058541126674132915,0.037165962426954566
15.174,1.5173999999999999e-05,0.02662271972968333,0.036698538360405084
15.174799999999998,1.5174799999999997e-05,0.046522477883737534,0.03625329041820975
15.175599999999996,1.5175599999999996e-05,0.0578233551496079,0.0358289495202742
15.176399999999994,1.5176399999999992e-05,0.04921520733853202,0.03542401032266185
15.1772,1.51772e-05,0.0411385316600037,0.03503675622270602
15.177999999999997,1.5177999999999996e-05,0.03769531023784822,0.03466528528565188
15.178799999999995,1.5178799999999994e-05,0.03358292552851594,0.03430753673560624
15.1796,1.51796e-05,0.0709270775509826,0.033961317692993875
15.180399999999999,1.5180399999999998e-05,0.017595256903337297,0.03362432985894609
15.181200000000004,1.5181200000000003e-05,0.04099043791966739,0.03329419585354142
15.181999999999995,1.5181999999999995e-05,0.07167416482697608,0.03296848492698182
15.1828,1.51828e-05,0.03256518480901127,0.03264473778192503
15.183599999999998,1.5183599999999998e-05,0.02325174857629486,0.03232049026988744
15.184400000000004,1.5184400000000003e-05,0.0063055385661016095,0.03199329576001353
15.185199999999995,1.5185199999999995e-05,0.07841591862238817,0.03166074600757986
15.186,1.5186e-05,0.032019149056301766,0.03132049033582438
15.186799999999998,1.5186799999999997e-05,0.08045896578705969,0.030970252892528787
15.187600000000003,1.5187600000000003e-05,0.06280595466956107,0.030607847715770124
15.188399999999994,1.5188399999999993e-05,0.036946142444707286,0.030231191400972725
15.1892,1.5189199999999999e-05,0.05311065273025828,0.029838313307006904
15.189999999999998,1.5189999999999997e-05,0.002947050515597849,0.0294273634272783
15.190800000000003,1.5190800000000002e-05,0.03444198141041244,0.028996618219625195
15.191599999999994,1.5191599999999994e-05,0.018004169332840325,0.028544484784239942
15.1924,1.5192399999999999e-05,0.057830920875300174,0.028069503783534247
15.193199999999997,1.5193199999999997e-05,0.07145363230646795,0.027570351438597006
15.194000000000003,1.5194000000000002e-05,0.03637986935201609,0.02704584087746245
15.194799999999994,1.5194799999999992e-05,-0.008984595874563572,0.02649492311563329
15.195599999999999,1.5195599999999999e-05,0.028776979157530413,0.025916688027809297
15.196399999999997,1.5196399999999996e-05,0.048364473525125296,0.025310365753324522
15.197199999999995,1.5197199999999994e-05,0.0009876010596925333,0.024675328988455286
15.198,1.5198e-05,-0.0048324928278955515,0.024011096551969785
15.198799999999999,1.5198799999999998e-05,0.02800000829854543,0.023317338511943064
15.199600000000004,1.5199600000000003e-05,-0.010155915542919502,0.022593883044829136
15.200399999999995,1.5200399999999994e-05,0.013962710717955074,0.021840725039537795
15.2012,1.52012e-05,0.01149467481799371,0.021058036258447595
15.201999999999998,1.5201999999999998e-05,0.024476026027698605,0.02024617664958213
15.202800000000003,1.5202800000000003e-05,0.04044913103274517,0.019405706195581636
15.203599999999994,1.5203599999999995e-05,0.08271271071792508,0.01853739651353692
15.2044,1.52044e-05,0.03371853616596776,0.017642241325667742
15.205199999999998,1.5205199999999996e-05,0.012785717329549584,0.016721464942762908
15.206000000000003,1.5206000000000003e-05,0.0852857173295195,0.01577652804022378
15.206799999999994,1.5206799999999993e-05,0.07383126111476812,0.014809130208717151
15.2076,1.5207599999999998e-05,-0.003896269300009747,0.013821208979288919
15.208399999999997,1.5208399999999997e-05,0.02391542665495705,0.012814935259650655
15.209200000000003,1.5209200000000002e-05,-0.019632953990266322,0.011792705373727643
15.209999999999994,1.5209999999999993e-05,0.014957377237303393,0.010757130101882999
15.210799999999999,1.5210799999999998e-05,0.006801453395838375,0.009711021195171816
15.211599999999997,1.5211599999999997e-05,0.020622379490285447,0.008657375782622281
15.212400000000002,1.5212400000000002e-05,-0.003576251276453335,0.007599358974140002
15.213199999999993,1.5213199999999994e-05,-0.011396269300009698,0.00654028484958865
15.213999999999999,1.5213999999999999e-05,0.025676661447553095,0.005483595936243004
15.214799999999997,1.5214799999999995e-05,0.007729354855134485,0.004432841193385686
15.215600000000002,1.52156e-05,0.05044572634127786,0.0033916524338693313
15.2164,1.5216399999999999e-05,0.02739344903722607,0.0023637190469143615
15.217199999999998,1.5217199999999997e-05,0.020080504771870733,0.0013527608910482124
15.218000000000004,1.5218000000000002e-05,0.01272935485513449,0.0003624993205570762
15.218799999999995,1.5218799999999994e-05,-0.0010372892820449398,-0.0006033735348277905
15.2196,1.5219599999999999e-05,-0.011085329687870349,-0.0015412269575600622
15.220399999999998,1.5220399999999997e-05,-0.027333249170722884,-0.0024475249093318177
15.221200000000003,1.5221200000000003e-05,0.05349384261113477,-0.003318859960802778
15.221999999999994,1.5221999999999994e-05,0.009083001392447554,-0.00415198751030222
15.2228,1.52228e-05,0.00647443747791232,-0.004943859981083879
15.223599999999998,1.5223599999999998e-05,0.010199471272143268,-0.00569166069931349
15.224400000000003,1.5224400000000003e-05,0.004148442278379627,-0.006392837090755492
15.225199999999994,1.5225199999999993e-05,-0.00394071650303307,-0.007045132732990261
15.225999999999999,1.5225999999999998e-05,-0.003451043224738548,-0.0076466177132061205
15.226799999999997,1.5226799999999996e-05,-0.004923656262424192,-0.008195716688206726
15.227600000000002,1.5227600000000001e-05,0.007626464660548615,-0.008691234021463282
15.228399999999993,1.5228399999999993e-05,-0.031925660915540055,-0.009132375375421505
15.229199999999999,1.5229199999999998e-05,-0.03325907011287155,-0.009518765158412781
15.229999999999997,1.5229999999999996e-05,-0.008458041119008164,-0.009850459269733783
15.230800000000002,1.5230800000000002e-05,-0.02302189345515404,-0.010127952676642283
15.231599999999993,1.5231599999999993e-05,0.0032803079849662575,-0.01035218150316955
15.232399999999998,1.5232399999999998e-05,-0.012635110371445268,-0.01052451948330995
15.233199999999997,1.5233199999999995e-05,-0.018640935819458027,-0.010646768784029786
15.234000000000002,1.5234000000000002e-05,-0.02543980843214244,-0.010721145315833302
15.2348,1.5234799999999999e-05,-0.010803517315794875,-0.010750258737034477
15.235599999999998,1.5235599999999997e-05,0.004468460301936261,-0.01073708745375718
15.236400000000003,1.5236400000000002e-05,-0.010457208912149185,-0.01068494903219383
15.237200000000001,1.52372e-05,-0.014964698773879848,-0.010597466550756999
15.238,1.5237999999999999e-05,0.011219292508795276,-0.010478531499765773
15.238799999999998,1.5238799999999997e-05,0.011049448742722512,-0.010332263882551453
15.239600000000003,1.5239600000000002e-05,-0.0017126941207640245,-0.01016297019434087
15.240399999999994,1.5240399999999994e-05,0.019414746176061204,-0.009975099948978543
15.2412,1.5241199999999999e-05,-0.015176152883001004,-0.009773201377440095
15.241999999999997,1.5241999999999997e-05,-0.00024367428598071061,-0.0095618768450919
15.242800000000003,1.5242800000000003e-05,0.0036530952800356564,-0.009345738454377028
15.243599999999994,1.5243599999999992e-05,-0.001719692015033747,-0.009129364240752027
15.244399999999999,1.5244399999999998e-05,0.0037783033317504433,-0.008917255337524962
15.245199999999997,1.5245199999999996e-05,-0.003325835173023872,-0.008713794466050983
15.246000000000002,1.5246000000000001e-05,-0.020478014083623486,-0.008523206087446472
15.246799999999993,1.5246799999999993e-05,0.0031272968674076473,-0.008349518533473821
15.247599999999998,1.5247599999999998e-05,-0.01057825592956918,-0.00819652843358884
15.248399999999997,1.5248399999999996e-05,0.012588826840460365,-0.008067767781893428
15.249200000000002,1.5249200000000001e-05,0.015876956628009697,-0.00796647402952834
15.249999999999993,1.5249999999999993e-05,0.0020518694992678332,-0.007895563615075877
15.250799999999998,1.5250799999999998e-05,-0.006220940325322166,-0.007857609331998253
15.251599999999996,1.5251599999999996e-05,0.009491345990557898,-0.007854821877192046
15.252400000000002,1.5252400000000002e-05,0.03879854067183197,-0.007889035852879527
15.253199999999993,1.5253199999999991e-05,-0.00691374564404823,-0.007961700424743492
15.253999999999998,1.5253999999999997e-05,0.011878621041727655,-0.008073874760084407
15.254800000000003,1.5254800000000002e-05,-0.011325343205562777,-0.008226228260751676
15.255600000000001,1.52556e-05,0.008389439730894233,-0.008419045481342046
15.2564,1.5256399999999998e-05,-0.014607799273062438,-0.008652235523300286
15.257199999999997,1.5257199999999997e-05,-0.0012897859026217429,-0.008925345641118555
15.258000000000003,1.5258000000000002e-05,0.05431318015589559,-0.009237578778191948
15.2588,1.52588e-05,0.034186647929860814,-0.009587814737921026
15.259599999999999,1.52596e-05,-0.014315016483857135,-0.009974634642200945
15.260399999999997,1.5260399999999997e-05,-0.00491873888520189,-0.010396348190292129
15.261200000000002,1.5261200000000002e-05,-0.032809683003305556,-0.010851023025286781
15.262,1.5262e-05,-0.014573754655876514,-0.011336515334946708
15.262799999999999,1.52628e-05,-0.045897517610298255,-0.011850500744601741
15.263599999999997,1.5263599999999997e-05,-0.011562519863280274,-0.012390504617279037
15.264400000000002,1.5264400000000002e-05,-0.01937894468403456,-0.012953931023854809
15.265199999999993,1.526519999999999e-05,-0.011946466087014218,-0.013538089837928292
15.265999999999998,1.5266e-05,-0.03607965596792073,-0.014140221604555026
15.266799999999996,1.5266799999999994e-05,0.01024391847516637,-0.014757519999905572
15.267600000000002,1.52676e-05,0.0023002050855498446,-0.015387151834302153
15.268399999999993,1.526839999999999e-05,-0.037823678791844895,-0.01602627465612635
15.269199999999998,1.5269199999999996e-05,-0.02256758896846567,-0.016672052082324963
15.269999999999996,1.5269999999999994e-05,-0.005850233547400219,-0.01732166701912186
15.270800000000001,1.52708e-05,0.005650938898956626,-0.017972332978070365
15.271599999999992,1.527159999999999e-05,-0.0009037591617405694,-0.018621303755557754
15.272399999999998,1.5272399999999996e-05,-0.022850725514761305,-0.019265881795516113
15.273200000000003,1.52732e-05,0.007661833452054845,-0.01990342555480109
15.274000000000001,1.5274e-05,-0.022922407952135737,-0.020531356143303314
15.274799999999999,1.5274799999999998e-05,-0.038176985089860116,-0.021147163453160006
15.275599999999997,1.5275599999999997e-05,0.006151014762888263,-0.02174841195222968
15.276400000000002,1.52764e-05,-0.009184891055020294,-0.022332746308147695
15.2772,1.52772e-05,0.01777039736659025,-0.02289789702438001
15.277999999999999,1.5278e-05,-0.0544269850898601,-0.02344168627535919
15.278799999999997,1.5278799999999997e-05,0.008865305731984185,-0.023962034089781543
15.279600000000002,1.5279600000000002e-05,0.002964450995604606,-0.024456964958754213
15.2804,1.52804e-05,-0.020700627121309045,-0.02492461487608561
15.281199999999998,1.52812e-05,-0.01678437655803855,-0.025363238760033498
15.281999999999996,1.5281999999999997e-05,-0.05265043033430472,-0.025771218140348714
15.282800000000002,1.5282800000000002e-05,0.0015169926752227614,-0.02614706892951741
15.2836,1.52836e-05,-0.020104470445626688,-0.026489449070895562
15.284399999999998,1.52844e-05,-0.02723168315055713,-0.026797165881187378
15.285199999999996,1.5285199999999994e-05,0.002631382037770913,-0.027069182946005847
15.286000000000001,1.5286e-05,-0.03780552196901055,-0.027304626446628434
15.286799999999992,1.528679999999999e-05,-0.03392539654007365,-0.027502790787966514
15.287599999999998,1.5287599999999996e-05,-0.030592063206773545,-0.02766314338307055
15.288399999999996,1.5288399999999994e-05,-0.038006573492294526,-0.027785328457004946
15.289200000000001,1.52892e-05,-0.02328479266146799,-0.0278691697840909
15.289999999999992,1.528999999999999e-05,-0.02428437655803861,-0.027914672364962586
15.290799999999997,1.5290799999999996e-05,-0.02805669441526748,-0.027922023158351898
15.291599999999995,1.5291599999999994e-05,-0.00022967849734145673,-0.02789159107922895
15.2924,1.52924e-05,0.02351124309114161,-0.02782392654096961
15.293199999999999,1.5293199999999998e-05,0.000346240838259515,-0.0277197608349243
15.293999999999997,1.5293999999999996e-05,-0.04889551295718242,-0.027580005579504616
15.294800000000002,1.52948e-05,0.007448298825886157,-0.027405752327891098
15.2956,1.52956e-05,0.014071842463883044,-0.027198272246852777
15.296399999999998,1.5296399999999998e-05,-0.02978388459067749,-0.026959015630682544
15.297199999999997,1.5297199999999996e-05,-0.03134463569138213,-0.026689610900311404
15.298000000000002,1.5298e-05,-0.06522759798019395,-0.026391862631270094
15.2988,1.52988e-05,-0.0371244434102419,-0.02606774807526696
15.299599999999998,1.52996e-05,-0.04337936078746407,-0.025719411653165304
15.300399999999996,1.5300399999999997e-05,-0.00414176802631705,-0.02534915703049775
15.301200000000001,1.5301200000000002e-05,0.017311931845607087,-0.024959436592982016
15.302,1.5302e-05,-0.02851705194206333,-0.024552838328044516
15.302799999999998,1.53028e-05,-0.05315958460975334,-0.024132070214187347
15.303599999999996,1.5303599999999994e-05,-0.03607625127645331,-0.023699942219075367
15.304400000000001,1.5304400000000002e-05,-0.005149673991477255,-0.02325934598623186
15.3052,1.5305199999999997e-05,-0.02057958010388916,-0.022813232333639338
15.305999999999997,1.5305999999999995e-05,-0.0251642376115091,-0.02236458679881523
15.306799999999996,1.5306799999999994e-05,0.009769565159731153,-0.02191640357859904
15.3076,1.53076e-05,-0.027125199753169293,-0.021471658278923025
15.308399999999992,1.530839999999999e-05,-0.013818345311293112,-0.021033279910611075
15.309199999999997,1.5309199999999996e-05,-0.021543038866126185,-0.02060412256114152
15.309999999999995,1.5309999999999994e-05,-0.006979186529980308,-0.020186937159556703
15.3108,1.53108e-05,0.012046952122145571,-0.019784343749813565
15.311599999999999,1.5311599999999998e-05,-0.024728089947655074,-0.019398804694331716
15.312399999999997,1.5312399999999996e-05,-0.0045285511100257025,-0.019032599220042957
15.313200000000002,1.53132e-05,0.007014231679179583,-0.018687799679100982
15.314,1.5314e-05,-0.027326251276453384,-0.018366249838460108
15.314799999999998,1.5314799999999998e-05,-0.01751198283687805,-0.018069545456527836
15.315599999999996,1.5315599999999996e-05,-0.0067412535294353315,-0.017799017361109285
15.316400000000002,1.53164e-05,0.021391028280580593,-0.01755571721935044
15.3172,1.53172e-05,-0.0260526092450043,-0.017340406186408773
15.317999999999998,1.5317999999999998e-05,-0.023711105571077695,-0.017153546609770073
15.318799999999996,1.5318799999999996e-05,-0.0016181259948679916,-0.016995296930683343
15.319600000000001,1.53196e-05,-0.003183226641302217,-0.016865509884613664
15.3204,1.53204e-05,-0.01640591554291959,-0.016763734090620146
15.321199999999997,1.5321199999999998e-05,-0.03977613035348038,-0.016689219129935387
15.321999999999996,1.5321999999999997e-05,0.0623404912541784,-0.016640924224236606
15.3228,1.5322800000000002e-05,0.00577482277635144,-0.01661753062762853
15.323599999999999,1.5323599999999997e-05,0.01164560541830506,-0.016617457825019704
15.324399999999997,1.5324399999999995e-05,-0.017550944831286275,-0.016638883536530126
15.325199999999995,1.5325199999999993e-05,-0.03214392440749603,-0.016679767350682294
15.326,1.5326e-05,-0.0077226806030716855,-0.016737877616861276
15.326799999999999,1.5326799999999997e-05,-0.01547309670650121,-0.016810821109519525
15.327599999999997,1.5327599999999995e-05,-0.0034440453304689367,-0.016896074960560226
15.328399999999995,1.5328399999999994e-05,0.009003753229410827,-0.016991020400241842
15.3292,1.53292e-05,-0.014769888802038111,-0.01709297788901489
15.329999999999998,1.5329999999999997e-05,0.003518240985511234,-0.017199243225077515
15.330799999999996,1.5330799999999996e-05,-0.021429557574368485,-0.017307124172743937
15.331600000000002,1.53316e-05,-0.00480885079644644,-0.01741397709730913
15.3324,1.53324e-05,0.010841587836503574,-0.017517243039450164
15.333199999999998,1.5333199999999997e-05,-0.03035904758335095,-0.017614482626480917
15.333999999999996,1.5333999999999996e-05,-0.037702443262990215,-0.017703409190749343
15.334800000000001,1.53348e-05,-0.03153812148890389,-0.017781919446592576
15.3356,1.53356e-05,-0.010423732126355834,-0.01784812109547856
15.336399999999998,1.5336399999999998e-05,0.0065684377724156695,-0.017900356813988997
15.337199999999996,1.5337199999999996e-05,-0.04503827321696707,-0.017937224211390018
15.338000000000001,1.5338e-05,-0.021796103318095672,-0.01795759146471909
15.338799999999999,1.53388e-05,0.011455712823585484,-0.017960608421130213
15.339599999999997,1.5339599999999998e-05,-0.023553933419224293,-0.01794571302220302
15.340399999999995,1.5340399999999996e-05,-0.01473924887621958,-0.01791263297215884
15.3412,1.53412e-05,-0.047328899624993426,-0.017861382627385916
15.341999999999999,1.5341999999999996e-05,0.005577932287362253,-0.017792255124234532
15.342799999999997,1.5342799999999995e-05,-0.029851217482222303,-0.017705809815534712
15.343599999999995,1.5343599999999993e-05,0.0038938651406554836,-0.017602855173027038
15.3444,1.5344399999999998e-05,-0.02602537401065297,-0.017484427410138476
15.345199999999998,1.5345199999999997e-05,-0.045685874989842334,-0.01735176515526747
15.345999999999997,1.5345999999999995e-05,-0.027328899624993408,-0.01720628056239867
15.346799999999995,1.5346799999999993e-05,0.02544440216705779,-0.017049527319049147
15.3476,1.53476e-05,-0.009981342911059343,-0.016883166123583086
15.348399999999998,1.5348399999999997e-05,-0.020188635985885606,-0.016708928321523084
15.349199999999996,1.5349199999999995e-05,-0.01300789766661481,-0.01652857845328351
15.350000000000001,1.535e-05,-0.011397593474329781,-0.01634387646299625
15.3508,1.53508e-05,0.025514571918577422,-0.01615654029810875
15.351600000000005,1.5351600000000004e-05,0.018002088815692874,-0.015968209624099398
15.352399999999996,1.5352399999999996e-05,-0.006796103318095659,-0.01578041135862761
15.353200000000001,1.53532e-05,-0.03221693101909062,-0.015594527648862879
15.354,1.5354e-05,-0.0037687922197128243,-0.015411766780890753
15.354799999999997,1.5354799999999997e-05,-0.013114948895395218,-0.015233137386079005
15.355599999999995,1.5355599999999996e-05,0.0025591317690037974,-0.015059426254508632
15.3564,1.53564e-05,-0.00766915498863141,-0.014891180074227203
15.357199999999999,1.53572e-05,0.0024428136172715,-0.014728691436819201
15.357999999999997,1.5357999999999998e-05,0.012740513783699003,-0.014571989446332537
15.358799999999995,1.5358799999999996e-05,0.0068502501444912545,-0.014420835231379908
15.3596,1.53596e-05,0.007247435814036973,-0.014274722589942479
15.360399999999998,1.5360399999999996e-05,0.048587842905638334,-0.014132883890251606
15.361199999999997,1.5361199999999994e-05,-0.025461181435009417,-0.013994301206462102
15.361999999999995,1.5361999999999993e-05,0.0008979503109187714,-0.013857722486978882
15.3628,1.5362799999999998e-05,0.013605999728572349,-0.013721682354255853
15.363599999999998,1.5363599999999996e-05,-0.010971848396212791,-0.013584526956011866
15.364399999999996,1.5364399999999995e-05,-0.00083056403871129,-0.01344444215801045
15.365199999999994,1.5365199999999993e-05,-0.021716098812231577,-0.013299484280891909
15.366,1.5365999999999998e-05,-0.04160904758335093,-0.013147612522682947
15.366799999999998,1.5366799999999997e-05,-0.0014830831888087426,-0.012986722186023505
15.367599999999996,1.5367599999999995e-05,-0.008670063059521893,-0.012814677868696656
15.368400000000001,1.53684e-05,-0.04329576307869787,-0.012629345875857267
15.3692,1.53692e-05,0.0048469213170553305,-0.0124286252386601
15.370000000000005,1.5370000000000004e-05,0.015164102480636932,-0.012210476845160936
15.370799999999996,1.5370799999999995e-05,-0.04688991510116436,-0.011972950295216467
15.3716,1.53716e-05,-0.0130718258666922,-0.011714208174869331
15.372399999999999,1.53724e-05,-0.011752980289392534,-0.011432547507323795
15.373200000000004,1.5373200000000004e-05,-0.032758805737405305,-0.01112641820561299
15.373999999999995,1.5373999999999995e-05,0.02121040260878293,-0.010794438456023379
15.3748,1.53748e-05,-0.041358442968486675,-0.01043540709109877
15.375599999999999,1.53756e-05,0.03250693032888363,-0.010048313132607902
15.376399999999997,1.5376399999999997e-05,0.01837922565659189,-0.009632342774745766
15.377199999999995,1.5377199999999996e-05,-0.0018649488953952353,-0.009186884122345945
15.378,1.5378e-05,0.011996263367680116,-0.008711529982585883
15.378799999999998,1.53788e-05,0.0005467245301508106,-0.008206078929538483
15.379599999999996,1.5379599999999994e-05,-0.022911060512036507,-0.007670534749847401
15.380399999999995,1.5380399999999993e-05,-0.02957640300441644,-0.007105104283265986
15.3812,1.5381199999999998e-05,-0.005560666938127623,-0.006510193633255059
15.381999999999998,1.5381999999999996e-05,0.047136791382324295,-0.0058864027606194995
15.382799999999996,1.5382799999999994e-05,0.0034306707538848125,-0.005234518568892899
15.383599999999994,1.5383599999999993e-05,-0.008660228305177431,-0.004555506674312523
15.3844,1.5384399999999998e-05,-0.003414729578970155,-0.0038505020593352767
15.385199999999998,1.5385199999999996e-05,-0.017806657631795897,-0.003120798749102476
15.385999999999996,1.5385999999999995e-05,0.05157127463246047,-0.002367838600266003
15.386800000000001,1.53868e-05,0.006371735794861166,-0.0015931992947336388
15.387599999999999,1.5387599999999998e-05,-0.0033882506874464147,-0.0007985816529965718
15.388400000000004,1.5388400000000003e-05,0.026552549978163698,1.4203635499067608e-05
15.389199999999995,1.5389199999999995e-05,-0.004890747308023302,0.0008432498327653028
15.39,1.539e-05,-0.004476917501398114,0.001686568563843974
15.390799999999999,1.53908e-05,0.02678348508433892,0.0025421049038926846
15.391600000000004,1.5391600000000004e-05,-0.01641972282012405,0.0034077532340196196
15.392399999999995,1.5392399999999995e-05,-0.0076753965400735424,0.004281373939896901
15.3932,1.53932e-05,0.03281030421529074,0.005160810985933498
15.393999999999998,1.5394e-05,-0.04665065792629941,0.006043910334264119
15.394800000000004,1.5394800000000004e-05,0.0069344156847501726,0.006928539089195338
15.395599999999995,1.5395599999999995e-05,0.06899618750371861,0.007812605134621918
15.3964,1.53964e-05,0.010065373320446103,0.008694076904907472
15.397199999999998,1.53972e-05,0.03454997749355515,0.009571002829548434
15.398000000000003,1.5398000000000004e-05,-0.027696769543040567,0.010441529975212124
15.398799999999994,1.5398799999999992e-05,0.04278514949808687,0.011303921475108086
15.3996,1.5399599999999997e-05,0.0593050465987105,0.012156572411398012
15.400399999999998,1.5400399999999996e-05,0.03212846931376456,0.012998023849570505
15.401199999999996,1.5401199999999994e-05,0.0011067560713997615,0.013826974751593741
15.401999999999994,1.5401999999999992e-05,0.06992408896297453,0.014642291579117575
15.4028,1.5402799999999998e-05,0.03135849634911925,0.015443015535644377
15.403599999999997,1.5403599999999996e-05,0.045143297309192754,0.016228367541951123
15.404399999999995,1.5404399999999994e-05,-0.05179667114948838,0.016997751178511763
15.4052,1.54052e-05,-0.007723248434464369,0.017750753960686937
15.405999999999999,1.5405999999999998e-05,0.047654456237797294,0.018487147381547
15.406800000000004,1.5406800000000003e-05,-0.00037001800058067413,0.019206886091805812
15.407599999999995,1.5407599999999995e-05,0.0008410200051109928,0.01991010640197889
15.4084,1.54084e-05,0.05975859474260148,0.020597124085990355
15.409199999999998,1.5409199999999998e-05,0.07519814709789319,0.021268431310492872
15.410000000000004,1.5410000000000003e-05,-0.004868429450794243,0.02192469242705362
15.410799999999995,1.5410799999999995e-05,0.03028723001520439,0.02256673835877251
15.4116,1.54116e-05,0.032688500855013514,0.02319555938570049
15.412399999999998,1.54124e-05,0.03165978971837913,0.023812296222748268
15.413200000000003,1.5413200000000003e-05,0.03829373594211294,0.02441822932540148
15.413999999999994,1.5413999999999995e-05,0.03468634447386443,0.025014766357567286
15.4148,1.54148e-05,0.042703820817902804,0.02560342775583586
15.415599999999998,1.54156e-05,0.044885883311463703,0.026185830347187283
15.416400000000003,1.5416400000000004e-05,0.05253132870322996,0.026763669021441533
15.417199999999994,1.5417199999999992e-05,0.05748896201741416,0.02733869652551467
15.418,1.5417999999999997e-05,0.05082778055932902,0.027912701540933376
15.418799999999997,1.5418799999999995e-05,0.04384109586907259,0.028487485334776505
15.419600000000003,1.54196e-05,0.011245203568856388,0.029064837429729578
15.420399999999994,1.5420399999999992e-05,0.02621172678306294,0.0296465108916375
15.421199999999999,1.5421199999999997e-05,0.06800360150144769,0.030234197938271118
15.421999999999997,1.5421999999999996e-05,-0.03453876518432819,0.0308295066027707
15.422799999999995,1.5422799999999994e-05,0.0458431005222284,0.03143393915034543
15.4236,1.54236e-05,0.01247988360596708,0.032048872870030026
15.424399999999999,1.5424399999999998e-05,0.041019753671195924,0.032675543744673574
15.425200000000004,1.5425200000000003e-05,0.055495279432858036,0.033315033344359854
15.425999999999995,1.5425999999999994e-05,0.05262873368916077,0.03396825913136217
15.4268,1.54268e-05,-0.022967990817944206,0.03463596826016664
15.427599999999998,1.5427599999999998e-05,0.01577974015347361,0.035318734912234355
15.428400000000003,1.5428400000000003e-05,0.0644052884446562,0.03601696116640893
15.429199999999994,1.5429199999999995e-05,0.022249704842589146,0.03673088130100689
15.43,1.543e-05,0.030692926264744624,0.037460569249937466
15.430799999999998,1.5430799999999998e-05,0.053074527595894705,0.03820594876176472
15.431600000000003,1.5431600000000003e-05,0.05303008039294144,0.038966805687695574
15.432399999999994,1.5432399999999995e-05,0.05874236670885169,0.03974280174636238
15.4332,1.54332e-05,0.019758026911178783,0.0405334890696885
15.433999999999997,1.5433999999999998e-05,0.11336050100226513,0.04133832483030364
15.434800000000003,1.5434800000000003e-05,0.05806904238730992,0.04215668528274554
15.435599999999994,1.543559999999999e-05,0.024861673448551946,0.04298787861377729
15.436399999999999,1.5436399999999997e-05,0.06391901985782933,0.043831156100176454
15.437199999999997,1.5437199999999995e-05,0.08895041612647536,0.044685721200639225
15.438000000000002,1.5438e-05,0.07705754321928748,0.045550736319565605
15.438799999999993,1.5438799999999992e-05,0.07085425945082291,0.04642532707169284
15.439599999999999,1.5439599999999997e-05,0.07830905590500226,0.04730858399995222
15.440399999999997,1.5440399999999995e-05,0.06501676508319798,0.04819956188479572
15.441200000000002,1.54412e-05,0.015440429644167697,0.049097277000278515
15.442,1.5442e-05,0.03978450580266257,0.05000070286355175
15.442799999999998,1.5442799999999997e-05,0.062419360097257015,0.050908765137367196
15.443600000000004,1.5443600000000002e-05,0.029911794371524802,0.05182033634667916
15.444399999999995,1.5444399999999994e-05,0.07379248763182455,0.05273423097613881
15.4452,1.54452e-05,0.04922863529567867,0.05364920138502553
15.445999999999998,1.5445999999999997e-05,0.06590646089094321,0.05456393486286046
15.446800000000003,1.5446800000000003e-05,0.02331113642214966,0.05547705206912478
15.447599999999994,1.5447599999999994e-05,0.04534018779822202,0.05638710704204082
15.4484,1.54484e-05,0.08585709631082772,0.057292588893576926
15.449199999999998,1.5449199999999998e-05,0.08651718118662743,0.0581919252060947
15.450000000000003,1.5450000000000003e-05,0.06360259503710497,0.05908348703295657
15.450799999999994,1.5450799999999994e-05,0.02668343174985799,0.059965595341822095
15.4516,1.54516e-05,0.07625144512029869,0.06083652874798667
15.452399999999997,1.5452399999999998e-05,0.04495000002304583,0.061694532410011105
15.453200000000002,1.5453200000000003e-05,0.08606438938559391,0.0625378279313068
15.453999999999994,1.545399999999999e-05,0.039577780559329034,0.06336462402434831
15.454799999999999,1.5454799999999996e-05,0.10936765062456788,0.06417312759528716
15.455599999999997,1.5455599999999995e-05,0.10961106883368776,0.06496155483494298
15.456400000000002,1.54564e-05,0.06642053254354396,0.06572814187948015
15.457199999999993,1.545719999999999e-05,0.10730455463127953,0.06647115465485581
15.457999999999998,1.5457999999999997e-05,0.08061783913600262,0.06718889765086694
15.458799999999997,1.5458799999999995e-05,0.03972871115968013,0.06787972154768404
15.459600000000002,1.54596e-05,0.10022954336653922,0.0685420297832825
15.4604,1.54604e-05,0.05773729760369617,0.06917428426167017
15.461199999999998,1.5461199999999997e-05,0.09203749439067066,0.06977501044497063
15.462000000000003,1.5462000000000002e-05,0.06524978070658083,0.07034280206664292
15.462800000000001,1.54628e-05,0.10503908294039,0.07087632568652229
15.4636,1.54636e-05,0.09103791049410015,0.07137432530710314
15.464399999999998,1.5464399999999997e-05,0.06152077438948966,0.07183562729482013
15.465200000000003,1.5465200000000002e-05,0.03818044316186009,0.0722591459018849
15.465999999999994,1.5465999999999994e-05,0.06812124382743012,0.0726438897381713
15.4668,1.54668e-05,0.03962449679087443,0.07298896953979708
15.467599999999997,1.5467599999999997e-05,0.10729207152839493,0.07329360747712522
15.468400000000003,1.5468400000000003e-05,0.06434344076165621,0.07355714806060712
15.469199999999994,1.5469199999999994e-05,0.05614231337434061,0.073779070508662
15.469999999999999,1.547e-05,0.06973022384539496,0.07395900229404279
15.470799999999997,1.5470799999999998e-05,0.0935309125998004,0.07409673348240486
15.471600000000002,1.5471600000000003e-05,0.08430164190727307,0.07419223138332218
15.472399999999993,1.547239999999999e-05,0.07076177184204424,0.07424565494094171
15.473199999999999,1.5473199999999996e-05,0.11911591034684843,0.07425736822805086
15.473999999999997,1.5473999999999994e-05,0.091151203274353,0.07422795239550192
15.474800000000002,1.54748e-05,0.08399145863799107,0.07415821546680845
15.475599999999993,1.547559999999999e-05,0.0895374943906706,0.07404919945006734
15.476399999999998,1.5476399999999996e-05,0.10045291274704915,0.07390218435460126
15.477199999999996,1.5477199999999995e-05,0.11342726606241726,0.07371868882222858
15.478000000000002,1.5478e-05,0.09437540486172491,0.07350046720156866
15.478799999999993,1.547879999999999e-05,0.07407430000390003,0.07324950302784504
15.479599999999998,1.5479599999999997e-05,0.0644590025704912,0.07296799903340047
15.480400000000003,1.5480400000000002e-05,0.038324375867901606,0.07265836397292592
15.481200000000001,1.54812e-05,0.08437748537887235,0.07232319663866786
15.482,1.5482e-05,0.08009468907194472,0.07196526742304923
15.482799999999997,1.5482799999999997e-05,0.08228791049410011,0.07158749767857082
15.483600000000003,1.5483600000000002e-05,0.0940748678353226,0.0711929369978423
15.4844,1.54844e-05,0.11796823270994161,0.07078473846000019
15.485199999999999,1.54852e-05,0.06186708279313535,0.07036613189374273
15.485999999999997,1.5485999999999997e-05,0.09208553479649606,0.06994039528652268
15.486800000000002,1.5486800000000002e-05,0.10070616571048652,0.06951082459741693
15.4876,1.54876e-05,0.07297731112138861,0.06908070236863637
15.488399999999999,1.54884e-05,0.04984294879422524,0.06865326565071683
15.489199999999997,1.5489199999999997e-05,0.056492782812281095,0.06823167385245699
15.490000000000002,1.5490000000000002e-05,0.053225646707670604,0.06781897718005778
15.490799999999993,1.549079999999999e-05,0.06160626410396863,0.0674180863050008
15.491599999999998,1.54916e-05,0.105564881353018,0.06703174378981544
15.492399999999996,1.5492399999999994e-05,0.031507534943747806,0.06666249764955103
15.493200000000002,1.54932e-05,0.08323945398484511,0.06631267729585501
15.493999999999993,1.549399999999999e-05,0.09253000452893989,0.06598437202829702
15.494799999999998,1.5494799999999996e-05,0.06780330632099096,0.06567941219056064
15.495599999999996,1.5495599999999994e-05,0.06681488135301505,0.06539935308265782
15.496400000000001,1.54964e-05,0.04785966879540615,0.06514546171872834
15.497199999999992,1.549719999999999e-05,0.048222809847665915,0.06491870653172371
15.497999999999998,1.5497999999999996e-05,0.10211333786227283,0.06471975010908568
15.498800000000003,1.54988e-05,0.06991179437152484,0.06454894497196544
15.499600000000001,1.54996e-05,0.023772438803207674,0.06440633231404594
15.500399999999999,1.5500399999999998e-05,0.11782146314389519,0.06429164354410705
15.501199999999997,1.5501199999999997e-05,0.03562616120459228,0.06420430443705365
15.502000000000002,1.5502e-05,0.07218142709671227,0.06414344166241608
15.5028,1.55028e-05,0.07329373594211297,0.06410789141454871
15.503599999999999,1.55036e-05,0.09371740050308253,0.06409620982453583
15.504399999999997,1.5504399999999997e-05,0.0736186713428616,0.06410668479976285
15.505200000000002,1.5505200000000002e-05,0.09063580744746214,0.06413734892962986
15.506,1.5506e-05,0.09792927071556623,0.06418599313653299
15.506799999999998,1.55068e-05,0.024490966670570047,0.06425018084103076
15.507599999999996,1.5507599999999997e-05,0.09828957490781809,0.06432726252354483
15.508400000000002,1.5508400000000002e-05,0.0897009080938963,0.06441439066369997
15.5092,1.55092e-05,0.06752716766893507,0.0645085350961623
15.509999999999998,1.551e-05,0.06363947651433588,0.06460649885302713
15.510799999999996,1.5510799999999994e-05,0.0857144877790762,0.06470493460317507
15.511600000000001,1.55116e-05,0.06620832209163552,0.06480036185199771
15.512399999999992,1.551239999999999e-05,0.054126501444020314,0.0648891851049549
15.513199999999998,1.5513199999999996e-05,0.08171747636708415,0.06496771321407119
15.513999999999996,1.5513999999999994e-05,0.04663747186118006,0.06503218012084669
15.514800000000001,1.55148e-05,0.09070049199046681,0.06507876718098823
15.515599999999992,1.551559999999999e-05,0.08241103802866734,0.06510362720967905
15.516399999999997,1.5516399999999996e-05,0.03132180338332313,0.06510291033983717
15.517199999999995,1.5517199999999994e-05,0.057752617566595554,0.06507279175669026
15.518,1.5518e-05,0.04085709631082768,0.06500950134528857
15.518799999999999,1.5518799999999998e-05,0.020789574907818076,0.06490935521663442
15.519599999999997,1.5519599999999996e-05,0.07887740951488076,0.064768788925653
15.520400000000002,1.55204e-05,0.09539655027263705,0.06458439196835113
15.5212,1.55212e-05,0.10731363304272967,0.06435294290136227
15.521999999999998,1.5521999999999998e-05,0.10731495721701667,0.06407144425195442
15.522799999999997,1.5522799999999996e-05,0.06460217893367537,0.0637371563590963
15.523600000000002,1.55236e-05,0.08270041612647538,0.06334762941574287
15.5244,1.55244e-05,0.07425511418717246,0.0629007331962656
15.525199999999998,1.55252e-05,0.06400545442660033,0.062394684155186966
15.525999999999996,1.5525999999999997e-05,0.0639330156464285,0.06182806972209257
15.526800000000001,1.5526800000000002e-05,0.010816810142169286,0.06119986969109388
15.5276,1.55276e-05,0.09203749439067066,0.06050947461749867
15.528399999999998,1.55284e-05,0.03820824622763397,0.059756701080911134
15.529199999999996,1.5529199999999994e-05,0.10288331082688518,0.0589418035587969
15.530000000000001,1.5530000000000002e-05,0.049842192451367784,0.0580654825247256
15.5308,1.5530799999999997e-05,0.08976842949691599,0.05712888830170083
15.531599999999997,1.5531599999999995e-05,0.07363739599718844,0.056133620190049874
15.532399999999996,1.5532399999999994e-05,0.11008844752050251,0.05508172044033599
15.5332,1.55332e-05,0.054845597142805236,0.053975662740151475
15.533999999999992,1.553399999999999e-05,0.07460917682797519,0.052818335028523025
15.534799999999997,1.5534799999999996e-05,0.05497364205452482,0.05161301663350194
15.535599999999995,1.5535599999999994e-05,0.05434760179595122,0.050363349909507055
15.5364,1.55364e-05,0.08034586151823164,0.049073306688297375
15.537199999999999,1.5537199999999998e-05,0.0658584204851177,0.047747149941269044
15.537999999999997,1.5537999999999996e-05,0.04926135573861479,0.04638939110888233
15.538800000000002,1.55388e-05,0.07214813882235349,0.04500474362077002
15.5396,1.55396e-05,0.06246456364307773,0.04359807321878565
15.540399999999998,1.5540399999999998e-05,0.06970866233106332,0.04217434579356956
15.541199999999996,1.5541199999999996e-05,0.03125844301460823,0.040738573547011936
15.542000000000002,1.5542e-05,0.03533678310678445,0.03929576040114753
15.5428,1.55428e-05,0.04242843850870426,0.037850847673000704
15.543599999999998,1.5543599999999998e-05,-0.0057747693957888035,0.0364086610873202
15.544399999999996,1.5544399999999996e-05,-0.000658639755491186,0.034973860175852536
15.545200000000001,1.55452e-05,0.07488739599718841,0.03355089100488362
15.546,1.5546e-05,0.013384899376611581,0.03214394299137389
15.546799999999998,1.5546799999999998e-05,0.02522122129794946,0.030756910352943916
15.547599999999996,1.5547599999999997e-05,0.01927251466720925,0.029393358552324823
15.5484,1.5548400000000002e-05,0.033306975387854765,0.028056495968858248
15.549199999999999,1.5549199999999997e-05,-0.004258276986572551,0.026749150924910384
15.549999999999997,1.5549999999999995e-05,0.0589330156464285,0.025473754077729945
15.550799999999995,1.5550799999999993e-05,0.05654857745527353,0.024232326059327142
15.5516,1.55516e-05,0.023550393596984742,0.023026470138765662
15.552399999999999,1.5552399999999997e-05,-0.020332380180492438,0.0218573696308484
15.553199999999997,1.5553199999999995e-05,0.018614510308566756,0.020725789786828288
15.553999999999995,1.5553999999999994e-05,0.05465229985664832,0.01963208391520404
15.5548,1.55548e-05,0.0806664473732508,0.018576203428769488
15.555599999999998,1.5555599999999997e-05,-0.00023289467737408476,0.017557711428297533
15.556399999999996,1.5556399999999996e-05,0.05163822820404751,0.016575799417037275
15.557200000000002,1.55572e-05,0.016744711601435314,0.01562930684017537
15.558,1.5558e-05,-0.0016345816206126962,0.014716743298163328
15.558799999999998,1.5558799999999997e-05,-0.00030174025467366583,0.013836313404133296
15.559599999999996,1.5559599999999996e-05,-0.0065454987032315115,0.012985944299132333
15.560400000000001,1.55604e-05,0.005855015793680196,0.012163315793612631
15.5612,1.55612e-05,-0.011734067123630898,0.011365892975301377
15.561999999999998,1.5561999999999998e-05,0.04519001354073815,0.010590960940910086
15.562799999999996,1.5562799999999996e-05,0.05668267540700067,0.009835661118532436
15.563600000000001,1.55636e-05,-0.010990384539104836,0.00909702850351007
15.5644,1.55644e-05,0.030602519173103415,0.008372029081477182
15.565199999999997,1.5565199999999998e-05,0.05941436685610324,0.007657596762521281
15.565999999999995,1.5565999999999996e-05,-0.001960084852754007,0.0069506692515467275
15.5668,1.55668e-05,0.017108420485117626,0.006248222390090725
15.567599999999999,1.5567599999999996e-05,0.03457078266502933,0.005547302620404305
15.568399999999997,1.5568399999999995e-05,-0.009042094011763924,0.004845057337574753
15.569199999999995,1.5569199999999993e-05,-0.026576138629050172,0.004138762985031106
15.57,1.557e-05,0.032006098122024595,0.0034258507939865443
15.570799999999998,1.5570799999999997e-05,0.03338830406803894,0.002703930058182435
15.571599999999997,1.5571599999999995e-05,0.027902791824079398,0.0019708087823319433
15.572399999999995,1.5572399999999993e-05,0.00869243429731359,0.0012245115030028071
15.5732,1.55732e-05,0.0024430021287061843,0.00046329411702378254
15.573999999999998,1.5573999999999997e-05,-0.00041030416920906365,-0.00031434434127736513
15.574799999999996,1.5574799999999995e-05,-0.018957928471605046,-0.0011096529246850343
15.575600000000001,1.55756e-05,0.044153359655501934,-0.0019236228985014345
15.5764,1.55764e-05,-0.011539257151789162,-0.002756984675804609
15.577200000000005,1.5577200000000004e-05,0.01703825073352805,-0.0036102075052369866
15.577999999999996,1.5577999999999996e-05,0.015841776347938263,-0.004483501864425228
15.578800000000001,1.55788e-05,-0.02597865777904762,-0.005376824482135695
15.5796,1.55796e-05,-0.0009932213990795358,-0.006289885861202006
15.580399999999997,1.5580399999999997e-05,0.01143925719784078,-0.0072221601350093475
15.581199999999995,1.5581199999999996e-05,0.01639821468635505,-0.008172897084158784
15.582,1.5582e-05,0.0052282191922492505,-0.009141136155565856
15.582799999999999,1.55828e-05,0.029279324050074162,-0.01012572232118179
15.583599999999997,1.5583599999999998e-05,-0.04087709175888199,-0.011125323553950977
15.584399999999995,1.5584399999999996e-05,0.017006854464882037,-0.012138449593980716
15.5852,1.55852e-05,-0.05044510512932254,-0.013163471572466851
15.585999999999999,1.5585999999999996e-05,-0.032281427050660505,-0.014198642003382738
15.586799999999997,1.5586799999999994e-05,-0.03688291720689463,-0.015242114674357793
15.587599999999995,1.5587599999999993e-05,0.04050170949573506,-0.01629196407539519
15.5884,1.5588399999999998e-05,-0.018799999976924164,-0.017346204170375412
15.589199999999998,1.5589199999999996e-05,-0.02595785260757344,-0.01840280647252352
15.589999999999996,1.5589999999999995e-05,0.02405746735528591,-0.01945971746057018
15.590799999999994,1.5590799999999993e-05,-0.02440031768690143,-0.020514875361361935
15.5916,1.5591599999999998e-05,-0.016793266458120848,-0.02156622627504389
15.592399999999998,1.5592399999999997e-05,-0.053040429598046,-0.02261173956686053
15.593199999999996,1.5593199999999995e-05,-0.015734483227060503,-0.023649422413830945
15.594000000000001,1.5594e-05,-0.002360863725132001,-0.024677333404122814
15.5948,1.55948e-05,-0.035324058111902645,-0.0256935951548789
15.595600000000005,1.5595600000000004e-05,-0.03146284584872727,-0.02669640600506979
15.596399999999996,1.5596399999999995e-05,0.027944590678462555,-0.027684050906545625
15.5972,1.55972e-05,0.02032354366104261,-0.028654911664517606
15.597999999999999,1.5598e-05,-0.0536797093024316,-0.02960747666089439
15.598800000000004,1.5598800000000004e-05,-0.021208268711002898,-0.030540350105144245
15.599599999999995,1.5599599999999995e-05,-0.044154062617766776,-0.0314522607084988
15.6004,1.56004e-05,-0.05580540932150746,-0.03234206954863092
15.601199999999999,1.56012e-05,-0.019700098370476482,-0.03320877686122398
15.601999999999997,1.5601999999999997e-05,-0.0043836735497220225,-0.03405152756555899
15.602799999999995,1.5602799999999996e-05,-0.01533313652331969,-0.03486961544594561
15.6036,1.56036e-05,-0.037102125553112875,-0.03566248599612918
15.604399999999998,1.56044e-05,-0.028314487733024585,-0.03642973794241969
15.605199999999996,1.5605199999999994e-05,-0.06313707824118953,-0.03717112340761005
15.605999999999995,1.5605999999999993e-05,-0.0469928052956502,-0.0378865466256123
15.6068,1.5606799999999998e-05,-0.03759312300562734,-0.038576061124190375
15.607599999999998,1.5607599999999996e-05,-0.0378874184805873,-0.039239865375576666
15.608399999999996,1.5608399999999994e-05,-0.013744393845436464,-0.03987829704441985
15.609199999999994,1.5609199999999993e-05,-0.05851062187918632,-0.04049182608862854
15.61,1.5609999999999998e-05,0.03711390569370265,-0.04108104704880873
15.610799999999998,1.5610799999999996e-05,-0.048146156652606686,-0.0416466708799066
15.611599999999996,1.5611599999999995e-05,-0.03256948097417833,-0.04218951663198896
15.612400000000001,1.56124e-05,-0.036274277428327784,-0.04271050318158887
15.613199999999999,1.5613199999999998e-05,-0.04577004053000133,-0.043210641085018625
15.614000000000004,1.5614000000000003e-05,-0.020556505903832734,-0.04369102452566345
15.614799999999995,1.5614799999999995e-05,-0.03387451927427343,-0.04415282328416592
15.6156,1.56156e-05,-0.032219579367630535,-0.044597274649577655
15.616399999999999,1.56164e-05,-0.04115682361381001,-0.04502567517313542
15.617200000000004,1.5617200000000004e-05,-0.06442812075264537,-0.04543937213112752
15.617999999999995,1.5617999999999995e-05,-0.030901490133158238,-0.04583975452792195
15.6188,1.56188e-05,-0.04160885907191625,-0.046228243464646365
15.619599999999998,1.56196e-05,-0.07796534246930409,-0.046606281734827754
15.620400000000004,1.5620400000000004e-05,-0.02074847901569976,-0.04697532257125811
15.621199999999995,1.5621199999999995e-05,-0.04405533345757584,-0.04733681754222922
15.622,1.5622e-05,-0.09443927968130983,-0.047692203675376056
15.622799999999998,1.56228e-05,-0.03127503377115526,-0.048042889970883046
15.623600000000003,1.5623600000000004e-05,-0.01547025984652639,-0.04839024355621531
15.624399999999994,1.5624399999999992e-05,-0.04323315905284042,-0.04873557583831568
15.6252,1.5625199999999997e-05,-0.03072483698425077,-0.04908012910020653
15.625999999999998,1.5625999999999996e-05,-0.029259221840834848,-0.0494250640164227
15.626799999999996,1.5626799999999994e-05,-0.038677628785284246,-0.049771448513447655
15.627599999999994,1.5627599999999992e-05,-0.04077760625576354,-0.05012024831348067
15.6284,1.5628399999999998e-05,-0.04325055953284718,-0.05047231940773011
15.629199999999997,1.5629199999999996e-05,-0.045420138923553566,-0.050828402624610365
15.629999999999995,1.5629999999999994e-05,-0.019946541951045726,-0.051189120397063234
15.6308,1.56308e-05,-0.0359606894676483,-0.051554975790261776
15.631599999999999,1.5631599999999998e-05,-0.030832644555858657,-0.05192635380684127
15.632400000000004,1.5632400000000003e-05,-0.035552344869537955,-0.05230352491682298
15.633199999999995,1.5633199999999995e-05,-0.05368954405667625,-0.05268665065729345
15.634,1.5634e-05,-0.06330276097296739,-0.05307579103291662
15.634799999999998,1.5634799999999998e-05,-0.06095993312472092,-0.05347091335713824
15.635600000000004,1.5635600000000003e-05,-0.04001879221971283,-0.05387190213746051
15.636399999999995,1.5636399999999995e-05,-0.0540935391090569,-0.0542785696368813
15.6372,1.56372e-05,-0.021334800937037657,-0.054690666812660306
15.637999999999998,1.5638e-05,-0.05323940060428267,-0.05510789439548961
15.638800000000003,1.5638800000000003e-05,-0.06204859993867251,-0.05552991389087183
15.639599999999994,1.5639599999999995e-05,-0.05127919480544996,-0.05595635826011311
15.6404,1.56404e-05,-0.09741022830517743,-0.056386842006082606
15.641199999999998,1.56412e-05,-0.024883181582260994,-0.056820970394873944
15.642000000000003,1.5642000000000004e-05,-0.06235670269083726,-0.0572583476118529
15.642799999999994,1.5642799999999992e-05,-0.01891215709436167,-0.057698583759133316
15.6436,1.5643599999999997e-05,-0.020809758867237016,-0.05814130069603509
15.644399999999997,1.5644399999999995e-05,-0.039969427639667376,-0.058586136747135295
15.645200000000003,1.56452e-05,-0.04218761526759185,-0.05903275022863784
15.645999999999994,1.5645999999999992e-05,-0.13238450575658112,-0.059480821595095684
15.646799999999999,1.5646799999999997e-05,-0.07660204968908124,-0.059930053856296094
15.647599999999997,1.5647599999999996e-05,-0.10916522154633135,-0.06038017085985273
15.648399999999995,1.5648399999999994e-05,-0.06325547690996935,-0.06083091315374167
15.6492,1.56492e-05,0.008188576719044938,-0.06128203142019549
15.649999999999999,1.5649999999999998e-05,-0.08027204518321718,-0.061733277798892136
15.650800000000004,1.5650800000000003e-05,-0.03919945467505215,-0.062184395656497984
15.651599999999995,1.5651599999999994e-05,-0.03780684614323082,-0.06263510843939901
15.6524,1.56524e-05,-0.08798482346655823,-0.06308510820120886
15.653199999999998,1.5653199999999998e-05,-0.06051962442657188,-0.06353404431419787
15.654000000000003,1.5654000000000003e-05,-0.021046935524954624,-0.06398151281727124
15.654799999999994,1.5654799999999995e-05,-0.067182130058977,-0.06442704683855298
15.6556,1.56556e-05,0.018383954522279367,-0.0648701085325771
15.656399999999998,1.5656399999999998e-05,-0.01494030039960359,-0.06531008293292354
15.657200000000003,1.5657200000000003e-05,-0.1367584654980074,-0.0657462739875134
15.657999999999994,1.5657999999999995e-05,-0.04308638948672405,-0.0661779028175055
15.6588,1.56588e-05,-0.07053986176665339,-0.06660410800537842
15.659599999999998,1.5659599999999998e-05,-0.04015799606006698,-0.0670239475872527
15.660400000000003,1.5660400000000003e-05,-0.06559962893253601,-0.06743640242752287
15.661199999999994,1.566119999999999e-05,-0.070957096264746,-0.06784038070804052
15.661999999999999,1.5661999999999997e-05,-0.09807315004101214,-0.06823472328970567
15.662799999999997,1.5662799999999995e-05,-0.07057050169247214,-0.06861820970940721
15.663600000000002,1.56636e-05,-0.024241821360827975,-0.068989564614901
15.664399999999993,1.5664399999999992e-05,-0.058974004777391786,-0.06934746453241693
15.665199999999999,1.5665199999999997e-05,-0.10275256418596301,-0.06969054495704
15.665999999999997,1.5665999999999995e-05,-0.09543753940356026,-0.07001740779587891
15.666800000000002,1.56668e-05,-0.03834455982735063,-0.07032662919630275
15.6676,1.56676e-05,-0.07354277449065982,-0.07061676783248026
15.668399999999998,1.5668399999999997e-05,-0.016388515062912834,-0.07088637382672865
15.669200000000004,1.5669200000000002e-05,-0.020076667379882673,-0.07113399857641856
15.669999999999995,1.5669999999999994e-05,-0.06105885079644646,-0.07135820575328686
15.6708,1.56708e-05,-0.07255643003980117,-0.07155758360974972
15.671599999999998,1.5671599999999997e-05,-0.0420088816014369,-0.07173075850750707
15.672400000000003,1.5672400000000003e-05,-0.06773856839742365,-0.07187640936124139
15.673199999999994,1.5673199999999994e-05,-0.12424106501800058,-0.07199328253205921
15.674,1.5674e-05,-0.05782632714048486,-0.0720802066280029
15.674799999999998,1.5674799999999998e-05,-0.04237069847937647,-0.07213610666995049
15.675600000000003,1.5675600000000003e-05,-0.06559830475821593,-0.07216001715497992
15.676399999999994,1.5676399999999994e-05,-0.1134822509819498,-0.07215109365087077
15.6772,1.56772e-05,-0.06868462667955388,-0.07210862262337402
15.677999999999997,1.5677999999999998e-05,-0.08292846099214335,-0.07203202923728275
15.678800000000003,1.5678800000000003e-05,-0.07538817482341476,-0.07192088294623973
15.679599999999994,1.567959999999999e-05,-0.02862561585659862,-0.07177490081820133
15.680399999999999,1.5680399999999996e-05,-0.05293129785211814,-0.07159394868509716
15.681199999999997,1.5681199999999995e-05,-0.08922517722364864,-0.07137804029067951
15.682000000000002,1.5682e-05,-0.059389915101164314,-0.07112733461154983
15.682799999999993,1.568279999999999e-05,-0.06840565116745323,-0.07084213147335737
15.683599999999998,1.5683599999999997e-05,-0.07881191524841602,-0.07052286554115964
15.684399999999997,1.5684399999999995e-05,-0.09099946295052197,-0.07017009876825801
15.685200000000002,1.56852e-05,-0.06658881024336938,-0.06978451143760196
15.686,1.5686e-05,-0.06258215258849764,-0.06936689201441423
15.686799999999998,1.5686799999999997e-05,-0.017036116835788095,-0.06891812614015562
15.687600000000003,1.5687600000000002e-05,-0.02733797803651039,-0.06843918519940491
15.688400000000001,1.56884e-05,-0.05418262202643809,-0.06793111491721368
15.6892,1.56892e-05,-0.07239566468514558,-0.06739502435137862
15.689999999999998,1.5689999999999997e-05,-0.06615682361381003,-0.0668320754595989
15.690800000000003,1.5690800000000002e-05,-0.09072275646710332,-0.06624347323631279
15.691599999999994,1.5691599999999994e-05,-0.020752640049994553,-0.06563045631309007
15.6924,1.56924e-05,-0.11318171395554755,-0.06499428791806805
15.693199999999997,1.5693199999999997e-05,-0.038037781249505964,-0.064336247152035
15.694000000000003,1.5694000000000003e-05,-0.06967380799038736,-0.06365762061438045
15.694799999999994,1.5694799999999994e-05,-0.047242653567686865,-0.06295969448524953
15.695599999999999,1.56956e-05,-0.04443530715844979,-0.06224374723818817
15.696399999999997,1.5696399999999998e-05,-0.04200131587567468,-0.06151104320393811
15.697200000000002,1.5697200000000003e-05,-0.031243069671116452,-0.06076282720936602
15.697999999999993,1.569799999999999e-05,-0.07597941412197506,-0.06000032046862609
15.698799999999999,1.56988e-05,-0.031536608803249155,-0.059224717818134084
15.699599999999997,1.5699599999999994e-05,-0.06071367805558614,-0.05843718629123441
15.700400000000002,1.57004e-05,-0.04882383051990791,-0.0576388649538553
15.701199999999993,1.570119999999999e-05,-0.01888775871998538,-0.05683086587873172
15.701999999999998,1.5701999999999996e-05,-0.09961044762170257,-0.056014276107717316
15.702799999999996,1.5702799999999995e-05,-0.02591681009611768,-0.055190160423272405
15.703600000000002,1.57036e-05,-0.06996451026244521,-0.054359564727472234
15.704399999999993,1.570439999999999e-05,-0.03517539654007362,-0.05352351983177342
15.705199999999998,1.5705199999999997e-05,-0.037276698184873114,-0.05268304549872569
15.706000000000003,1.5706000000000002e-05,-0.04643655546873815,-0.051839154621963965
15.706800000000001,1.57068e-05,-0.055692872884112066,-0.05099285745223267
15.7076,1.57076e-05,-0.010781955801493104,-0.05014516576842731
15.708399999999997,1.5708399999999997e-05,-0.00777904307748678,-0.04929709686684022
15.709200000000003,1.5709200000000002e-05,-0.01604977238492944,-0.0484496771980861
15.71,1.571e-05,-0.08698807642996276,-0.047603945389899704
15.710799999999999,1.57108e-05,-0.1170992886930381,-0.04676095424579106
15.711599999999997,1.5711599999999997e-05,-0.04417713681782309,-0.045921771178450976
15.712400000000002,1.5712400000000002e-05,-0.005519056595179261,-0.04508747654418062
15.7132,1.57132e-05,-0.06115606727088274,-0.044259159526617735
15.713999999999999,1.5714e-05,-0.03213484599597893,-0.04343791146498192
15.714799999999997,1.5714799999999997e-05,-0.0690373651460765,-0.042624816695022785
15.715600000000002,1.5715600000000002e-05,-0.04297442088082126,-0.04182094104589304
15.716399999999993,1.571639999999999e-05,-0.03638775871998534,-0.04102731818854297
15.717199999999998,1.57172e-05,-0.028245830667159688,-0.040244934118815266
15.717999999999996,1.5717999999999994e-05,-0.02172933825794343,-0.039474710169460914
15.718800000000002,1.57188e-05,-0.03629527111123665,-0.03871748503357351
15.719599999999993,1.571959999999999e-05,-0.03601005404769364,-0.03797399631746625
15.720399999999998,1.5720399999999996e-05,-0.032744998460300656,-0.03724486213202356
15.721199999999996,1.5721199999999994e-05,-0.03229693552495472,-0.03653056321117408
15.722000000000001,1.5722e-05,-0.005170479162951436,-0.03583142604062284
15.722799999999992,1.572279999999999e-05,-0.0038892714057401356,-0.035147607486115826
15.723599999999998,1.5723599999999996e-05,-0.01019412119440044,-0.03447908139735895
15.724400000000003,1.57244e-05,-0.028696541951045762,-0.03382562759659254
15.725200000000001,1.57252e-05,-0.001537365146076497,-0.03318682353285845
15.725999999999999,1.5725999999999998e-05,-0.03446727125848836,-0.0325620387250522
15.726799999999997,1.5726799999999997e-05,-0.008935799125810884,-0.031950431969704436
15.727600000000002,1.57276e-05,-0.02507099365983312,-0.03135095117164855
15.7284,1.57284e-05,-0.022641919754280204,-0.030762335564311002
15.729199999999999,1.57292e-05,-0.05172366453789379,-0.030183120015684586
15.729999999999997,1.5729999999999997e-05,-0.03945876067846399,-0.029611641070722765
15.730800000000002,1.5730800000000002e-05,-0.037087561933080826,-0.02904604437954779
15.7316,1.57316e-05,-0.017627356134248373,-0.02848429322235592
15.732399999999998,1.57324e-05,-0.05404568721466618,-0.027924177958746486
15.733199999999997,1.5733199999999997e-05,-0.017391503650850737,-0.027363326366212352
15.734000000000002,1.5734000000000002e-05,-0.011590890760516781,-0.026799214959503808
15.7348,1.57348e-05,-0.02232265807355105,-0.026229181491055645
15.735599999999998,1.57356e-05,0.005744939193460086,-0.025650438914883056
15.736399999999996,1.5736399999999994e-05,-0.004443629227039447,-0.02506009113301863
15.737200000000001,1.57372e-05,-0.014896421028072981,-0.024455150821479178
15.737999999999992,1.573799999999999e-05,-0.03119578560811842,-0.023832559558631762
15.738799999999998,1.5738799999999996e-05,0.03677440667292198,-0.023189210377698534
15.739599999999996,1.5739599999999994e-05,-0.002852806031908739,-0.02252197276572805
15.740400000000001,1.57404e-05,-0.028139915101164314,-0.021827720035851806
15.741199999999992,1.574119999999999e-05,0.01729131518556759,-0.02110335888215112
15.741999999999997,1.5741999999999996e-05,-0.04066771816690817,-0.02034586078215736
15.742799999999995,1.5742799999999994e-05,-0.02795777674364186,-0.019552294778724985
15.7436,1.57436e-05,0.026596997181086768,-0.018719861090360508
15.744399999999999,1.5744399999999998e-05,-0.016005893013398942,-0.017845924973651228
15.745199999999997,1.5745199999999996e-05,-0.04321575857273363,-0.01692805026648258
15.746000000000002,1.5746e-05,-0.03296685515505893,-0.015964032041490585
15.7468,1.57468e-05,-0.024391427786919162,-0.01495192780134084
15.747599999999998,1.5747599999999998e-05,0.006407860929194764,-0.013890086701162995
15.748399999999997,1.5748399999999996e-05,0.013863225214836739,-0.012777176409030068
15.749200000000002,1.57492e-05,-0.022956452569321772,-0.011612207357580883
15.75,1.575e-05,-0.022648917648649847,-0.0103945542252758
15.750799999999998,1.57508e-05,0.030184151309283758,-0.009123974501914997
15.751599999999996,1.5751599999999997e-05,-0.008958116983039832,-0.007800623987085963
15.752400000000002,1.5752400000000002e-05,-0.0021592443703554176,-0.006425069076724705
15.7532,1.57532e-05,0.02915335965550203,-0.004998295697328951
15.753999999999998,1.5754e-05,-0.029479754361372956,-0.003521714727588077
15.754799999999996,1.5754799999999994e-05,0.045436080098438025,-0.0019971637099412843
15.755600000000001,1.5755600000000002e-05,0.0021903169966944747,-0.0004269046157732107
15.7564,1.5756399999999997e-05,-0.014093727620491658,0.0011863826101587618
15.757199999999997,1.5757199999999995e-05,-0.04771568270880211,0.0028396110392130795
15.757999999999996,1.5757999999999994e-05,6.045594332382276e-05,0.004529302609836947
15.7588,1.57588e-05,-0.01968704743609928,0.006251609101938435
15.759599999999992,1.575959999999999e-05,0.03208326576791387,0.008002338318463448
15.760399999999997,1.5760399999999996e-05,0.041008594742601434,0.009776985311204498
15.761199999999995,1.5761199999999994e-05,-0.00355733811069181,0.011570768266715386
15.762,1.5762e-05,0.04032827252676008,0.013378668544828254
15.762799999999999,1.5762799999999998e-05,0.016029399914075704,0.015195474341591434
15.763599999999997,1.5763599999999996e-05,-0.012212013641868302,0.017015827480315698
15.764400000000002,1.57644e-05,0.04175152098430024,0.018834272861644852
15.7652,1.57652e-05,0.03728772198266539,0.02064531009463609
15.765999999999998,1.5765999999999998e-05,-0.005077991554202854,0.022443446785176024
15.766799999999996,1.5766799999999996e-05,0.01151774901805025,0.024223252899702993
15.767600000000002,1.57676e-05,0.023022326155774486,0.025979415566814233
15.7684,1.57684e-05,0.010654532101758929,0.02770679360468839
15.769199999999998,1.5769199999999998e-05,0.060735860781972906,0.02940047094232906
15.769999999999996,1.5769999999999996e-05,0.08883693483477773,0.031055807958397588
15.770800000000001,1.57708e-05,0.04656162838958067,0.03266848965620596
15.7716,1.57716e-05,0.05234540863140058,0.0342345695919917
15.772399999999998,1.5772399999999998e-05,0.07431961021874245,0.035750508596097255
15.773199999999996,1.5773199999999997e-05,0.05285948028397147,0.037213207527935235
15.774000000000001,1.5774000000000002e-05,0.033550961428377324,0.03862003351754362
15.774799999999999,1.5774799999999997e-05,0.09406427673815076,0.03996883933422943
15.775599999999997,1.5775599999999995e-05,0.06765918510351465,0.041257975683578356
15.776399999999995,1.5776399999999993e-05,0.09365252744864294,0.04248629638120611
15.7772,1.57772e-05,0.062238357402549904,0.043653156518919566
15.777999999999999,1.5777999999999997e-05,0.036528151603787196,0.04475840395774029
15.778799999999997,1.5778799999999995e-05,0.03088754772518154,0.04580236473426698
15.779599999999995,1.5779599999999994e-05,0.004771834188313395,0.04678582318035915
15.7804,1.57804e-05,0.06354263935981763,0.04770999765299351
15.781199999999998,1.5781199999999997e-05,0.059538062222093346,0.04857651272172389
15.781999999999996,1.5781999999999996e-05,0.054382970587457335,0.04938736851061204
15.782800000000002,1.57828e-05,0.05492616948012208,0.050144907732704386
15.7836,1.57836e-05,0.023526563054100946,0.05085178085738578
15.784399999999998,1.5784399999999997e-05,0.06035059038395907,0.05151090980958502
15.785199999999996,1.5785199999999996e-05,0.04672504209280648,0.05212545056079387
15.786000000000001,1.5786e-05,0.06421180264706461,0.05269875489728837
15.7868,1.57868e-05,0.09308133697875964,0.05323433155278265
15.787599999999998,1.5787599999999998e-05,0.02118732840875659,0.053735806813585904
15.788399999999996,1.5788399999999996e-05,0.07854755673697977,0.05420688467582805
15.789200000000001,1.57892e-05,0.09392734192641905,0.054651306650124985
15.79,1.579e-05,0.0747432747797121,0.055072811340988896
15.790799999999997,1.5790799999999998e-05,0.07657619200961263,0.05547509397389727
15.791599999999995,1.5791599999999996e-05,0.07034983404109174,0.05586176613137721
15.7924,1.57924e-05,0.06845147592532896,0.05623631609823779
15.793199999999999,1.5793199999999996e-05,0.03996721199164788,0.05660207036795466
15.793999999999997,1.5793999999999995e-05,0.06010282262909972,0.056962156981787825
15.794799999999995,1.5794799999999993e-05,0.013315297456444553,0.057319471431478794
15.7956,1.57956e-05,0.08305220973869576,0.05767664583932308
15.796399999999998,1.5796399999999997e-05,0.09390369989492986,0.058036022036579336
15.797199999999997,1.5797199999999995e-05,0.03683776704163655,0.058399629029344695
15.797999999999995,1.5797999999999993e-05,0.07904139104952923,0.058769165236679355
15.7988,1.57988e-05,0.06057868863018956,0.059145985850486076
15.799599999999998,1.5799599999999997e-05,0.02988096593434142,0.05953109567662353
15.800399999999996,1.5800399999999995e-05,0.005998192156864368,0.05992514781488067
15.801200000000001,1.58012e-05,0.035076532249040615,0.06032844847361858
15.802,1.5802e-05,0.08850859474260142,0.060740968055596985
15.802800000000005,1.5802800000000004e-05,0.05443233516757273,0.061162358390839146
15.803599999999996,1.5803599999999996e-05,0.08185233066166864,0.06159197569969422
15.804400000000001,1.58044e-05,0.0509132702738081,0.06202890864717012
15.8052,1.58052e-05,0.038654607965790455,0.062472010738955704
15.805999999999997,1.5805999999999997e-05,0.0635044337083066,0.06291993626338613
15.806799999999996,1.5806799999999996e-05,0.09529271522381921,0.06337117892903417
15.8076,1.58076e-05,0.04950118074487242,0.0638241122550566
15.808399999999999,1.58084e-05,0.08461106883368774,0.06427703067187916
15.809199999999997,1.5809199999999998e-05,0.0843232034216046,0.06472819023032572
15.809999999999995,1.5809999999999996e-05,0.12002073760605803,0.06517584781134272
15.8108,1.58108e-05,0.11703957490781802,0.06561829777135682
15.811599999999999,1.58116e-05,0.10761889893485643,0.06605390507036238
15.812399999999997,1.5812399999999994e-05,0.07755913176900386,0.06648113414252421
15.813199999999995,1.5813199999999993e-05,0.03462222776229229,0.06689857306954317
15.814,1.5813999999999998e-05,0.07147046495508202,0.06730495292650639
15.814799999999998,1.5814799999999996e-05,0.1049303305144168,0.06769916238630946
15.815599999999996,1.5815599999999995e-05,0.12493657206585917,0.06808025774785524
15.816399999999994,1.5816399999999993e-05,0.0439148588235343,0.06844746855772582
15.8172,1.5817199999999998e-05,0.0512138073002103,0.06880019903512567
15.817999999999998,1.5817999999999997e-05,0.06742560164869948,0.06913802561718238
15.818799999999996,1.5818799999999995e-05,0.09673336416139622,0.0694606910359057
15.819600000000001,1.58196e-05,0.08398994595227638,0.06976809534221068
15.8204,1.58204e-05,0.06709366835365105,0.07006028423402708
15.821200000000005,1.5821200000000004e-05,0.05566493468752587,0.07033743500653569
15.821999999999996,1.5821999999999995e-05,0.0875848543176303,0.07059984044902622
15.8228,1.58228e-05,0.10214454561948128,0.07084789102306885
15.823599999999999,1.58236e-05,0.09252016977462552,0.07108205564191339
15.824400000000004,1.5824400000000004e-05,0.07654971311811876,0.0713028613627749
15.825199999999995,1.5825199999999995e-05,0.08889405365206016,0.07151087234861567
15.826,1.5826e-05,0.027343516625657815,0.07170666855091086
15.826799999999999,1.58268e-05,0.0709779548168128,0.07189082465447316
15.827599999999997,1.5827599999999997e-05,0.0736254807257265,0.07206388984862049
15.828399999999995,1.5828399999999996e-05,0.1020671894621572,0.0722263689216382
15.8292,1.58292e-05,0.03961314935080518,0.07237870505119914
15.829999999999998,1.583e-05,0.10121248312593034,0.07252126454924275
15.830799999999996,1.5830799999999994e-05,0.09020798185219758,0.0726543237535166
15.831599999999995,1.5831599999999993e-05,0.03142393723498149,0.07277805822635787
15.8324,1.5832399999999998e-05,0.058971221297949517,0.0728925343987169
15.833199999999998,1.5833199999999996e-05,0.07328730587923593,0.07299770376004872
15.833999999999996,1.5833999999999994e-05,0.10169099747559018,0.07309339960989446
15.834799999999994,1.5834799999999993e-05,0.08228091259980042,0.07317933625076514
15.8356,1.5835599999999998e-05,0.12630837542614348,0.0732551103739792
15.836399999999998,1.5836399999999996e-05,0.059419095721820914,0.073320204344797
15.837199999999996,1.5837199999999995e-05,0.05986999551714156,0.07337399114907917
15.838000000000001,1.5838e-05,0.1204854446785435,0.07341574087388313
15.838799999999999,1.5838799999999998e-05,0.03782203097531789,0.0734446286888938
15.839600000000004,1.5839600000000003e-05,0.04920839795562704,0.07345974433473319
15.840399999999995,1.5840399999999995e-05,0.07814412951605176,0.07346010310951631
15.8412,1.58412e-05,0.07749577140028918,0.073444658278808
15.841999999999999,1.5842e-05,0.09320805771619922,0.07341231471426585
15.842800000000004,1.5842800000000004e-05,0.022777583772364607,0.07336194342594377
15.843599999999995,1.5843599999999995e-05,0.10859276028279052,0.07329239654196994
15.8444,1.58444e-05,0.10156503308101827,0.0732025222119063
15.845199999999998,1.58452e-05,0.15882369538903574,0.07309117884638607
15.846000000000004,1.5846000000000004e-05,0.06809192807593145,0.07295724808645102
15.846799999999995,1.5846799999999995e-05,0.10971963274822316,0.07279964599355047
15.8476,1.58476e-05,0.03074229084485003,0.07261733217820318
15.848399999999998,1.58484e-05,0.12999709557456907,0.07240931685236054
15.849199999999996,1.5849199999999994e-05,0.03235467555425242,0.072174665986601
15.849999999999994,1.5849999999999992e-05,0.0632602591563195,0.07191250483993586
15.8508,1.5850799999999997e-05,0.09540619651550686,0.07162202013558805
15.851599999999998,1.5851599999999996e-05,0.03692060840754552,0.07130246111118806
15.852399999999996,1.5852399999999994e-05,0.07512173579486114,0.07095313958947652
15.853199999999994,1.5853199999999992e-05,0.1363055385661346,0.07057342911349139
15.854,1.5853999999999998e-05,0.06607611614561115,0.07016276309755316
15.854799999999997,1.5854799999999996e-05,0.09532619200961268,0.06972063190163053
15.855599999999995,1.5855599999999994e-05,0.0806511274103614,0.06924657877695777
15.8564,1.58564e-05,0.07782278731817516,0.06874019474439516
15.857199999999999,1.5857199999999998e-05,0.07031446524958551,0.06820111259750014
15.858000000000004,1.5858000000000003e-05,0.07021422340363981,0.06762900032334877
15.858799999999995,1.5858799999999995e-05,0.0692076416127696,0.06702355429422538
15.8596,1.58596e-05,0.02834385686508567,0.06638449260358399
15.860399999999998,1.5860399999999998e-05,0.08279838894383884,0.06571154889806886
15.861200000000004,1.5861200000000003e-05,0.06222379378251797,0.06500446698878687
15.861999999999995,1.5861999999999995e-05,0.06675284515859037,0.06426299641486437
15.8628,1.58628e-05,0.0891075882782586,0.06348688901117079
15.863599999999998,1.58636e-05,0.09112056334857432,0.06267589644175037
15.864400000000003,1.5864400000000003e-05,0.059739113745417405,0.061829768627068585
15.865199999999994,1.5865199999999995e-05,0.0657074898847766,0.06094825302093554
15.866,1.5866e-05,0.06366576689438497,0.060031094762998845
15.866799999999998,1.58668e-05,0.06836541837941734,0.05907803780329409
15.867600000000003,1.5867600000000004e-05,0.06878889442895231,0.05808882713139541
15.868399999999994,1.5868399999999992e-05,0.027447163163030863,0.05706321224479193
15.8692,1.5869199999999997e-05,0.05512457265486603,0.0560009519763636
15.869999999999997,1.5869999999999995e-05,0.061779324050074136,0.054901820765962395
15.870800000000003,1.58708e-05,0.03454297959925556,0.053765616387987145
15.871599999999994,1.5871599999999992e-05,0.10212014724514484,0.05259216903963489
15.872399999999999,1.5872399999999997e-05,0.07464662613662865,0.05138135158984616
15.873199999999997,1.5873199999999996e-05,0.033295816459260386,0.05013309073191265
15.873999999999995,1.5873999999999994e-05,0.04598079167682767,0.04884737879775158
15.8748,1.58748e-05,0.05098154801968502,0.047524286055620986
15.875599999999999,1.5875599999999998e-05,0.042182183439569476,0.046163973360321936
15.876400000000004,1.5876400000000003e-05,0.04677100198148443,0.04476670500993202
15.877199999999995,1.5877199999999994e-05,0.07585898831654048,0.04333286160072889
15.878,1.5878e-05,0.02434968231309853,0.041862952606191176
15.878799999999998,1.5878799999999998e-05,0.08078257701351843,0.040357628367860596
15.879600000000003,1.5879600000000003e-05,0.03509052803764978,0.038817691185048867
15.880399999999995,1.5880399999999995e-05,0.013360501002265157,0.037244105219156026
15.8812,1.58812e-05,0.0485072705683115,0.03563800496513259
15.881999999999998,1.5881999999999998e-05,0.08087922565659189,0.03400070205837842
15.882800000000003,1.5882800000000003e-05,0.02005345804895431,0.03233369016786913
15.883599999999994,1.5883599999999995e-05,0.018735368814581932,0.03063864770546853
15.8844,1.58844e-05,0.09725159684830187,0.028917438096833642
15.885199999999998,1.5885199999999998e-05,0.026926849958987864,0.027172107407160605
15.886000000000003,1.5886000000000003e-05,-0.00943020126979277,0.025404879173319288
15.886799999999994,1.588679999999999e-05,-0.011233234916771973,0.02361814636128409
15.887599999999999,1.5887599999999997e-05,0.08323453660769298,0.021814460419202767
15.888399999999997,1.5888399999999995e-05,0.023699243680178506,0.019996517373682104
15.889200000000002,1.58892e-05,0.07758201745762539,0.01816714082668297
15.889999999999993,1.5889999999999992e-05,0.04972379378251801,0.016329261657405038
15.890799999999999,1.5890799999999997e-05,0.06642734192641897,0.014485894310892259
15.891599999999997,1.5891599999999995e-05,-0.012653646514337313,0.012640109763815702
15.892400000000002,1.58924e-05,0.02958610262791872,0.010795005535335737
15.8932,1.58932e-05,0.037617574760566264,0.008953673376416428
15.893999999999998,1.5893999999999997e-05,0.02836050100226506,0.007119165460852728
15.894800000000004,1.5894800000000002e-05,-0.030162724925754447,0.005294460011799828
15.895599999999995,1.5895599999999994e-05,-0.03649405360593849,0.003482427370082389
15.8964,1.58964e-05,0.0055230824986017835,0.0016857975490957317
15.897199999999998,1.5897199999999997e-05,-0.0370206083614939,-9.286972913856613e-05
15.898000000000003,1.5898000000000003e-05,-0.025741481121430043,-0.0018512116933116505
15.898799999999994,1.5898799999999994e-05,0.032994523090000616,-0.003587085305338151
15.8996,1.58996e-05,-0.013431373716149553,-0.00529858585691986
15.900399999999998,1.5900399999999998e-05,-0.011688107234952838,-0.006984061293444425
15.901200000000003,1.5901200000000003e-05,0.01918967330130028,-0.008642122326837174
15.901999999999994,1.5901999999999994e-05,-0.03476629559913602,-0.010271648472774394
15.9028,1.59028e-05,0.02355795932274707,-0.011871790180322354
15.903599999999997,1.5903599999999998e-05,-0.02125763329114838,-0.01344196724375852
15.904400000000003,1.5904400000000003e-05,-0.02462501124173444,-0.014981863703540871
15.905199999999994,1.590519999999999e-05,-0.07044434878639527,-0.016491419458764315
15.905999999999999,1.5905999999999996e-05,-0.021926040235497934,-0.017970818852070494
15.906799999999997,1.5906799999999995e-05,0.05792983854699574,-0.019420476592047434
15.907600000000002,1.59076e-05,0.009648706653746064,-0.020841021547627906
15.908399999999993,1.590839999999999e-05,-0.036877999829672437,-0.022233279092722526
15.909199999999998,1.5909199999999997e-05,-0.01965848802752801,-0.023598252686989053
15.909999999999997,1.5909999999999995e-05,-0.030519624426571856,-0.0249371052553811
15.910800000000002,1.59108e-05,0.010137055757720614,-0.02625114079498825
15.911599999999993,1.5911599999999992e-05,-0.015614948895395275,-0.027541786581403313
15.912399999999998,1.5912399999999997e-05,-0.04950888160143685,-0.02881057634420081
15.913200000000003,1.5913200000000002e-05,0.02075193708772982,-0.03005913476707385
15.914000000000001,1.5914e-05,0.018276335462076188,-0.03128916362339054
15.9148,1.59148e-05,-0.02082980769588394,-0.032502429790087425
15.915599999999998,1.5915599999999997e-05,-0.05864698885946562,-0.03370075527336515
15.916400000000003,1.5916400000000002e-05,-0.018490384539104787,-0.03488600921566762
15.917199999999994,1.5917199999999994e-05,0.025163346137809683,-0.036060101686495205
15.918,1.5918e-05,-0.05335136921018546,-0.037224978954045466
15.918799999999997,1.5918799999999997e-05,-0.05673822815792573,-0.03838261987597156
15.919600000000003,1.5919600000000003e-05,-0.046702103023592234,-0.03953503298225129
15.920399999999994,1.5920399999999994e-05,-0.04251103798261591,-0.04068425376485532
15.921199999999999,1.59212e-05,-0.022758049394577817,-0.041832341700079524
15.921999999999997,1.5921999999999998e-05,-0.029969995471060162,-0.04298137661670853
15.922800000000002,1.5922800000000003e-05,-0.04961460865599743,-0.044133454121770124
15.923599999999993,1.592359999999999e-05,-0.05580957035580225,-0.0452906798485901
15.924399999999999,1.59244e-05,-0.030086881454185144,-0.04645516230299225
15.925199999999997,1.5925199999999995e-05,-0.044128340069170435,-0.047629004094477526
15.926000000000002,1.5926e-05,-0.04782065342043529,-0.04881429137420433
15.926799999999993,1.592679999999999e-05,-0.037924299957848406,-0.050013081346143726
15.927599999999998,1.5927599999999996e-05,-0.05864698885946562,-0.051227387749830565
15.928399999999996,1.5928399999999995e-05,-0.09564956134407399,-0.05245916423434178
15.929200000000002,1.59292e-05,-0.0659981387763019,-0.05371028557887233
15.929999999999993,1.592999999999999e-05,-0.059639007030273805,-0.05498252680227335
15.930799999999998,1.5930799999999997e-05,-0.0583180809358268,-0.05627754036524697
15.931600000000003,1.5931600000000002e-05,-0.037446353439611,-0.05759683188045122
15.932400000000001,1.59324e-05,-0.06214865327318353,-0.05894173494355906
15.9332,1.59332e-05,-0.0247787787020205,-0.06031338582982245
15.933999999999997,1.5933999999999997e-05,-0.050696277575579485,-0.06171269885421495
15.934800000000003,1.5934800000000002e-05,-0.018163557132613306,-0.06314034318025476
15.9356,1.59356e-05,-0.04219177630188675,-0.06459672179203023
15.936399999999999,1.59364e-05,-0.07305915425237286,-0.06608195321897394
15.937199999999997,1.5937199999999997e-05,-0.04083396873017875,-0.06759585643781053
15.938000000000002,1.5938000000000002e-05,-0.05601497142491596,-0.06913793920708453
15.9388,1.59388e-05,-0.07665122575779204,-0.07070738995477983
15.939599999999999,1.59396e-05,-0.06385220141704451,-0.07230307324837805
15.940399999999997,1.5940399999999997e-05,-0.034771780807750785,-0.07392352881656047
15.941200000000002,1.5941200000000002e-05,-0.08049030867507323,-0.07556697405047783
15.941999999999993,1.594199999999999e-05,-0.0771618927188954,-0.07723130987481257
15.942799999999998,1.59428e-05,-0.07370751236817541,-0.07891412982879409
15.943599999999996,1.5943599999999994e-05,-0.08904833556320624,-0.08061273214568064
15.944400000000002,1.59444e-05,-0.0936407473080233,-0.08232413459868863
15.945199999999993,1.594519999999999e-05,-0.09379716311694941,-0.08404509190939986
15.945999999999998,1.5945999999999996e-05,-0.059168058406406154,-0.08577211558568022
15.946799999999996,1.5946799999999994e-05,-0.08488450575658113,-0.08750149615373977
15.947600000000001,1.59476e-05,-0.09553910542382604,-0.08922932784359114
15.948399999999992,1.594839999999999e-05,-0.053628264205138776,-0.09095153584581187
15.949199999999998,1.5949199999999996e-05,-0.06856357966213411,-0.09266390627099003
15.950000000000003,1.595e-05,-0.043951686920162825,-0.09436211891849061
15.950800000000001,1.59508e-05,-0.05805291270093049,-0.09604178288596281
15.9516,1.5951599999999998e-05,-0.06417562413206845,-0.09769847489748325
15.952399999999997,1.5952399999999997e-05,-0.11183638948672403,-0.09932777999316732
15.953200000000002,1.59532e-05,-0.08715073379033089,-0.10092533394797576
15.954,1.5954e-05,-0.14152185667178235,-0.10248686654340924
15.954799999999999,1.59548e-05,-0.10561835358686278,-0.10400824466936458
15.955599999999997,1.5955599999999997e-05,-0.13302927066948156,-0.10548551421485983
15.956400000000002,1.5956400000000002e-05,-0.11710836710455519,-0.10691493980350072
15.9572,1.59572e-05,-0.08802094860089182,-0.10829304160404522
15.957999999999998,1.5958e-05,-0.11619219240531625,-0.10961662864891672
15.958799999999997,1.5958799999999997e-05,-0.10038325744629262,-0.11088282827400435
15.959600000000002,1.5959600000000002e-05,-0.15097165988477806,-0.11208911141877691
15.9604,1.59604e-05,-0.09323656374420786,-0.11323331360380547
15.961199999999998,1.59612e-05,-0.08998607177684681,-0.11431365147374715
15.961999999999996,1.5961999999999994e-05,-0.16212349855597974,-0.11532873488363542
15.962800000000001,1.59628e-05,-0.10345917678189342,-0.1162775745992264
15.963599999999992,1.596359999999999e-05,-0.08665614313491432,-0.11715958576001027
15.964399999999998,1.5964399999999996e-05,-0.10171874716077156,-0.11797458732588767
15.965199999999996,1.5965199999999994e-05,-0.09291938258062615,-0.11872279779073291
15.966000000000001,1.5966e-05,-0.10326228629290435,-0.11940482745539105
15.966799999999992,1.596679999999999e-05,-0.1071354138274716,-0.12002166748348055
15.967599999999997,1.5967599999999996e-05,-0.1423775078623114,-0.1205746758447656
15.968399999999995,1.5968399999999994e-05,-0.1474525949910533,-0.12106556013757173
15.9692,1.59692e-05,-0.13891480544290186,-0.12149635722599782
15.969999999999999,1.5969999999999998e-05,-0.09854334232205253,-0.12186940966877535
15.970799999999997,1.5970799999999996e-05,-0.12381607628271096,-0.1221873390532641
15.971600000000002,1.59716e-05,-0.10370259499105328,-0.12245301652090555
15.9724,1.59724e-05,-0.10293810723495289,-0.12266953090099708
15.973199999999999,1.5973199999999998e-05,-0.10366230882232497,-0.12284015491938874
15.973999999999997,1.5973999999999996e-05,-0.12522589678310447,-0.12296830992775616
15.974800000000002,1.59748e-05,-0.10753827321696707,-0.12305752953529206
15.9756,1.59756e-05,-0.145377583726243,-0.12311142244845272
15.976399999999998,1.59764e-05,-0.1341436600320297,-0.12313363476935996
15.977199999999996,1.5977199999999997e-05,-0.14295758823220717,-0.12312781199922046
15.978000000000002,1.5978000000000002e-05,-0.09865606727088272,-0.12309756105570256
15.9788,1.59788e-05,-0.07546250560932932,-0.12304641273203677
15.979599999999998,1.59796e-05,-0.1191200180005807,-0.12297778514844869
15.980399999999996,1.5980399999999994e-05,-0.09604542283919992,-0.12289494879791699
15.981200000000001,1.5981200000000002e-05,-0.12198580740138049,-0.12280099373068341
15.982,1.5981999999999997e-05,-0.1277726130146098,-0.12269879929256884
15.982799999999997,1.5982799999999995e-05,-0.12485727052222978,-0.12259100670510076
15.983599999999996,1.5983599999999994e-05,-0.11659353910905684,-0.12247999470261577
15.9844,1.59844e-05,-0.0967855122209238,-0.12236785843268447
15.985199999999992,1.598519999999999e-05,-0.0857846041500333,-0.12225639185504224
15.985999999999997,1.5985999999999996e-05,-0.09040065792629937,-0.12214707388890594
15.986799999999995,1.5986799999999994e-05,-0.14847241622760543,-0.12204105850908978
15.9876,1.59876e-05,-0.12831864876731947,-0.12193916887080483
15.988399999999999,1.5988399999999998e-05,-0.11767029065151668,-0.12184189540776093
15.989199999999997,1.5989199999999996e-05,-0.10003127532259748,-0.12174939777716426
15.990000000000002,1.599e-05,-0.1423079059420843,-0.12166151054323115
15.9908,1.59908e-05,-0.10578800884150064,-0.12157775255059082
15.991599999999998,1.5991599999999998e-05,-0.06279909190613375,-0.12149733998599743
15.992399999999996,1.5992399999999996e-05,-0.11974322139907956,-0.12141920314184396
15.993200000000002,1.59932e-05,-0.0961553109280553,-0.12134200686368804
15.994,1.5994e-05,-0.10933695731821669,-0.12126417456628784
15.994799999999998,1.5994799999999998e-05,-0.11604126180490504,-0.12118391555349604
15.995599999999996,1.5995599999999996e-05,-0.08656157500901807,-0.12109925522725176
15.996400000000001,1.59964e-05,-0.13070459964416925,-0.12100806765286151
15.9972,1.59972e-05,-0.13923898450085326,-0.12090810985843536
15.997999999999998,1.5997999999999998e-05,-0.13499647436258388,-0.12079705718134728
15.998799999999996,1.5998799999999997e-05,-0.06484686793649275,-0.12067253895473065
15.999600000000001,1.5999600000000002e-05,-0.13356490383645403,-0.12053217386825717
16.0004,1.6000399999999997e-05,-0.11931199111244761,-0.12037360440459274
16.001199999999997,1.6001199999999995e-05,-0.14156289918323822,-0.12019452978725553
16.001999999999995,1.6001999999999993e-05,-0.11720009837047651,-0.11999273687440397
16.0028,1.60028e-05,-0.13101894394777613,-0.11976612845336512
16.0036,1.6003599999999997e-05,-0.09488034472228613,-0.11951274846973109
16.004399999999997,1.6004399999999995e-05,-0.14858079163070603,-0.11923080384025295
16.005199999999995,1.6005199999999994e-05,-0.12862467100223662,-0.11891868260856646
16.006,1.6006e-05,-0.13564823716975405,-0.11857496829635543
16.0068,1.6006799999999997e-05,-0.0963675213800037,-0.11819845040594484
16.007599999999996,1.6007599999999996e-05,-0.08531932924611518,-0.11778813116309866
16.0084,1.60084e-05,-0.08108854586790304,-0.11734322872019794
16.0092,1.60092e-05,-0.14921950350359908,-0.11686317710365578
16.009999999999998,1.6009999999999997e-05,-0.1631189214182555,-0.11634762315432502
16.010799999999996,1.6010799999999996e-05,-0.09873815229399419,-0.11579642063423636
16.0116,1.60116e-05,-0.1212158344367652,-0.11520962166737377
16.0124,1.60124e-05,-0.09569003602413728,-0.11458746579636674
16.013199999999998,1.6013199999999998e-05,-0.05148856839742366,-0.11393036710580014
16.013999999999996,1.6013999999999996e-05,-0.10482114538789633,-0.11323889997524436
16.0148,1.60148e-05,-0.10442604023549795,-0.11251378401620038
16.0156,1.60156e-05,-0.09057182586669221,-0.11175586862456505
16.016399999999997,1.6016399999999998e-05,-0.11886468451992893,-0.11096611740677423
16.017199999999995,1.6017199999999996e-05,-0.14027885456605205,-0.11014559258960617
16.018,1.6018e-05,-0.11843061737322214,-0.10929543944693552
16.0188,1.6018799999999996e-05,-0.09646549419736739,-0.10841687078719353
16.019599999999997,1.6019599999999995e-05,-0.07509179883130734,-0.10751115163779573
16.020399999999995,1.6020399999999993e-05,-0.03726610708770117,-0.10657958438956278
16.0212,1.60212e-05,-0.12174522605229543,-0.10562349473474154
16.022,1.6021999999999997e-05,-0.14943303812986752,-0.10464421867849717
16.022799999999997,1.6022799999999995e-05,-0.060992653567686905,-0.10364309075413843
16.023599999999995,1.6023599999999993e-05,-0.08121583443676517,-0.10262143343942137
16.0244,1.60244e-05,-0.06992762878528425,-0.10158054773179341
16.025199999999998,1.6025199999999997e-05,-0.10486294424227938,-0.10052170484737413
16.025999999999996,1.6025999999999995e-05,-0.10842097113041244,-0.09944613896835819
16.0268,1.60268e-05,-0.07318303812986748,-0.09835504086580649
16.0276,1.60276e-05,-0.12077136470432132,-0.09724955213704203
16.028400000000005,1.6028400000000004e-05,-0.09748399125969937,-0.09613075976763488
16.029199999999996,1.6029199999999996e-05,-0.061473248434464334,-0.09499969075099145
16.03,1.603e-05,-0.10374231332828909,-0.09385730654780122
16.0308,1.60308e-05,-0.09924730656944292,-0.09270449721812528
16.031599999999997,1.6031599999999997e-05,-0.10651221042887271,-0.0915420750920047
16.032399999999996,1.6032399999999996e-05,-0.08471693101909061,-0.09037076786994498
16.0332,1.60332e-05,-0.058263042635731566,-0.08919121109588664
16.034,1.6034e-05,-0.12574488581279752,-0.0880039400288448
16.034799999999997,1.6034799999999998e-05,-0.11462501124173452,-0.08680938102271513
16.035599999999995,1.6035599999999996e-05,-0.06267180333727151,-0.08560784259274065
16.0364,1.60364e-05,-0.08110462217368986,-0.08439950643527618
16.0372,1.60372e-05,-0.09904549870323143,-0.08318441879619344
16.037999999999997,1.6037999999999995e-05,-0.029022613014609844,-0.08196248271463502
16.038799999999995,1.6038799999999993e-05,-0.006100461139394997,-0.0807334517488668
16.0396,1.6039599999999998e-05,-0.07522116791731692,-0.07949692578808307
16.040399999999998,1.6040399999999996e-05,-0.05105866228501177,-0.07825234944042332
16.041199999999996,1.6041199999999995e-05,-0.06095709626474599,-0.07699901325890397
16.041999999999994,1.6041999999999993e-05,-0.0809695793676305,-0.0757360577882324
16.0428,1.6042799999999998e-05,-0.07054591480666095,-0.07446248018014086
16.043599999999998,1.6043599999999997e-05,-0.07984346324502534,-0.073177142978878
16.044399999999996,1.6044399999999995e-05,-0.06334645183306331,-0.07187878461720507
16.0452,1.60452e-05,-0.042994469709368044,-0.07056603116502089
16.046,1.6046e-05,-0.07495467550820067,-0.069237408905093
16.046800000000005,1.6046800000000004e-05,-0.05638983923713281,-0.06789135733379392
16.047599999999996,1.6047599999999995e-05,-0.11231698435360149,-0.06652624217968318
16.0484,1.60484e-05,-0.08610727052222977,-0.0651403680233444
16.0492,1.60492e-05,-0.07302435329235935,-0.063731990143642
16.050000000000004,1.6050000000000004e-05,-0.06461668917314478,-0.062299325349507564
16.050799999999995,1.6050799999999995e-05,-0.0889467695430406,-0.06084056176861426
16.0516,1.60516e-05,-0.012833892866147223,-0.05935386779618481
16.0524,1.60524e-05,-0.04199280529565019,-0.057837400603213636
16.053199999999997,1.6053199999999997e-05,-0.02782065342043527,-0.05628931473062445
16.053999999999995,1.6053999999999996e-05,-0.04177094860089181,-0.054707771329599905
16.0548,1.60548e-05,-0.013059910595300317,-0.05309094854195233
16.0556,1.60556e-05,-0.0495109621185843,-0.05143705337843442
16.056399999999996,1.6056399999999994e-05,-0.0444434407156048,-0.049744335292261375
16.057199999999995,1.6057199999999993e-05,-0.010401982100619489,-0.048011101490310695
16.058,1.6057999999999998e-05,-0.07983570900792814,-0.04623573389393992
16.058799999999998,1.6058799999999996e-05,-0.0036810334766517183,-0.04441670756558354
16.059599999999996,1.6059599999999994e-05,-0.020776282081443442,-0.04255261035418261
16.060399999999994,1.6060399999999993e-05,-0.018864684519928954,-0.040642163467489806
16.0612,1.6061199999999998e-05,-0.05050354812088509,-0.03868424262542987
16.061999999999998,1.6061999999999996e-05,-0.05390156599718998,-0.03667789936582122
16.062799999999996,1.6062799999999995e-05,-0.027114608655997463,-0.03462238198575414
16.0636,1.60636e-05,-0.08986502475942693,-0.03251715556796679
16.0644,1.6064399999999998e-05,-0.010401982100619489,-0.030361920599296086
16.065200000000004,1.6065200000000003e-05,0.014365002275987804,-0.028156629826916305
16.065999999999995,1.6065999999999995e-05,0.01440944947898104,-0.025901503168032657
16.0668,1.60668e-05,-0.011053744907789542,-0.02359704060804481
16.0676,1.60676e-05,-0.03628751687403964,-0.021244033014883215
16.068400000000004,1.6068400000000004e-05,-0.02702420156429619,-0.01884357066996146
16.069199999999995,1.6069199999999995e-05,-0.016717422986451513,-0.016397049169601177
16.07,1.607e-05,-0.053735315433919406,-0.013906172288183439
16.0708,1.60708e-05,-0.027156975341773193,-0.011372951444719398
16.071600000000004,1.6071600000000004e-05,0.013126729036015083,-0.008799701551297803
16.072399999999995,1.6072399999999995e-05,0.07440736896180367,-0.006189033205783888
16.0732,1.60732e-05,0.0195354138735232,-0.003543841358712385
16.073999999999998,1.6074e-05,-0.013170555026983055,-0.0008672906390800976
16.074799999999996,1.6074799999999994e-05,-0.030338053900441864,0.0018372025852476642
16.075599999999994,1.6075599999999992e-05,-0.015225328951611772,0.0045659915301009685
16.0764,1.6076399999999997e-05,-0.04037625955202295,0.007315223935675819
16.077199999999998,1.6077199999999996e-05,0.03496740050308256,0.010080870801944076
16.077999999999996,1.6077999999999994e-05,0.011593781001084214,0.012858758885029976
16.078799999999994,1.6078799999999992e-05,0.00048071581282604914,0.015644606657730216
16.0796,1.6079599999999998e-05,0.054428930476135284,0.018434063216772215
16.080399999999997,1.6080399999999996e-05,-0.0008519370416480987,0.021222749481306473
16.081199999999995,1.6081199999999994e-05,0.05227883208265305,0.024006300956621526
16.082,1.6082e-05,0.04536591034684845,0.026780411305605652
16.0828,1.6082799999999998e-05,0.051503185398018236,0.02954087596638527
16.083600000000004,1.6083600000000003e-05,0.03517261306069153,0.03228363508252051
16.084399999999995,1.6084399999999995e-05,0.02584726155652317,0.035004815076826554
16.0852,1.60852e-05,0.03840154351379088,0.03770076828325903
16.086,1.6085999999999998e-05,0.06649070229513365,0.04036811011201601
16.086800000000004,1.6086800000000003e-05,0.029079785212484888,0.04300375323464041
16.087599999999995,1.6087599999999995e-05,0.08130572707756645,0.045604938255742467
16.0884,1.60884e-05,0.09279706476954885,0.0481692603260639
16.089199999999998,1.60892e-05,0.037728219192249224,0.050694691178220556
16.090000000000003,1.6090000000000003e-05,0.05603299311694787,0.05317959614516465
16.090799999999994,1.6090799999999995e-05,0.1328407556296446,0.055622745842031314
16.0916,1.60916e-05,0.06655538683813844,0.05802332232199403
16.092399999999998,1.60924e-05,0.024300317732983023,0.06038091964448125
16.093200000000003,1.6093200000000004e-05,0.08854623256268979,0.06269553893836657
16.093999999999994,1.6093999999999992e-05,0.07646497974650723,0.06496757818639305
16.0948,1.6094799999999997e-05,0.0869268499589878,0.0671978170429022
16.095599999999997,1.6095599999999995e-05,0.09238872017146849,0.06938739701881014
16.096400000000003,1.60964e-05,0.05630913176900376,0.07153779738707913
16.097199999999994,1.6097199999999992e-05,0.08419667119560992,0.07365080721926355
16.098,1.6097999999999997e-05,0.04613455913717357,0.07572849403433943
16.098799999999997,1.6098799999999996e-05,0.07572980774196547,0.07777316957442487
16.099599999999995,1.6099599999999994e-05,0.11978431729122785,0.07978735318937996
16.1004,1.61004e-05,0.08342726606241724,0.08177373322735189
16.1012,1.6101199999999998e-05,0.13707778055932907,0.08373512674546714
16.102000000000004,1.6102000000000003e-05,0.09353715415124275,0.08567443783796311
16.102799999999995,1.6102799999999994e-05,0.08051608460433224,0.08759461495469811
16.1036,1.61036e-05,0.09091951182525038,0.08949860772104631
16.1044,1.6104399999999998e-05,0.09169515850988519,0.09138932390520935
16.105200000000004,1.6105200000000003e-05,0.10047031322708899,0.09326958725295208
16.105999999999995,1.6105999999999995e-05,0.08352599522263815,0.09514209691015986
16.1068,1.61068e-05,0.10339813882235349,0.09700938911021438
16.107599999999998,1.6107599999999998e-05,0.07855247411413213,0.09887380174577994
16.108400000000003,1.6108400000000003e-05,0.13424319891571057,0.10073744237851726
16.109199999999994,1.6109199999999995e-05,0.09056488135301499,0.10260216016375107
16.11,1.611e-05,0.0785831140399208,0.10446952209148769
16.110799999999998,1.6110799999999998e-05,0.0978485098668117,0.10634079388102706
16.111600000000003,1.6111600000000003e-05,0.10772122129794948,0.10821692579600904
16.112399999999994,1.611239999999999e-05,0.09536458617256138,0.11009854353694186
16.1132,1.6113199999999997e-05,0.14890653675494459,0.11198594421774932
16.113999999999997,1.6113999999999995e-05,0.09815320792750881,0.11387909728162893
16.114800000000002,1.61148e-05,0.12690736896180066,0.11577765010166205
16.115599999999993,1.6115599999999992e-05,0.0786750338172767,0.1176809379536547
16.1164,1.6116399999999997e-05,0.14251733291462076,0.11958799801491804
16.117199999999997,1.6117199999999995e-05,0.17158527042105987,0.12149758699077352
16.118000000000002,1.6118e-05,0.15032127463245748,0.12340820189598392
16.1188,1.61188e-05,0.09417019230411605,0.12531810347835876
16.1196,1.6119599999999997e-05,0.11450477394773795,0.12722534182068196
16.120400000000004,1.6120400000000002e-05,0.15740328379150037,0.12912778375910697
16.121199999999995,1.6121199999999994e-05,0.1526279773463035,0.1310231418147151
16.122,1.6122e-05,0.11155746735528593,0.13290900431526534
16.122799999999998,1.6122799999999997e-05,0.1717341205042635,0.1347828663455449
16.123600000000003,1.6123600000000003e-05,0.13622080519452007,0.13664216116313882
16.124399999999994,1.6124399999999994e-05,0.12541187023552636,0.13848429174437588
16.1252,1.61252e-05,0.1939426618893082,0.14030666215496299
16.125999999999998,1.6125999999999998e-05,0.12144341823216864,0.14210670846404697
16.126800000000003,1.6126800000000003e-05,0.12795291274705212,0.14388192894502858
16.127599999999994,1.6127599999999994e-05,0.15416035754980162,0.14562991333205247
16.1284,1.61284e-05,0.1639036998949298,0.14734837090847341
16.129199999999997,1.6129199999999998e-05,0.17582910473361912,0.1490351571719479
16.130000000000003,1.6130000000000003e-05,0.17106703773416398,0.15068829877307166
16.130799999999994,1.613079999999999e-05,0.1480607203187202,0.15230601641780878
16.1316,1.6131599999999996e-05,0.13599611163971692,0.15388674548262204
16.132399999999997,1.6132399999999995e-05,0.19399410698657105,0.15542915417707703
16.133200000000002,1.61332e-05,0.15374652774314634,0.15693215914434192
16.133999999999993,1.613399999999999e-05,0.13936008489883567,0.15839493839877672
16.1348,1.6134799999999997e-05,0.17331302842786223,0.15981694148876632
16.135599999999997,1.6135599999999995e-05,0.14689072482462429,0.16119789675851856
16.136400000000002,1.61364e-05,0.175518921464337,0.16253781554860178
16.137199999999993,1.6137199999999992e-05,0.198210894576204,0.1638369931140211
16.137999999999998,1.6137999999999997e-05,0.16229207152839498,0.16509600597783114
16.138800000000003,1.6138800000000002e-05,0.222008178639172,0.16631570541717433
16.1396,1.61396e-05,0.2032971406335503,0.16749720682215571
16.1404,1.61404e-05,0.19819765513046206,0.16864187478294845
16.141199999999998,1.6141199999999997e-05,0.1456407248246243,0.1697513039432049
16.142000000000003,1.6142000000000002e-05,0.1686075124142572,0.17082729588237403
16.142799999999994,1.6142799999999994e-05,0.18121172678306285,0.1718718324902011
16.1436,1.61436e-05,0.17481079618272177,0.17288704640249636
16.144399999999997,1.6144399999999997e-05,0.18990744482579514,0.173875189069353
16.145200000000003,1.6145200000000003e-05,0.18618600423443643,0.17483859698319607
16.145999999999994,1.6145999999999994e-05,0.1878672345211384,0.17577965656518818
16.1468,1.61468e-05,0.1577915795609639,0.1767007682148336
16.147599999999997,1.6147599999999998e-05,0.22934892597027123,0.1776043100562053
16.148400000000002,1.6148400000000003e-05,0.16217934657956468,0.17849260194388278
16.149199999999993,1.614919999999999e-05,0.12758561066049756,0.1793678703133188
16.15,1.615e-05,0.22184684545312372,0.18023221447042123
16.150799999999997,1.6150799999999995e-05,0.1937257225716722,0.1810875748914706
16.151600000000002,1.61516e-05,0.15452690329349883,0.18193570403052692
16.152399999999993,1.615239999999999e-05,0.17661023662682884,0.1827781400403468
16.1532,1.6153199999999996e-05,0.20339038458518655,0.1836161837453121
16.153999999999996,1.6153999999999995e-05,0.15827009391063396,0.18445087914650293
16.1548,1.61548e-05,0.22147046495508205,0.18528299765956832
16.155599999999993,1.615559999999999e-05,0.16804956139012572,0.1861130261971606
16.156399999999998,1.6156399999999997e-05,0.21591818765097026,0.18694115913885134
16.157200000000003,1.6157200000000002e-05,0.17887873368916074,0.18776729419260896
16.158,1.6158e-05,0.1739468229236032,0.1885910321365181
16.1588,1.61588e-05,0.17145457716077006,0.18941168042015905
16.159599999999998,1.6159599999999997e-05,0.20858576238849091,0.19022826057264886
16.160400000000003,1.6160400000000002e-05,0.1846445456194813,0.1910395192853536
16.1612,1.61612e-05,0.16662139555543343,0.19184394292193174
16.162,1.6162e-05,0.2213696552777138,0.19263977509138872
16.162799999999997,1.6162799999999997e-05,0.21514613416923767,0.1934250368202026
16.163600000000002,1.6163600000000002e-05,0.23717650971958992,0.19419754878100168
16.1644,1.61644e-05,0.21872780308881967,0.19495495500469373
16.1652,1.61652e-05,0.18572697088196077,0.19569474756110092
16.165999999999997,1.6165999999999997e-05,0.18863872017146843,0.19641429183601827
16.166800000000002,1.6166800000000002e-05,0.21678632194438385,0.1971108521930224
16.167599999999993,1.616759999999999e-05,0.19227542739121561,0.19778161790946774
16.1684,1.61684e-05,0.2007212971619411,0.19842372929605115
16.169199999999996,1.6169199999999994e-05,0.2169588140590566,0.19903430388390053
16.17,1.617e-05,0.20904630842669136,0.1996104625337266
16.170799999999993,1.617079999999999e-05,0.19171880054136425,0.20014935530497963
16.171599999999998,1.6171599999999996e-05,0.24352107784548604,0.20064818692293032
16.172399999999996,1.6172399999999994e-05,0.16874104253456157,0.20110424169711424
16.1732,1.61732e-05,0.22153174480668947,0.20151490776823966
16.173999999999992,1.617399999999999e-05,0.19422655477853112,0.20187770058088095
16.174799999999998,1.6174799999999996e-05,0.20201101549917677,0.20219028548162213
16.175599999999996,1.6175599999999995e-05,0.18561840696742538,0.20245049931655984
16.1764,1.61764e-05,0.21451933756776642,0.20265637084969212
16.1772,1.6177199999999998e-05,0.20939412951605174,0.2028061397509959
16.177999999999997,1.6177999999999997e-05,0.21132577590618318,0.20289827381988976
16.178800000000003,1.6178800000000002e-05,0.2389307466178463,0.20293148403918465
16.1796,1.61796e-05,0.20024278281228114,0.20290473702427206
16.1804,1.61804e-05,0.2491172345211684,0.20281726445598627
16.181199999999997,1.6181199999999997e-05,0.20841194609952807,0.20266856915971168
16.182000000000002,1.6182000000000002e-05,0.20954922115069785,0.20245842760485097
16.1828,1.61828e-05,0.2376919055464508,0.20218688873023757
16.1836,1.61836e-05,0.20413955237832748,0.20185426913278934
16.184399999999997,1.6184399999999997e-05,0.211959570401954,0.20146114477538632
16.185200000000002,1.6185200000000002e-05,0.22082153900785673,0.2010083394752125
16.186,1.6186e-05,0.18460766414226026,0.2004969105271381
16.186799999999998,1.61868e-05,0.1958228631821769,0.19992813188990521
16.187599999999996,1.6187599999999994e-05,0.17264821468635505,0.1993034754006822
16.1884,1.61884e-05,0.2396432214452312,0.1986245904690709
16.189199999999992,1.618919999999999e-05,0.22033243356105492,0.19789328263254674
16.189999999999998,1.6189999999999996e-05,0.1579438343355951,0.19711149126852728
16.190799999999996,1.6190799999999994e-05,0.2272939635341077,0.19628126670953613
16.1916,1.61916e-05,0.19786174931255363,0.19540474700805202
16.192399999999992,1.619239999999999e-05,0.19086882307085484,0.1944841346050246
16.193199999999997,1.6193199999999996e-05,0.2287917312889971,0.1935216731440926
16.193999999999996,1.6193999999999994e-05,0.2008597446594077,0.19251962466050987
16.1948,1.61948e-05,0.16395590133505022,0.19148024738416006
16.1956,1.6195599999999998e-05,0.16610883658854714,0.19040577442778128
16.196399999999997,1.6196399999999996e-05,0.20504872918326666,0.18929839364927353
16.197200000000002,1.61972e-05,0.21435025014452125,0.18816022893305245
16.198,1.6198e-05,0.1831706084075455,0.18699332302881064
16.1988,1.6198799999999998e-05,0.1892021564041848,0.18579962198201475
16.199599999999997,1.6199599999999996e-05,0.19778590584095435,0.18458096114756048
16.200400000000002,1.62004e-05,0.17741652323725232,0.18333905278549487
16.2012,1.62012e-05,0.21740952534294267,0.18207547525136203
16.201999999999998,1.6202e-05,0.1621515435137909,0.18079166379716988
16.202799999999996,1.6202799999999997e-05,0.17990195961722044,0.1794889030041292
16.2036,1.6203600000000002e-05,0.17361923917428435,0.17816832087835482
16.2044,1.62044e-05,0.22539163289544484,0.17683088463724295
16.205199999999998,1.62052e-05,0.16095790598820603,0.1754773981869825
16.205999999999996,1.6205999999999994e-05,0.19858235769705335,0.17410850126693206
16.2068,1.6206800000000002e-05,0.17418891695844296,0.1727246702503625
16.2076,1.6207599999999997e-05,0.16745056785446844,0.17132622064090955
16.208399999999997,1.6208399999999995e-05,0.17206737797359195,0.16991331135468563
16.209199999999996,1.6209199999999994e-05,0.15346339119678087,0.16848595090039453
16.21,1.621e-05,0.13409775352394726,0.1670440055520165
16.210799999999992,1.621079999999999e-05,0.17008069328333542,0.16558720954266373
16.211599999999997,1.6211599999999996e-05,0.19919099747559021,0.1641151771889957
16.212399999999995,1.6212399999999994e-05,0.14834026366221365,0.16262741670164993
16.2132,1.62132e-05,0.17852599522263823,0.16112334530143835
16.214,1.6213999999999998e-05,0.13891901985782928,0.1596023051909604
16.214799999999997,1.6214799999999996e-05,0.19800776253574248,0.15806357991769135
16.215600000000002,1.62156e-05,0.15550435784430505,0.15650641066264356
16.2164,1.62164e-05,0.19725935108545878,0.15493001198228398
16.2172,1.6217199999999998e-05,0.15513346255488836,0.1533335865466885
16.217999999999996,1.6217999999999996e-05,0.17887589682915617,0.1517163384801068
16.2188,1.62188e-05,0.1714434182321657,0.1500774850173686
16.2196,1.62196e-05,0.17878832659752952,0.14841626631854754
16.220399999999998,1.6220399999999998e-05,0.16717859023670723,0.14673195342136686
16.221199999999996,1.6221199999999996e-05,0.14965702872236564,0.1450238544586839
16.222,1.6222e-05,0.13028098846379543,0.14329131942628037
16.2228,1.62228e-05,0.10587014724514487,0.14153374392767906
16.223599999999998,1.6223599999999998e-05,0.1228199504581704,0.13975057239828267
16.224399999999996,1.6224399999999997e-05,0.16192817413327776,0.13794130127792706
16.2252,1.6225200000000002e-05,0.11963206251659975,0.13610548246177273
16.226,1.6225999999999997e-05,0.148868142591992,0.13424272717518146
16.226799999999997,1.6226799999999995e-05,0.14775659008945263,0.13235271026488893
16.227599999999995,1.6227599999999994e-05,0.13582986107647632,0.13043517481069242
16.2284,1.62284e-05,0.14520722550934018,0.12848993692986455
16.2292,1.6229199999999997e-05,0.13293891695844295,0.1265168906535063
16.229999999999997,1.6229999999999995e-05,0.14592442920241255,0.12451601278759572
16.230799999999995,1.6230799999999994e-05,0.07317893047613522,0.12248736771744381
16.2316,1.62316e-05,0.1417598430528899,0.12043111215308014
16.2324,1.6232399999999997e-05,0.1391575206897968,0.11834749981762072
16.233199999999997,1.6233199999999996e-05,0.09385301114053446,0.11623688603526262
16.234,1.6234e-05,0.110134975240606,0.11409973210350868
16.2348,1.62348e-05,0.11189412951605182,0.11193660927159155
16.235599999999998,1.6235599999999997e-05,0.1508951134509109,0.10974820209284594
16.236399999999996,1.6236399999999996e-05,0.11527890794664464,0.10753531085763249
16.2372,1.62372e-05,0.12185441117881601,0.10529885277010964
16.238,1.6238e-05,0.10183284966448436,0.10303986154920416
16.238799999999998,1.6238799999999998e-05,0.1382018161647569,0.1007594852099424
16.239599999999996,1.6239599999999996e-05,0.11961258151941268,0.09845898187516676
16.2404,1.62404e-05,0.08978507363409538,0.09613971355707096
16.2412,1.62412e-05,0.10682244707874744,0.09380313794335586
16.241999999999997,1.6241999999999998e-05,0.08559892597024121,0.09145079832516279
16.242799999999995,1.6242799999999996e-05,0.07954506011640294,0.08908431188391161
16.2436,1.62436e-05,0.10687672903601508,0.0867053565835483
16.2444,1.6244399999999996e-05,0.11450950281346206,0.0843156568961532
16.245199999999997,1.6245199999999995e-05,0.07640445623779735,0.08191696855393062
16.245999999999995,1.6245999999999993e-05,0.08759317638622,0.0795110625106431
16.2468,1.62468e-05,0.05565112741036138,0.07709970832759436
16.2476,1.6247599999999997e-05,0.06205338218499257,0.07468465724190013
16.248399999999997,1.6248399999999995e-05,0.11438089007030983,0.07226762517577784
16.249199999999995,1.6249199999999993e-05,0.054413610513246,0.06985027588733812
16.25,1.625e-05,0.059987449331699305,0.06743420438143641
16.250799999999998,1.6250799999999997e-05,0.1046653507909554,0.0650209206411262
16.251599999999996,1.6251599999999995e-05,0.04683360600734188,0.06261183371605532
16.2524,1.62524e-05,0.0853999549640645,0.06020823619601655
16.2532,1.62532e-05,0.09107195511131627,0.05781128910227058
16.254000000000005,1.6254000000000004e-05,0.04055372242442057,0.05542200725784245
16.254799999999996,1.6254799999999996e-05,0.07865328379150038,0.053041245254978275
16.2556,1.62556e-05,0.04049527943285813,0.050669684213074294
16.2564,1.62564e-05,0.0885899234227856,0.04830781959137424
16.257199999999997,1.6257199999999997e-05,0.06667076013553874,0.04595595037192927
16.257999999999996,1.6257999999999996e-05,0.006787078287241233,0.04361416997288321
16.2588,1.62588e-05,0.0262452035688564,0.041282359310019556
16.2596,1.62596e-05,-0.0025229532540077537,0.03896018247165369
16.260399999999997,1.6260399999999998e-05,0.054007346432313086,0.03664708544168737
16.261199999999995,1.6261199999999996e-05,0.02285475141828397,0.03434229816014196
16.262,1.6262e-05,0.045890952416619,0.03204483999223755
16.2628,1.62628e-05,0.022150030828066214,0.029753528470915173
16.263599999999997,1.6263599999999995e-05,0.036816205527305024,0.02746699103628114
16.264399999999995,1.6264399999999993e-05,0.05950326126201977,0.025183679415996106
16.2652,1.6265199999999998e-05,0.014236201021440964,0.02290188625106272
16.266,1.6265999999999996e-05,0.009216152192794036,0.020619763564610587
16.266799999999996,1.6266799999999995e-05,0.06508409797477277,0.018335342693289045
16.267599999999995,1.6267599999999993e-05,0.03753397705180006,0.016046555331778886
16.2684,1.6268399999999998e-05,0.023400030828066187,0.013751255371316481
16.269199999999998,1.6269199999999997e-05,-0.02014891764864979,0.011447241267529568
16.269999999999996,1.6269999999999995e-05,0.04448378026482569,0.009132278762381004
16.2708,1.62708e-05,0.048377145139444466,0.006804123867716354
16.2716,1.62716e-05,-0.043761226494050565,0.0044605460569586974
16.272400000000005,1.6272400000000004e-05,0.011781404567191678,0.0020993516304425707
16.273199999999996,1.6273199999999995e-05,-0.0003492128291064933,-0.0002815927539959323
16.274,1.6274e-05,0.004968724677402503,-0.0026843363889138237
16.2748,1.62748e-05,-0.042519548562640286,-0.005110820716419558
16.275600000000004,1.6275600000000004e-05,0.011910773653201034,-0.007562855555954725
16.276399999999995,1.6276399999999995e-05,0.005451400061327494,-0.010042095590693665
16.2772,1.62772e-05,-0.010082720419890223,-0.012550017437727871
16.278,1.6278e-05,0.0235161604683638,-0.015087897707560976
16.278799999999997,1.6278799999999997e-05,-0.023672899919496837,-0.017656792488834634
16.279599999999995,1.6279599999999996e-05,-0.0462298302254045,-0.02025751866358419
16.2804,1.62804e-05,0.017140952416649036,-0.022890637397624477
16.2812,1.62812e-05,-0.00012243875712603103,-0.02555644010654716
16.281999999999996,1.6281999999999994e-05,-0.011866273069715216,-0.028254937185043787
16.282799999999995,1.6282799999999993e-05,-0.0014079960600669184,-0.030985849765320393
16.2836,1.6283599999999998e-05,-0.047889687509169665,-0.03374860469064639
16.284399999999998,1.6284399999999996e-05,-0.06625630911682845,-0.036542332761285684
16.285199999999996,1.6285199999999994e-05,-0.006578407657632179,-0.03936587019462826
16.285999999999994,1.6285999999999993e-05,-0.027806089800403333,-0.042217763197365456
16.2868,1.6286799999999998e-05,-0.049206264057887084,-0.04509627557608105
16.287599999999998,1.6287599999999996e-05,0.020068021668986136,-0.047999399354324804
16.288399999999996,1.6288399999999995e-05,-0.016837145829651456,-0.05092486835404277
16.2892,1.62892e-05,-0.04415841216349636,-0.053870174608491264
16.29,1.6289999999999998e-05,-0.06964732909886351,-0.05683258730251275
16.290800000000004,1.6290800000000003e-05,-0.11604825969927468,-0.05980917372051944
16.291599999999995,1.6291599999999995e-05,-0.06654152618037135,-0.0627968215139823
16.2924,1.62924e-05,-0.08018712330013078,-0.06579226157692733
16.2932,1.62932e-05,-0.06307466272676698,-0.06879209096030645
16.294000000000004,1.6294000000000004e-05,-0.02002446593976248,-0.07179279548730785
16.294799999999995,1.6294799999999995e-05,-0.07188651040969685,-0.07479077193779053
16.2956,1.62956e-05,-0.12904909190613367,-0.07778234977235546
16.2964,1.62964e-05,-0.07412361120338296,-0.0807638123649389
16.297200000000004,1.6297200000000004e-05,-0.08431066693812761,-0.08373141768730706
16.297999999999995,1.6297999999999995e-05,-0.11389116341145289,-0.08668141843179297
16.2988,1.62988e-05,-0.07664366003202971,-0.08961008168564301
16.299599999999998,1.62996e-05,-0.05263775871998533,-0.09251370842608611
16.300399999999996,1.6300399999999994e-05,-0.022582152588497606,-0.09538865323207443
16.301199999999994,1.6301199999999992e-05,-0.09373474760252681,-0.09823134465682033
16.302,1.6301999999999997e-05,-0.06662285486055552,-0.10103830662282673
16.302799999999998,1.6302799999999996e-05,-0.11534921282910648,-0.10380618098539868
16.303599999999996,1.6303599999999994e-05,-0.1052692083231423,-0.1065317511427646
16.304399999999994,1.6304399999999992e-05,-0.09798066243226355,-0.10921196635571195
16.3052,1.6305199999999998e-05,-0.09761071199706894,-0.11184396632635114
16.305999999999997,1.6305999999999996e-05,-0.10617838512811162,-0.11442510555405346
16.306799999999996,1.6306799999999994e-05,-0.11412285486055551,-0.11695297698434286
16.3076,1.63076e-05,-0.1303297318318523,-0.11942543445545087
16.3084,1.6308399999999998e-05,-0.1203881748234148,-0.12184061342880942
16.309200000000004,1.6309200000000003e-05,-0.1304417004378552,-0.12419694949110893
16.309999999999995,1.6309999999999995e-05,-0.13627503377115524,-0.12649319415614313
16.3108,1.63108e-05,-0.09188367354972204,-0.12872842756982816
16.3116,1.6311599999999998e-05,-0.09334455982735057,-0.1309020678069939
16.312400000000004,1.6312400000000003e-05,-0.1891194501690881,-0.13301387650602634
16.313199999999995,1.6313199999999995e-05,-0.14952836259859104,-0.13506396058926906
16.314,1.6314e-05,-0.16243046564525904,-0.13705276979356557
16.314799999999998,1.63148e-05,-0.11005643003980115,-0.1389810897725582
16.315600000000003,1.6315600000000004e-05,-0.15126879221971284,-0.14085003067674062
16.316399999999994,1.6316399999999995e-05,-0.17539157951488232,-0.14266101131351422
16.3172,1.63172e-05,-0.10602745452780038,-0.14441573915426198
16.317999999999998,1.6318e-05,-0.1595228773900762,-0.14611618657091768
16.318800000000003,1.6318800000000004e-05,-0.15834021028162093,-0.1477645637787963
16.319599999999994,1.6319599999999992e-05,-0.10329311473005759,-0.14936328904419008
16.3204,1.6320399999999997e-05,-0.15287077434340807,-0.15091495677249647
16.321199999999997,1.6321199999999995e-05,-0.1390178841489223,-0.15242230411732305
16.322000000000003,1.6322e-05,-0.15873815229399418,-0.1538881767372038
16.322799999999994,1.6322799999999992e-05,-0.1624590250539304,-0.1553154942814908
16.3236,1.6323599999999997e-05,-0.12716132488750287,-0.15670721614471164
16.324399999999997,1.6324399999999996e-05,-0.14416181685496393,-0.15806630801875446
16.325199999999995,1.6325199999999994e-05,-0.15571235388136617,-0.15939570978243417
16.326,1.6326e-05,-0.10629735162838416,-0.1606983052586259
16.3268,1.6326799999999998e-05,-0.162489664979649,-0.1619768943142233
16.327600000000004,1.6327600000000003e-05,-0.15471201364186832,-0.1632341676781149
16.328399999999995,1.6328399999999994e-05,-0.1753562107233762,-0.164472684723435
16.3292,1.63292e-05,-0.08917789316065061,-0.16569485433343822
16.33,1.6329999999999998e-05,-0.19331524407585193,-0.16690291887436692
16.330800000000004,1.6330800000000003e-05,-0.170816568250172,-0.16809894122384855
16.331599999999995,1.6331599999999995e-05,-0.17585288189594028,-0.16928479472086325
16.3324,1.63324e-05,-0.1512215081568148,-0.17046215582887164
16.333199999999998,1.6333199999999998e-05,-0.13303286387238378,-0.1716324992820902
16.334000000000003,1.6334000000000003e-05,-0.17172933825794345,-0.17279709550814887
16.334799999999994,1.6334799999999995e-05,-0.18651296677170015,-0.17395701012376455
16.3356,1.63356e-05,-0.1536846266795539,-0.17511310524772616
16.336399999999998,1.6336399999999998e-05,-0.2276154408628564,-0.17626604230460807
16.337200000000003,1.6337200000000003e-05,-0.15558166062103657,-0.17741628596546277
16.337999999999994,1.633799999999999e-05,-0.20345369157327858,-0.1785641089170325
16.3388,1.6338799999999997e-05,-0.1885921390708053,-0.17970959725856853
16.339599999999997,1.6339599999999995e-05,-0.15935870734395297,-0.18085265646731716
16.340400000000002,1.63404e-05,-0.1794241482297853,-0.1819930180192211
16.341199999999994,1.6341199999999992e-05,-0.1650327880083522,-0.1831302468718436
16.342,1.6341999999999997e-05,-0.14596844370474527,-0.1842637500868201
16.342799999999997,1.6342799999999995e-05,-0.2062201839824948,-0.18539278687468194
16.343600000000002,1.63436e-05,-0.1203429712776643,-0.186516480290648
16.3444,1.63444e-05,-0.18275256418596303,-0.18763383071505868
16.3452,1.6345199999999997e-05,-0.16225381249625137,-0.18874373113175932
16.346000000000004,1.6346000000000002e-05,-0.20256399576556355,-0.18984498407480033
16.346799999999995,1.6346799999999994e-05,-0.17059754841538854,-0.19093631995802507
16.3476,1.63476e-05,-0.195314411868993,-0.19201641636711977
16.348399999999998,1.6348399999999997e-05,-0.20233173648506814,-0.19308391781208728
16.349200000000003,1.6349200000000003e-05,-0.1875730741769805,-0.19413745541201474
16.349999999999994,1.6349999999999994e-05,-0.17434622424106855,-0.19517566599729244
16.3508,1.63508e-05,-0.22395660429728498,-0.19619721015139882
16.351599999999998,1.6351599999999998e-05,-0.20288609430626736,-0.19720078875882424
16.352400000000003,1.6352400000000003e-05,-0.17197143229278333,-0.1981851576711134
16.353199999999994,1.6353199999999994e-05,-0.2322774545278004,-0.19914914016179758
16.354,1.6354e-05,-0.17741665836805454,-0.20009163691973877
16.354799999999997,1.6354799999999998e-05,-0.2428624522748185,-0.20101163341499567
16.355600000000003,1.6355600000000003e-05,-0.19280400928325586,-0.20190820455555722
16.356399999999994,1.635639999999999e-05,-0.20105109655924952,-0.2027805166529295
16.3572,1.6357199999999996e-05,-0.22574639849855233,-0.2036278268393634
16.357999999999997,1.6357999999999995e-05,-0.2066215306862354,-0.20444948021554502
16.358800000000002,1.63588e-05,-0.1786137005851069,-0.20524490513653193
16.359599999999993,1.635959999999999e-05,-0.18228577659639023,-0.20601360715840908
16.3604,1.6360399999999997e-05,-0.17829027787008295,-0.20675516225253357
16.361199999999997,1.6361199999999995e-05,-0.17391707447148413,-0.20746920991105616
16.362000000000002,1.6362e-05,-0.1950299511483774,-0.20815544669106234
16.362799999999993,1.6362799999999992e-05,-0.2171904521275667,-0.20881362059244118
16.363599999999998,1.6363599999999997e-05,-0.18749723070541124,-0.20944352648619924
16.364400000000003,1.6364400000000002e-05,-0.2206747160612778,-0.2100450026595836
16.3652,1.63652e-05,-0.2180669084895699,-0.21061792845526212
16.366,1.6366e-05,-0.18332848352156395,-0.21116222295421638
16.366799999999998,1.6366799999999997e-05,-0.1652894456632239,-0.21167784466390085
16.367600000000003,1.6367600000000002e-05,-0.21079443890437766,-0.21216479218791684
16.368399999999994,1.6368399999999994e-05,-0.21717380799038732,-0.21262310582332608
16.3692,1.63692e-05,-0.23962236289309446,-0.2130528699385762
16.369999999999997,1.6369999999999997e-05,-0.19224265356768694,-0.21345421587992172
16.370800000000003,1.6370800000000003e-05,-0.18785696706620353,-0.2138273251134006
16.371599999999994,1.6371599999999994e-05,-0.21645944115735982,-0.2141724323451409
16.3724,1.63724e-05,-0.2306609087840733,-0.21448982841309636
16.373199999999997,1.6373199999999998e-05,-0.23320195129562904,-0.21477986275721858
16.374000000000002,1.6374000000000003e-05,-0.23229901604210212,-0.21504294527732226
16.374799999999993,1.637479999999999e-05,-0.16658672972622196,-0.21527954744030314
16.3756,1.63756e-05,-0.1991124522748185,-0.21549020261366872
16.376399999999997,1.6376399999999995e-05,-0.2086443405109255,-0.2156755057175256
16.377200000000002,1.63772e-05,-0.18122358867396232,-0.21583611232327513
16.377999999999993,1.637799999999999e-05,-0.21352953504494793,-0.2159727372649858
16.3788,1.6378799999999996e-05,-0.20851289090776853,-0.2160861527129903
16.379599999999996,1.6379599999999995e-05,-0.259782183393488,-0.21617718554198273
16.3804,1.63804e-05,-0.1997558930133989,-0.21624671374569487
16.381199999999993,1.638119999999999e-05,-0.2471369265131264,-0.21629566164115718
16.381999999999998,1.6381999999999997e-05,-0.17383631362279245,-0.21632499368245162
16.382800000000003,1.6382800000000002e-05,-0.23359838062224758,-0.2163357068345682
16.3836,1.63836e-05,-0.23958812976447358,-0.21632882158216044
16.3844,1.63844e-05,-0.18321651491566104,-0.21630537173161637
16.385199999999998,1.6385199999999997e-05,-0.22499306967111637,-0.2162663932235237
16.386000000000003,1.6386000000000002e-05,-0.20386411668853632,-0.21621291223272984
16.3868,1.63868e-05,-0.19707507883019643,-0.21614593288821743
16.3876,1.63876e-05,-0.23694703391840688,-0.2160664249718594
16.388399999999997,1.6388399999999997e-05,-0.16529436304034612,-0.21597531195228614
16.389200000000002,1.6389200000000002e-05,-0.23268163809151599,-0.21587345969310298
16.39,1.639e-05,-0.18582715934734384,-0.2157616661499285
16.3908,1.63908e-05,-0.1697197678790653,-0.21564065233058033
16.391599999999997,1.6391599999999997e-05,-0.1858744434102419,-0.21551105472480211
16.392400000000002,1.6392400000000002e-05,-0.18537701589485034,-0.21537341929735887
16.393199999999993,1.639319999999999e-05,-0.20793621522924027,-0.21522819696500123
16.394,1.6394e-05,-0.2701001208998971,-0.21507574025783543
16.394799999999996,1.6394799999999994e-05,-0.2488968371315025,-0.21491630066473155
16.3956,1.63956e-05,-0.2462179149539127,-0.21475002607463023
16.396399999999993,1.639639999999999e-05,-0.22898516370595628,-0.21457695781674313
16.397199999999998,1.6397199999999996e-05,-0.1777658036317749,-0.21439702705699917
16.397999999999996,1.6397999999999994e-05,-0.18640383502577212,-0.21421005062501758
16.3988,1.63988e-05,-0.20033181234899972,-0.21401572659734266
16.399599999999992,1.639959999999999e-05,-0.2044714322927833,-0.2138136300663557
16.400399999999998,1.6400399999999996e-05,-0.19707224197012163,-0.21360320948424336
16.401199999999996,1.6401199999999995e-05,-0.24163250110346518,-0.21338378386065301
16.402,1.6402e-05,-0.1701426760972075,-0.21315454099090228
16.4028,1.6402799999999998e-05,-0.20877711428830253,-0.21291453683650566
16.403599999999997,1.6403599999999997e-05,-0.20512451927427344,-0.21266269616147657
16.404400000000003,1.6404400000000002e-05,-0.2016347701320474,-0.21239781451108788
16.4052,1.64052e-05,-0.20184130686394636,-0.21211856158109813
16.406,1.6406e-05,-0.1862625506682707,-0.21182348597306783
16.406799999999997,1.6406799999999997e-05,-0.2399728323310349,-0.21151102128125512
16.407600000000002,1.6407600000000002e-05,-0.19370202715956064,-0.21117949341149475
16.4084,1.64084e-05,-0.18369919029958587,-0.21082712899795786
16.4092,1.64092e-05,-0.2512012708167333,-0.2104520647723121
16.409999999999997,1.6409999999999997e-05,-0.2013890828943054,-0.21005235774976486
16.410800000000002,1.6410800000000002e-05,-0.19397816581168653,-0.20962599611940994
16.4116,1.64116e-05,-0.20356641652210872,-0.20917091076879146
16.412399999999998,1.64124e-05,-0.17811778575537013,-0.20868498743158018
16.413199999999996,1.6413199999999994e-05,-0.2312075123681755,-0.20816607948740457
16.414,1.6414000000000002e-05,-0.16890591554291956,-0.2076120214357528
16.414799999999993,1.641479999999999e-05,-0.21877087273686024,-0.20702064302544662
16.415599999999998,1.6415599999999996e-05,-0.20227594184204573,-0.20638978397899638
16.416399999999996,1.6416399999999994e-05,-0.18565807192409856,-0.2057173092219668
16.4172,1.64172e-05,-0.19388151716854307,-0.2050011245103606
16.417999999999992,1.641799999999999e-05,-0.2021974500218363,-0.20423919233694687
16.418799999999997,1.6418799999999996e-05,-0.2076112798285616,-0.2034295479788902
16.419599999999996,1.6419599999999994e-05,-0.19450680108428942,-0.2025703155214874
16.4204,1.64204e-05,-0.2175785593855954,-0.20165972367444743
16.4212,1.6421199999999998e-05,-0.19008763779701243,-0.200696121208597
16.421999999999997,1.6421999999999996e-05,-0.19904285035469144,-0.1996779918840566
16.422800000000002,1.64228e-05,-0.19116306516525233,-0.1986039688021412
16.4236,1.64236e-05,-0.17067131136981045,-0.19747284817331395
16.4244,1.6424399999999998e-05,-0.17097392891336022,-0.1962836025315061
16.425199999999997,1.6425199999999996e-05,-0.18730809445351915,-0.19503539342137893
16.426000000000002,1.6426e-05,-0.19948599591281518,-0.19372758352949881
16.4268,1.64268e-05,-0.1544727564671033,-0.19235974813675383
16.427599999999998,1.64276e-05,-0.18501047015112315,-0.19093168567305863
16.428399999999996,1.6428399999999997e-05,-0.20226553925630858,-0.18944342707954515
16.4292,1.6429200000000002e-05,-0.20715565116745321,-0.18789524362356316
16.43,1.643e-05,-0.1910336960792427,-0.18628765277253828
16.430799999999998,1.64308e-05,-0.17055650590383276,-0.18462142174707527
16.431599999999996,1.6431599999999994e-05,-0.18665557530352167,-0.18289756845749075
16.4324,1.6432400000000002e-05,-0.14302794649516154,-0.18111735964306283
16.4332,1.6433199999999997e-05,-0.19823315905284045,-0.1792823061201119
16.433999999999997,1.6433999999999995e-05,-0.19182106952386474,-0.17739415507555092
16.434799999999996,1.6434799999999994e-05,-0.1937027835024881,-0.17545487933826184
16.4356,1.64356e-05,-0.19601213456484107,-0.17346666357667156
16.436399999999992,1.643639999999999e-05,-0.14046477463791157,-0.1714318874557679
16.437199999999997,1.6437199999999996e-05,-0.18637243875712606,-0.16935310593916186
16.437999999999995,1.6437999999999994e-05,-0.14889191975428018,-0.16723302708859217
16.4388,1.64388e-05,-0.14884955306850434,-0.1650744878369524
16.4396,1.6439599999999998e-05,-0.16148648788027625,-0.16288042827181734
16.440399999999997,1.6440399999999996e-05,-0.12612826420513884,-0.16065386497668915
16.441200000000002,1.64412e-05,-0.22184887258960861,-0.15839786395361674
16.442,1.6442e-05,-0.11671118143500936,-0.15611551361442372
16.4428,1.6442799999999998e-05,-0.14257931572842286,-0.15380989831330982
16.443599999999996,1.6443599999999996e-05,-0.11869710978243841,-0.15148407292213037
16.4444,1.64444e-05,-0.15440315454687625,-0.1491410389889378
16.4452,1.64452e-05,-0.1246932889875415,-0.14678372301117706
16.445999999999998,1.6445999999999998e-05,-0.11342872536750953,-0.1444149572823142
16.446799999999996,1.6446799999999996e-05,-0.07180234486953796,-0.1420374636671803
16.4476,1.64476e-05,-0.16881607628271095,-0.139653840539543
16.4484,1.64484e-05,-0.1495644877330246,-0.13726655295242987
16.449199999999998,1.6449199999999998e-05,-0.12012527561710079,-0.13487792591801648
16.449999999999996,1.6449999999999997e-05,-0.12692187920120307,-0.1324901405241151
16.4508,1.6450800000000002e-05,-0.12434187469533886,-0.13010523256700632
16.4516,1.6451599999999997e-05,-0.11390307868294469,-0.12772509340602792
16.452399999999997,1.6452399999999995e-05,-0.07377503377115524,-0.12535147277233738
16.453199999999995,1.6453199999999994e-05,-0.12158313652331976,-0.12298598325072167
16.454,1.6454e-05,-0.09960836710455523,-0.1206301060862952
16.4548,1.6454799999999997e-05,-0.14522041157448962,-0.11828519784932473
16.455599999999997,1.6455599999999995e-05,-0.1398156601792815,-0.11595249735758863
16.456399999999995,1.6456399999999994e-05,-0.11053418804660375,-0.11363313217427534
16.4572,1.64572e-05,-0.11477669818487307,-0.11132812402096579
16.458,1.6457999999999997e-05,-0.1254749887122139,-0.10903839256162023
16.458799999999997,1.6458799999999996e-05,-0.15057523055815947,-0.10676475717154542
16.459600000000002,1.64596e-05,-0.08930158852671055,-0.1045079364662104
16.4604,1.64604e-05,-0.09208056403871123,-0.10226854553543141
16.461199999999998,1.6461199999999998e-05,-0.06744994664241322,-0.10004709101588444
16.461999999999996,1.6461999999999996e-05,-0.1260719017307237,-0.09784396429668515
16.4628,1.64628e-05,-0.10325396422431465,-0.09565943323521425
16.4636,1.64636e-05,-0.08793413471209288,-0.09349363277410094
16.464399999999998,1.6464399999999998e-05,-0.10370618819385546,-0.09134655486494463
16.465199999999996,1.6465199999999996e-05,-0.04548614764077841,-0.08921803816646282
16.466,1.6466e-05,-0.045817324592999364,-0.08710775807049484
16.4668,1.64668e-05,-0.06754527111123665,-0.08501521765403228
16.467599999999997,1.6467599999999998e-05,-0.10175638498085987,-0.0829397401072736
16.468399999999995,1.6468399999999996e-05,-0.05972941412197508,-0.08088046305044365
16.4692,1.64692e-05,-0.0785913827278778,-0.07883633499396156
16.47,1.6469999999999996e-05,-0.08165349478637429,-0.07680611409302684
16.470799999999997,1.6470799999999995e-05,-0.013404326993233129,-0.07478836931344703
16.471599999999995,1.6471599999999993e-05,-0.10724681460198182,-0.07278148411934938
16.4724,1.64724e-05,-0.05629867580270409,-0.07078366277134988
16.4732,1.6473199999999997e-05,-0.03910261752047395,-0.06879293927473648
16.473999999999997,1.6473999999999995e-05,-0.06939691299543405,-0.06680718896281225
16.474799999999995,1.6474799999999993e-05,-0.07057315004101217,-0.06482414265994314
16.4756,1.64756e-05,-0.07144128433442576,-0.06284140333694796
16.476399999999998,1.6476399999999997e-05,-0.021068497039256284,-0.060856465148098844
16.477199999999996,1.6477199999999995e-05,-0.04614566468514558,-0.058866734739740544
16.478,1.6478e-05,0.0017216374014089597,-0.05686955473205689
16.4788,1.64788e-05,-0.06116022830517742,-0.05486222924379031
16.479600000000005,1.6479600000000004e-05,-0.031047503356347317,-0.05284205121581051
16.480399999999996,1.6480399999999996e-05,-0.04387092607137122,-0.05080633111364663
16.4812,1.64812e-05,-0.050698358092726936,-0.04875242641178337
16.482,1.6482e-05,-0.07305499321807807,-0.04667777113433712
16.482799999999997,1.6482799999999997e-05,-0.06850438032774409,-0.04457990466819605
16.483599999999996,1.6483599999999996e-05,-0.055484067123630965,-0.04245649908609451
16.4844,1.64844e-05,-0.05584229079876846,-0.04030538432823745
16.4852,1.64852e-05,-0.06277885456605214,-0.03812457078036789
16.485999999999997,1.6485999999999998e-05,-0.019298183835243066,-0.03591226901470794
16.486799999999995,1.6486799999999996e-05,-0.06301603122376964,-0.03366690668821672
16.4876,1.64876e-05,0.030914026616675416,-0.03138714279533566
16.4884,1.64884e-05,-0.0006767965784253427,-0.02907187962782326
16.489199999999997,1.6489199999999995e-05,-0.008356286587407835,-0.02672027286960065
16.489999999999995,1.6489999999999993e-05,-0.009016371463167472,-0.024331740218622756
16.4908,1.6490799999999998e-05,-0.013833476762717734,-0.021905968788959028
16.4916,1.6491599999999996e-05,-0.032085292904498686,-0.01944292136682179
16.492399999999996,1.6492399999999995e-05,-0.0496876152675918,-0.016942841449611123
16.493199999999995,1.6493199999999993e-05,0.036894129516051755,-0.014406256931906409
16.494,1.6493999999999998e-05,-0.032954183540739646,-0.011833982322891585
16.494799999999998,1.6494799999999997e-05,0.01416243806691908,-0.009227119451919903
16.495599999999996,1.6495599999999995e-05,-0.002804577114648543,-0.0065870566831914105
16.4964,1.64964e-05,-0.023550340216422105,-0.003915466682104905
16.4972,1.64972e-05,0.04229207152839498,-0.0012143027701157945
16.498000000000005,1.6498000000000004e-05,0.03861583448284689,0.0015142060999589072
16.498799999999996,1.6498799999999995e-05,0.03528514949808692,0.004267561726612159
16.4996,1.64996e-05,-0.03552586597801399,0.0070430044363491776
16.5004,1.65004e-05,0.013947579266430421,0.009837522415162493
16.501200000000004,1.6501200000000004e-05,0.02101426846262122,0.012647862891292392
16.501999999999995,1.6501999999999995e-05,0.010605923864540845,0.015470545524984964
16.5028,1.65028e-05,-0.044642411721741326,0.018301878320693365
16.5036,1.65036e-05,0.0605849301816318,0.021137976279635637
16.504399999999997,1.6504399999999997e-05,0.00044383433556516305,0.02397478288208166
16.505199999999995,1.6505199999999996e-05,0.04698037557339818,0.026808094329043144
16.506,1.6506e-05,0.01430164190727301,0.029633586309506403
16.5068,1.65068e-05,0.06642734192641897,0.03244684293716293
16.507599999999996,1.6507599999999994e-05,0.09978639780837528,0.0352433874345661
16.508399999999995,1.6508399999999993e-05,0.011193758471603643,0.03801871413249367
16.5092,1.6509199999999998e-05,0.06387173579486116,0.0407683214142642
16.509999999999998,1.6509999999999996e-05,0.015555802941567998,0.043487745364683666
16.510799999999996,1.6510799999999994e-05,0.03370699791734555,0.046172594016520865
16.511599999999994,1.6511599999999993e-05,0.08057244707874744,0.04881858214467182
16.5124,1.6512399999999998e-05,0.03394833560932786,0.05142156651980334
16.513199999999998,1.6513199999999996e-05,0.07086598621084994,0.053977581445900355
16.513999999999996,1.6513999999999995e-05,0.04407694835247011,0.056482874328974066
16.5148,1.65148e-05,0.0665011048808708,0.058933940978700014
16.5156,1.6515599999999998e-05,0.04086541837941726,0.06132756031240679
16.516400000000004,1.6516400000000003e-05,0.0688467695890922,0.0636608280866238
16.517199999999995,1.6517199999999995e-05,0.08689621003319925,0.06593118921549547
16.518,1.6518e-05,0.09502716766893515,0.0681364681566038
16.5188,1.65188e-05,0.08484011193422047,0.07027489678437565
16.519600000000004,1.6519600000000004e-05,0.060542563495826096,0.07234513916849335
16.520399999999995,1.6520399999999995e-05,0.08049811629286285,0.07434631273604349
16.5212,1.65212e-05,0.05779838894383882,0.0762780053769066
16.522,1.6522e-05,0.1428776371068725,0.07814028809517386
16.522800000000004,1.6522800000000004e-05,0.08403798635810167,0.07993372280387381
16.523599999999995,1.6523599999999995e-05,0.09845298861104379,0.08165936485423245
16.5244,1.65244e-05,0.088542071528395,0.08331875994184462
16.525199999999998,1.65252e-05,0.10823321243340289,0.08491393514455504
16.525999999999996,1.6525999999999994e-05,0.1306023306616716,0.08644738397444696
16.526799999999994,1.6526799999999992e-05,0.12093142709671223,0.0879220454411001
16.5276,1.6527599999999997e-05,0.05429464401297357,0.08934127724878721
16.528399999999998,1.6528399999999996e-05,0.1051266531720163,0.09070882341097931
16.529199999999996,1.6529199999999994e-05,0.1353290288696175,0.09202877672918211
16.529999999999994,1.6529999999999993e-05,0.08891277830638689,0.09330553669232246
16.5308,1.6530799999999998e-05,0.12336182517655214,0.09454376340711867
16.531599999999997,1.6531599999999996e-05,0.08887249213771864,0.09574832822497051
16.532399999999996,1.6532399999999994e-05,0.08907978521248494,0.0969242618154098
16.5332,1.65332e-05,0.10745624157448508,0.09807670051924362
16.534,1.6533999999999998e-05,0.0703311093867649,0.09921083185395187
16.534800000000004,1.6534800000000003e-05,0.09079373594211293,0.10033184002388387
16.535599999999995,1.6535599999999995e-05,0.113814049146159,0.1014448522133782
16.5364,1.65364e-05,0.09587714513944445,0.10255488632521859
16.5372,1.6537199999999998e-05,0.11608103352277033,0.10366680069434143
16.538000000000004,1.6538000000000003e-05,0.10770041612647241,0.10478524619223845
16.538799999999995,1.6538799999999995e-05,0.1106762821275652,0.10591462106343946
16.5396,1.65396e-05,0.17412423241543806,0.10705902880000201
16.540399999999998,1.65404e-05,0.08911382982970095,0.10822223935951529
16.541200000000003,1.6541200000000004e-05,0.11290562868408416,0.1094076540786659
16.541999999999994,1.6541999999999995e-05,0.07120075636590317,0.11061827472669516
16.5428,1.65428e-05,0.10397122129794956,0.11185667722849973
16.543599999999998,1.65436e-05,0.09290638502694493,0.11312499058718475
16.544400000000003,1.6544400000000004e-05,0.1543873201331869,0.11442488141997993
16.545199999999994,1.6545199999999992e-05,0.11184760179595121,0.11575754433734414
16.546,1.6545999999999997e-05,0.1118517628302459,0.11712369822793324
16.546799999999998,1.6546799999999995e-05,0.09494300212873619,0.11852358841713685
16.547600000000003,1.65476e-05,0.139267597290057,0.11995699462819263
16.548399999999994,1.6548399999999992e-05,0.1029529127470491,0.12142324463168712
16.5492,1.6549199999999997e-05,0.11996248312592739,0.1229212333865845
16.549999999999997,1.6549999999999996e-05,0.12517185671783404,0.12444944736898203
16.550799999999995,1.6550799999999994e-05,0.15823604929340784,0.12600599367914736
16.5516,1.65516e-05,0.1097219017768053,0.12758863342583807
16.5524,1.6552399999999998e-05,0.1474520805401932,0.1291948188240264
16.553200000000004,1.6553200000000003e-05,0.0959371008167288,0.1308217334172316
16.553999999999995,1.6553999999999994e-05,0.08531730210960031,0.1324663348246666
16.5548,1.65548e-05,0.1576871766807234,0.13412539936331455
16.5556,1.6555599999999998e-05,0.15493051902585164,0.1357955677656968
16.556400000000004,1.6556400000000003e-05,0.1970722953507541,0.13747339102684886
16.557199999999995,1.6557199999999995e-05,0.14944425043902454,0.13915537526229965
16.558,1.6558e-05,0.15930031773298303,0.1408380244409934
16.558799999999998,1.6558799999999998e-05,0.1418670827931353,0.14251787998585372
16.559600000000003,1.6559600000000003e-05,0.17250220146316597,0.14419155643075604
16.560399999999994,1.6560399999999995e-05,0.19469882757674883,0.14585577249738177
16.5612,1.65612e-05,0.1517904829786786,0.14750737708671222
16.561999999999998,1.6561999999999998e-05,0.22260925269197673,0.14914336981039025
16.562800000000003,1.6562800000000003e-05,0.16925984305289,0.15076091586460402
16.563599999999994,1.656359999999999e-05,0.16663614768689994,0.1523573552849438
16.5644,1.6564399999999997e-05,0.15244092161158862,0.15393020689364054
16.565199999999997,1.6565199999999995e-05,0.1689148588235343,0.15547716751676852
16.566000000000003,1.6566e-05,0.16212165993085959,0.15699610725434163
16.566799999999994,1.6566799999999992e-05,0.17540695285837427,0.15848506170418744
16.5676,1.6567599999999997e-05,0.14187616120459234,0.15994222209306935
16.568399999999997,1.6568399999999995e-05,0.13498820567455672,0.16136592429195404
16.569200000000002,1.65692e-05,0.11009960644909689,0.16275463768891824
16.57,1.657e-05,0.17320332885048162,0.16410695482493545
16.5708,1.6570799999999997e-05,0.14598778957112735,0.16542158252836442
16.571600000000004,1.6571600000000002e-05,0.1835761161456111,0.16669733503079529
16.572399999999995,1.6572399999999994e-05,0.18828125283922836,0.16793312928408002
16.5732,1.65732e-05,0.12582437586790152,0.16912798250098546
16.573999999999998,1.6573999999999998e-05,0.1773247919713311,0.17028101183140446
16.574800000000003,1.6574800000000003e-05,0.16837506462229712,0.17139143602330942
16.575599999999994,1.6575599999999994e-05,0.20769133771501824,0.17245857884547858
16.5764,1.65764e-05,0.18263989261776525,0.17348187395459475
16.577199999999998,1.6577199999999998e-05,0.19863172227716885,0.17446087081910644
16.578000000000003,1.6578000000000003e-05,0.1638613332091241,0.17539524131402043
16.578799999999994,1.6578799999999994e-05,0.18641769568353916,0.17628478666777725
16.5796,1.65796e-05,0.1480300803929414,0.17712944452282947
16.580399999999997,1.6580399999999998e-05,0.15022197764080691,0.17792929591155981
16.581200000000003,1.6581200000000003e-05,0.20267544992073627,0.17868457191686607
16.581999999999994,1.658199999999999e-05,0.19944633095617215,0.1793956596796232
16.5828,1.6582799999999996e-05,0.23544307799273767,0.18006310727397218
16.583599999999997,1.6583599999999995e-05,0.16726218794547365,0.18068762687726977
16.584400000000002,1.65844e-05,0.22090078717092354,0.1812700956817158
16.585199999999993,1.658519999999999e-05,0.2163252080747906,0.18181155412271127
16.586,1.6585999999999997e-05,0.1780113557386147,0.18231320117374192
16.586799999999997,1.6586799999999995e-05,0.17150469808374302,0.18277638663166218
16.587600000000002,1.65876e-05,0.18774145863799108,0.18320260046984665
16.588399999999993,1.6588399999999992e-05,0.20966062192523793,0.18359345944267627
16.589199999999998,1.6589199999999997e-05,0.19510509165768186,0.1839506911616625
16.590000000000003,1.6590000000000002e-05,0.18421407167564674,0.18427611585886064
16.5908,1.65908e-05,0.1935747919713311,0.1845716260616203
16.5916,1.65916e-05,0.17956813431645935,0.18483916444087511
16.592399999999998,1.6592399999999997e-05,0.23559268441882886,0.18508070013604752
16.593200000000003,1.6593200000000002e-05,0.19001052353175574,0.18529820388553678
16.593999999999994,1.6593999999999994e-05,0.21921747636711408,0.18549362232504976
16.5948,1.65948e-05,0.17985599972854238,0.18566885189184132
16.595599999999997,1.6595599999999997e-05,0.16856646990274138,0.18582571289285438
16.596400000000003,1.6596400000000003e-05,0.18941436685610324,0.1859659244152279
16.597199999999994,1.6597199999999994e-05,0.16209593738223327,0.18609108082180406
16.598,1.6598e-05,0.1666945906784626,0.18620263055192898
16.598799999999997,1.6598799999999998e-05,0.15758220596906014,0.18630185784560258
16.599600000000002,1.6599600000000003e-05,0.16391012995780685,0.18638986784608563
16.600399999999993,1.660039999999999e-05,0.19492484530584198,0.1864675753237475
16.6012,1.66012e-05,0.19436916331028264,0.1865356970185547
16.601999999999997,1.6601999999999995e-05,0.18488947651433585,0.18659474736055368
16.602800000000002,1.66028e-05,0.18384676958909218,0.18664503714607605
16.603599999999993,1.660359999999999e-05,0.25015578041204745,0.18668667464262959
16.6044,1.6604399999999996e-05,0.1815847025896371,0.1867195685551109
16.605199999999996,1.6605199999999995e-05,0.23063164641313727,0.1867434323028549
16.606,1.6606e-05,0.19843085926531956,0.18675778914157143
16.606799999999993,1.660679999999999e-05,0.19243184320014173,0.18676197780984008
16.607599999999998,1.6607599999999997e-05,0.19099270694827952,0.1867551585482326
16.608400000000003,1.6608400000000002e-05,0.19463697989375905,0.18673631948673297
16.6092,1.66092e-05,0.20103658631978016,0.1867042834967068
16.61,1.661e-05,0.1743670827931354,0.18665771565546233
16.610799999999998,1.6610799999999997e-05,0.18727467104835827,0.18659513149171383
16.611600000000003,1.6611600000000002e-05,0.19957286318217682,0.18651490618261096
16.6124,1.66124e-05,0.17284434883251676,0.18641528485552156
16.6132,1.66132e-05,0.22079506011640293,0.18629439411083587
16.613999999999997,1.6613999999999997e-05,0.14968010292242218,0.18615025484074316
16.614800000000002,1.6614800000000002e-05,0.20605323045695945,0.18598079638686738
16.6156,1.66156e-05,0.18520665767791755,0.18578387205218103
16.6164,1.66164e-05,0.20396706026365474,0.18555727594605959
16.617199999999997,1.6617199999999997e-05,0.2053957939297697,0.18529876109844712
16.618000000000002,1.6618000000000003e-05,0.1699931230517091,0.18500605875453305
16.618799999999993,1.661879999999999e-05,0.15012532899773334,0.18467689877097718
16.6196,1.66196e-05,0.20961674255370732,0.184309031053927
16.620399999999997,1.6620399999999994e-05,0.20948321243340295,0.1839002479585983
16.6212,1.66212e-05,0.18799395525856788,0.18344840749764904
16.621999999999993,1.662199999999999e-05,0.1885706309370362,0.182951457134568
16.622799999999998,1.6622799999999996e-05,0.19034434883251672,0.18240745792737836
16.623599999999996,1.6623599999999994e-05,0.1491166666897058,0.1818146088292749
16.6244,1.66244e-05,0.16495416105734062,0.1811712709883741
16.625199999999992,1.662519999999999e-05,0.15488323496289347,0.18047599186685168
16.625999999999998,1.6625999999999996e-05,0.2506942504389946,0.17972752889859633
16.626799999999996,1.6626799999999995e-05,0.16767526140927147,0.1789248722467331
16.6276,1.66276e-05,0.2018114766616177,0.17806726608336196
16.6284,1.6628399999999998e-05,0.1913953778263402,0.17715422777086565
16.629199999999997,1.6629199999999997e-05,0.21764046044918794,0.17618556438384528
16.630000000000003,1.6630000000000002e-05,0.17474970484258912,0.17516138612201465
16.6308,1.66308e-05,0.2033236195250342,0.1740821162917332
16.6316,1.66316e-05,0.1674827204659719,0.1729484976731944
16.632399999999997,1.6632399999999997e-05,0.19167510968126833,0.17176159523071519
16.633200000000002,1.6633200000000002e-05,0.14090097568235838,0.17052279524008604
16.634,1.6634e-05,0.17857063093703618,0.16923380098031612
16.6348,1.66348e-05,0.15885376748339175,0.1678966251571664
16.635599999999997,1.6635599999999997e-05,0.17658262207248976,0.1665135791906959
16.636400000000002,1.6636400000000002e-05,0.18791187023552636,0.1650872594263019
16.6372,1.66372e-05,0.18236583448284682,0.16362053025669354
16.637999999999998,1.6638e-05,0.16308228183306173,0.1621165041100918
16.638799999999996,1.6638799999999994e-05,0.21812880955316238,0.16057851828625477
16.6396,1.6639600000000002e-05,0.16693384785328746,0.15901010870077917
16.640399999999993,1.664039999999999e-05,0.11364023285719327,0.15741498071463686
16.641199999999998,1.6641199999999996e-05,0.15560876072454566,0.15579697735848158
16.641999999999996,1.6641999999999994e-05,0.18594807123389168,0.15416004536051892
16.6428,1.66428e-05,0.17720790598820602,0.1525081994005531
16.643599999999992,1.664359999999999e-05,0.1858472615565232,0.1508454849630904
16.644399999999997,1.6644399999999996e-05,0.13117711433442425,0.14917594014351326
16.645199999999996,1.6645199999999994e-05,0.14787082772400062,0.1475035568321788
16.646,1.6646e-05,0.13699720822201233,0.14583224182035062
16.6468,1.6646799999999998e-05,0.1486290739285988,0.1441657784527416
16.647599999999997,1.6647599999999996e-05,0.16541886812982598,0.14250778945094578
16.648400000000002,1.66484e-05,0.13302251466720927,0.14086170147635985
16.6492,1.66492e-05,0.10669875171275434,0.13923071194378847
16.65,1.6649999999999998e-05,0.1371980712338916,0.13761775855891561
16.650799999999997,1.6650799999999997e-05,0.13792094864697357,0.1360254920037664
16.651600000000002,1.66516e-05,0.12540071130693198,0.13445625209650988
16.6524,1.66524e-05,0.17127508715178774,0.13291204761554282
16.6532,1.66532e-05,0.09918267540700065,0.13139453985247868
16.653999999999996,1.6653999999999997e-05,0.13769965978360788,0.1299050298799138
16.6548,1.6654800000000002e-05,0.13884393272908735,0.12844444948032688
16.6556,1.66556e-05,0.1535358299769527,0.1270133556508766
16.656399999999998,1.66564e-05,0.1111651990629623,0.12561192856206882
16.657199999999996,1.6657199999999994e-05,0.12672371791852355,0.12423997282585292
16.658,1.6658000000000002e-05,0.09628076087180037,0.12289692193204804
16.6588,1.6658799999999997e-05,0.13111375396569946,0.12158184571018438
16.659599999999998,1.6659599999999995e-05,0.14556355717873493,0.12029346062655845
16.660399999999996,1.6660399999999994e-05,0.20146214288649233,0.11903014264013645
16.6612,1.66612e-05,0.09596074284821077,0.11778994228201159
16.661999999999992,1.666199999999999e-05,0.13022462598938,0.11657060166842882
16.662799999999997,1.6662799999999996e-05,0.12279214739239319,0.11536957331517114
16.663599999999995,1.6663599999999994e-05,0.10470733815677324,0.11418404080802703
16.6644,1.66644e-05,0.1314468229236031,0.11301094150692141
16.6652,1.6665199999999998e-05,0.0795208502534912,0.11184699149915056
16.665999999999997,1.6665999999999996e-05,0.09941436685610328,0.11068871300013236
16.666800000000002,1.66668e-05,0.12361167344855195,0.1095324643458052
16.6676,1.66676e-05,0.09153666218381162,0.1083744726259562
16.6684,1.6668399999999998e-05,0.07603999101124748,0.10721086888066421
16.669199999999996,1.6669199999999996e-05,0.13277266639520535,0.10603772564623987
16.67,1.667e-05,0.08752508715178764,0.10485109650236425
16.6708,1.66708e-05,0.12356987459417179,0.10364705713660137
16.671599999999998,1.6671599999999998e-05,0.07986791499999435,0.10242174732084648
16.672399999999996,1.6672399999999996e-05,0.13182320342160458,0.10117141310713232
16.6732,1.66732e-05,0.11119924368018141,0.09989244849535135
16.674,1.6674e-05,0.09926551677290651,0.09858143579243901
16.674799999999998,1.6674799999999998e-05,0.10691569103039333,0.09723518387628058
16.675599999999996,1.6675599999999997e-05,0.1169094494789481,0.09585076360210869
16.6764,1.6676400000000002e-05,0.13525734643231302,0.09442553963160222
16.6772,1.6677199999999997e-05,0.10712657730801878,0.09295719801981146
16.677999999999997,1.6677999999999995e-05,0.10423695736426841,0.09144376898275454
16.678799999999995,1.6678799999999994e-05,0.12082702421647162,0.0898836444047555
16.6796,1.66796e-05,0.1348455971428053,0.08827558981138706
16.6804,1.6680399999999997e-05,0.10276510066947697,0.08661875070644133
16.681199999999997,1.6681199999999995e-05,0.0917112348156418,0.08491265335404706
16.681999999999995,1.6681999999999994e-05,0.09464946299664345,0.08315720029124325
16.6828,1.66828e-05,0.04090721723380064,0.0813526610564389
16.6836,1.6683599999999997e-05,0.07232119876845888,0.0794996587599313
16.684399999999997,1.6684399999999996e-05,0.10698812981055816,0.07759915316200378
16.685200000000002,1.66852e-05,0.08321864881337104,0.07565242086414581
16.686,1.6686e-05,0.06247231788023477,0.07366103311423598
16.686799999999998,1.6686799999999998e-05,0.09700344977345154,0.07162683165056649
16.687599999999996,1.6687599999999996e-05,0.06652134222092243,0.06955190299058374
16.6884,1.66884e-05,0.052248948499721726,0.06743855158023661
16.6892,1.66892e-05,0.10787007138114335,0.06528927222633202
16.689999999999998,1.6689999999999998e-05,0.0236727647887246,0.06310672222809684
16.690799999999996,1.6690799999999996e-05,0.06352259053121079,0.060893693606967975
16.6916,1.66916e-05,0.06727391470549082,0.05865308580445786
16.6924,1.66924e-05,0.05138913627489805,0.05638787916806373
16.693199999999997,1.6693199999999998e-05,0.044974966228814806,0.05410110947133588
16.693999999999996,1.6693999999999996e-05,0.0639977001894333,0.05179584363207787
16.6948,1.66948e-05,0.05721131067963359,0.049475156718581284
16.6956,1.6695599999999996e-05,0.02803083673579887,0.047142110269699666
16.696399999999997,1.6696399999999995e-05,0.09942193258183563,0.04479973190177401
16.697199999999995,1.6697199999999993e-05,0.05841686347668029,0.042450996142341296
16.698,1.6698e-05,0.05179956139012576,0.04009880643201314
16.6988,1.6698799999999997e-05,0.031853843347393385,0.03774597829103009
16.699599999999997,1.6699599999999995e-05,0.015768013393486435,0.03539522374984948
16.700399999999995,1.6700399999999993e-05,0.032835270421059826,0.03304913723966384
16.7012,1.67012e-05,0.0289010515463598,0.030710183165707984
16.701999999999998,1.6701999999999997e-05,0.027272590531210783,0.02838068532868862
16.702799999999996,1.6702799999999995e-05,0.03853091259980035,0.02606281825508313
16.7036,1.67036e-05,0.03251884560034546,0.023758600394681355
16.7044,1.67044e-05,0.03951593287633903,0.021469889073393856
16.705200000000005,1.6705200000000004e-05,-0.014680617373222127,0.01919837705901976
16.705999999999996,1.6705999999999996e-05,0.028742366708851663,0.016945590596571688
16.7068,1.67068e-05,-0.007658563891459469,0.01471288876591732
16.7076,1.67076e-05,0.04595790598820604,0.012501463972176389
16.708399999999997,1.6708399999999997e-05,0.02568800888758238,0.010312343296282497
16.709199999999996,1.6709199999999996e-05,0.03429748087297835,0.00814639035218121
16.71,1.671e-05,0.02887173579486113,0.006004307272729244
16.7108,1.67108e-05,0.01345298861101385,0.003886636502398026
16.711599999999997,1.6711599999999998e-05,0.07020590133505022,0.0017937621948342156
16.712399999999995,1.6712399999999996e-05,-0.002434626679553964,-0.0002740888316842974
16.7132,1.67132e-05,-0.038078067418134354,-0.0023168464507092564
16.714,1.6714e-05,-0.033610863725132,-0.004334596582898978
16.714799999999997,1.6714799999999995e-05,0.040888304068039005,-0.0063275801078718176
16.715599999999995,1.6715599999999993e-05,-0.0362054318510282,-0.008296190882588605
16.7164,1.6716399999999998e-05,0.019638304068039014,-0.010240972514925915
16.7172,1.6717199999999996e-05,-0.025523029118039275,-0.012162613653232734
16.717999999999996,1.6717999999999995e-05,-0.026867597243935393,-0.014061941614382248
16.718799999999995,1.6718799999999993e-05,-0.032884581620612696,-0.015939914200896705
16.7196,1.6719599999999998e-05,-0.005205847954457665,-0.017797609601473592
16.720399999999998,1.6720399999999997e-05,-0.02378543635689223,-0.019636214356266432
16.721199999999996,1.6721199999999995e-05,-0.00696991960702853,-0.021457009485938018
16.722,1.6722e-05,-0.03198032219276559,-0.02326135499242049
16.7228,1.67228e-05,-0.002073566144441652,-0.025050673010454494
16.723600000000005,1.6723600000000004e-05,-0.034681373716149544,-0.026826429924155726
16.724399999999996,1.6724399999999995e-05,-0.005795763078697891,-0.028590117777585584
16.7252,1.67252e-05,0.00034510517537422736,-0.03034323530961631
16.726,1.6726e-05,-0.03601761977345608,-0.03208726892562509
16.726800000000004,1.6726800000000004e-05,-0.031017619773455962,-0.033823673871529195
16.727599999999995,1.6727599999999995e-05,-0.05367271140806207,-0.03555385580402095
16.7284,1.67284e-05,-0.0361602283051774,-0.037279152888977374
16.7292,1.67292e-05,-0.03159297127766436,-0.03900081855051259
16.729999999999997,1.6729999999999997e-05,-0.04893712330013078,-0.04072000504524568
16.730799999999995,1.6730799999999996e-05,0.0076983356093278665,-0.04243774811770304
16.7316,1.67316e-05,-0.0020868055901536176,-0.044154953056206724
16.7324,1.67324e-05,-0.06522532895161182,-0.04587238247181758
16.733199999999997,1.6733199999999994e-05,-0.07485727052222979,-0.04759064604337555
16.733999999999995,1.6733999999999993e-05,-0.0281934407156047,-0.049310192341523
16.7348,1.6734799999999998e-05,-0.04079160204440291,-0.051031302750305964
16.735599999999998,1.6735599999999996e-05,-0.04829084570147546,-0.05275408750214499
16.736399999999996,1.6736399999999994e-05,-0.054991556985361734,-0.054478483892694066
16.737199999999994,1.6737199999999993e-05,-0.02393636695730328,-0.056204256776127774
16.738,1.6737999999999998e-05,-0.058260962118584225,-0.057931001437711425
16.738799999999998,1.6738799999999996e-05,-0.04065031768690153,-0.05965814891348685
16.739599999999996,1.6739599999999995e-05,-0.0558526933845056,-0.06138497378214717
16.7404,1.67404e-05,-0.038591382727877876,-0.06311060439262625
16.7412,1.6741199999999998e-05,-0.0859973824333744,-0.0648340354229976
16.742000000000004,1.6742000000000003e-05,-0.0386469888594656,-0.06655414260368278
16.742799999999995,1.6742799999999995e-05,-0.0638849218600106,-0.06826969938923018
16.7436,1.67436e-05,-0.05929326645812094,-0.06997939533245433
16.7444,1.67444e-05,-0.05544718564647,-0.07168185589369847
16.745200000000004,1.6745200000000004e-05,-0.09056199111244756,-0.07337566338997013
16.745999999999995,1.6745999999999995e-05,-0.061588053900441864,-0.07505937875212416
16.7468,1.67468e-05,-0.0684396957847393,-0.07673156373079712
16.7476,1.67476e-05,-0.07066696182408094,-0.07839080318828782
16.748400000000004,1.6748400000000004e-05,-0.08382307417698043,-0.08003572712684717
16.749199999999995,1.6749199999999995e-05,-0.07186267986681316,-0.08166503211464368
16.75,1.675e-05,-0.06463408965315154,-0.08327750177293572
16.750799999999998,1.67508e-05,-0.08587160655026715,-0.08487202598847185
16.751599999999996,1.6751599999999994e-05,-0.06601686343062851,-0.08644761851202956
16.752399999999994,1.6752399999999992e-05,-0.11211385231307003,-0.08800343258783383
16.7532,1.6753199999999997e-05,-0.1034383716104193,-0.08953877423506716
16.753999999999998,1.6753999999999996e-05,-0.0836602283051775,-0.09105311279974654
16.754799999999996,1.6754799999999994e-05,-0.11683147210960187,-0.09254608844275951
16.755599999999994,1.6755599999999993e-05,-0.10585628658740776,-0.09401751633276254
16.7564,1.6756399999999998e-05,-0.08776845198031502,-0.09546738744993263
16.757199999999997,1.6757199999999996e-05,-0.11866930671669462,-0.09689586605647718
16.757999999999996,1.6757999999999994e-05,-0.07229126180490508,-0.09830328404035482
16.7588,1.67588e-05,-0.06625971380829576,-0.09969013247430407
16.7596,1.6759599999999998e-05,-0.08621999547106018,-0.10105705082651449
16.760400000000004,1.6760400000000003e-05,-0.10389248758577285,-0.1024048142825197
16.761199999999995,1.6761199999999995e-05,-0.11858854586790307,-0.1037343195827736
16.762,1.6762e-05,-0.08663117692914513,-0.105046569688327
16.7628,1.6762799999999998e-05,-0.0890706534204353,-0.1063426575245467
16.763600000000004,1.6763600000000003e-05,-0.12351137822201375,-0.10762374904626769
16.764399999999995,1.6764399999999995e-05,-0.07015440285716479,-0.1088910658853585
16.7652,1.67652e-05,-0.14091813427033767,-0.11014586784554808
16.766,1.6766e-05,-0.10453744101010809,-0.11138943549735737
16.766800000000003,1.6766800000000004e-05,-0.08439199561831179,-0.11262305311913863
16.767599999999995,1.6767599999999995e-05,-0.07661377644913847,-0.1138479922410344
16.7684,1.67684e-05,-0.10035469803762131,-0.11506549605760112
16.769199999999998,1.67692e-05,-0.11186759724393547,-0.11627676493574954
16.770000000000003,1.6770000000000004e-05,-0.11692471606127786,-0.11748294313541105
16.770799999999994,1.6770799999999992e-05,-0.13438707824118956,-0.11868510672137539
16.7716,1.6771599999999997e-05,-0.11324072477850267,-0.11988425254497054
16.772399999999998,1.6772399999999995e-05,-0.12061078786110041,-0.12108128815104433
16.773200000000003,1.67732e-05,-0.1264155617858292,-0.1222770225078194
16.773999999999994,1.6773999999999992e-05,-0.136827311075307,-0.12347215752895421
16.7748,1.6774799999999997e-05,-0.10679118594097348,-0.12466728043181934
16.775599999999997,1.6775599999999996e-05,-0.12573315905284044,-0.12586285704917005
16.776399999999995,1.6776399999999994e-05,-0.150114684519929,-0.1270592262838427
16.7772,1.67772e-05,-0.10570951702129139,-0.12825659596087743
16.778,1.6777999999999998e-05,-0.11900029515738086,-0.12945504038756847
16.778800000000004,1.6778800000000003e-05,-0.0783110830415571,-0.1306544999828962
16.779599999999995,1.6779599999999994e-05,-0.06825207221860186,-0.13185478336040532
16.7804,1.67804e-05,-0.11131607628271101,-0.13305557218831415
16.7812,1.6781199999999998e-05,-0.15007988355991547,-0.1342564289676017
16.782000000000004,1.6782000000000003e-05,-0.13156781656046052,-0.13545680759079018
16.782799999999995,1.6782799999999995e-05,-0.12686835358686277,-0.1366560662698362
16.7836,1.67836e-05,-0.13387035823997862,-0.13785348224932714
16.784399999999998,1.6784399999999998e-05,-0.16601270239633387,-0.13904826766843312
16.785200000000003,1.6785200000000003e-05,-0.1359856556734173,-0.14023958595143393
16.785999999999994,1.6785999999999995e-05,-0.10037909641199788,-0.1414265681524104
16.7868,1.67868e-05,-0.18673066243226355,-0.14260832874545196
16.787599999999998,1.67876e-05,-0.09542221944070095,-0.14378398041852997
16.788400000000003,1.6788400000000003e-05,-0.164692532644714,-0.14495264746967393
16.789199999999994,1.678919999999999e-05,-0.21469101995895934,-0.14611347742055608
16.79,1.6789999999999997e-05,-0.1206705550269831,-0.14726565049086307
16.790799999999997,1.6790799999999995e-05,-0.12856074280215923,-0.14840838666115685
16.791600000000003,1.67916e-05,-0.134983234916772,-0.14954095020370795
16.792399999999994,1.6792399999999992e-05,-0.16433771366104416,-0.15066265172088197
16.7932,1.6793199999999997e-05,-0.13352045663343082,-0.15177284781670847
16.793999999999997,1.6793999999999995e-05,-0.1701035255913645,-0.15287093853103456
16.794800000000002,1.67948e-05,-0.15704784359584517,-0.15395636265036375
16.795599999999993,1.6795599999999992e-05,-0.12921326195215665,-0.15502859102483826
16.7964,1.6796399999999997e-05,-0.15683922634679892,-0.15608711806785705
16.797200000000004,1.6797200000000002e-05,-0.17169586147214994,-0.15713145166779063
16.797999999999995,1.6797999999999994e-05,-0.1349860717768468,-0.158161101776334
16.7988,1.67988e-05,-0.14120751236817547,-0.15917556795506854
16.799599999999998,1.6799599999999998e-05,-0.1941179374834333,-0.16017432617509503
16.800400000000003,1.6800400000000003e-05,-0.15383480093703766,-0.16115681517667033
16.801199999999994,1.6801199999999994e-05,-0.1575632394227361,-0.1621224227094186
16.802,1.6802e-05,-0.15802794649516155,-0.1630704720095761
16.802799999999998,1.6802799999999998e-05,-0.14393428644015605,-0.1640002089348517
16.803600000000003,1.6803600000000003e-05,-0.1697502192934492,-0.1649107902383113
16.804399999999994,1.6804399999999994e-05,-0.15723281881334256,-0.16580127348823845
16.8052,1.68052e-05,-0.14831864876731943,-0.16667060913292941
16.805999999999997,1.6805999999999998e-05,-0.09689691299543407,-0.1675176351861906
16.806800000000003,1.6806800000000003e-05,-0.15778585246032167,-0.16834107496628983
16.807599999999994,1.680759999999999e-05,-0.16172574505504134,-0.16913953822121913
16.8084,1.6808399999999996e-05,-0.16025729305175052,-0.16991152579416885
16.809199999999997,1.6809199999999995e-05,-0.18126463118541808,-0.1706554377683024
16.810000000000002,1.681e-05,-0.16482606276501854,-0.17136958485979192
16.810799999999993,1.681079999999999e-05,-0.18273989257164375,-0.17205220274710148
16.8116,1.6811599999999997e-05,-0.16216945844465763,-0.17270146902114836
16.812399999999997,1.6812399999999995e-05,-0.14473073829619504,-0.17331552248114568
16.813200000000002,1.68132e-05,-0.15136752138000376,-0.1738924845484698
16.813999999999993,1.6813999999999992e-05,-0.14791238468635648,-0.17443048258639227
16.814799999999998,1.6814799999999997e-05,-0.1612833558397448,-0.17492767486478306
16.815600000000003,1.6815600000000002e-05,-0.24174030867507323,-0.17538227679691368
16.8164,1.68164e-05,-0.15537985275482513,-0.1757925879497945
16.8172,1.68172e-05,-0.1929695035035991,-0.17615701926875238
16.817999999999998,1.6817999999999997e-05,-0.1467021030235922,-0.17647412000959947
16.818800000000003,1.6818800000000002e-05,-0.12668753940356026,-0.17674260400162473
16.819599999999994,1.6819599999999994e-05,-0.1474213872338419,-0.1769613749713218
16.8204,1.68204e-05,-0.2161649571709649,-0.17712955065545366
16.821199999999997,1.6821199999999997e-05,-0.14722449674475285,-0.17724648531607237
16.822000000000003,1.6822000000000003e-05,-0.19887376293144599,-0.1773117901153544
16.822799999999994,1.6822799999999994e-05,-0.1796068544188003,-0.17732535071082448
16.8236,1.68236e-05,-0.21193644282123503,-0.1772873414294345
16.824399999999997,1.6824399999999998e-05,-0.15856282331930666,-0.17719823545028507
16.825200000000002,1.6825200000000003e-05,-0.14870959288532287,-0.17705881054291017
16.825999999999993,1.682599999999999e-05,-0.20252219691118034,-0.1768701500433846
16.8268,1.68268e-05,-0.19885220141704452,-0.17663363886033476
16.827599999999997,1.6827599999999995e-05,-0.21721806668187588,-0.17635095436922005
16.828400000000002,1.68284e-05,-0.140515463392277,-0.17602405212497305
16.829199999999993,1.682919999999999e-05,-0.20723414298766252,-0.17565514646185135
16.83,1.6829999999999996e-05,-0.14695043860987428,-0.17524668624486595
16.830799999999996,1.6830799999999995e-05,-0.17183430896957663,-0.17480132621889355
16.8316,1.68316e-05,-0.17932447421533226,-0.17432189451918792
16.832399999999993,1.683239999999999e-05,-0.17294869833212473,-0.17381135696291286
16.833199999999998,1.6833199999999997e-05,-0.15366855037376714,-0.1732727787645057
16.834000000000003,1.6834000000000002e-05,-0.18435019676392855,-0.17270928433541763
16.8348,1.68348e-05,-0.18765515920009218,-0.1721240158520696
16.8356,1.68356e-05,-0.11512868030856827,-0.17152009130306323
16.836399999999998,1.6836399999999997e-05,-0.18424655022651548,-0.17090056275629112
16.837200000000003,1.6837200000000002e-05,-0.17853426391063543,-0.17026837560876834
16.838,1.6838e-05,-0.13347033571045785,-0.16962632957700885
16.8388,1.68388e-05,-0.16380416101121903,-0.16897704215522547
16.839599999999997,1.6839599999999997e-05,-0.1427983355632062,-0.16832291523346454
16.840400000000002,1.6840400000000002e-05,-0.12020168692016275,-0.16766610552424624
16.8412,1.68412e-05,-0.18977594184204571,-0.16700849936614928
16.842,1.6842e-05,-0.11477386132489831,-0.1663516923451945
16.842799999999997,1.6842799999999997e-05,-0.14671401829508413,-0.16569697401936304
16.843600000000002,1.6843600000000003e-05,-0.1715574139747233,-0.1650453178746718
16.844399999999993,1.684439999999999e-05,-0.14779076983754386,-0.16439737649372815
16.8452,1.68452e-05,-0.15042354361492094,-0.1637534817830751
16.845999999999997,1.6845999999999994e-05,-0.11559187469533888,-0.16311364999618616
16.8468,1.68468e-05,-0.16690523506402366,-0.16247759120409394
16.847599999999993,1.684759999999999e-05,-0.16483646535075563,-0.16184472277489942
16.848399999999998,1.6848399999999996e-05,-0.16071575857273368,-0.1612141863087875
16.849199999999996,1.6849199999999994e-05,-0.18182315004101218,-0.16058486737016084
16.85,1.685e-05,-0.18251595535973808,-0.15995541731651108
16.850799999999992,1.685079999999999e-05,-0.16167713681782314,-0.15932427656768633
16.851599999999998,1.6851599999999996e-05,-0.15693303812986753,-0.1586896987775156
16.852399999999996,1.6852399999999995e-05,-0.14611502475942695,-0.15804977553135183
16.8532,1.68532e-05,-0.16291106051203647,-0.15740246135278582
16.854,1.6853999999999998e-05,-0.13715489482462578,-0.1567455989186606
16.854799999999997,1.6854799999999997e-05,-0.12413609430626737,-0.1560769444404338
16.855600000000003,1.6855600000000002e-05,-0.17385428193419183,-0.15539419318154238
16.8564,1.68564e-05,-0.1336241031708439,-0.15469500505373673
16.8572,1.68572e-05,-0.12942339188695784,-0.15397703018150874
16.857999999999997,1.6857999999999997e-05,-0.1629347025435855,-0.1532379342644777
16.858800000000002,1.6858800000000002e-05,-0.1501265997914209,-0.15247542351655788
16.8596,1.68596e-05,-0.15660053700332655,-0.1516872689174663
16.8604,1.68604e-05,-0.147815736043313,-0.1508713294865092
16.861199999999997,1.6861199999999997e-05,-0.1790810560061724,-0.15002557430042104
16.862000000000002,1.6862000000000002e-05,-0.13199356163857745,-0.1491481030309399
16.8628,1.68628e-05,-0.12394544536872049,-0.14823716486221983
16.863599999999998,1.68636e-05,-0.12180158852671058,-0.1472911757413392
16.864399999999996,1.6864399999999994e-05,-0.13697351280993075,-0.14630873397662117
16.8652,1.6865200000000002e-05,-0.14246451026244517,-0.14528863418757568
16.865999999999993,1.686599999999999e-05,-0.1352726130146098,-0.1442298795307118
16.866799999999998,1.6866799999999996e-05,-0.17813783458401694,-0.14313169202904902
16.867599999999996,1.6867599999999994e-05,-0.11188575406686962,-0.1419935207749479
16.8684,1.68684e-05,-0.14724397774200704,-0.14081504777942658
16.869199999999992,1.686919999999999e-05,-0.14239566468514558,-0.1395961912940042
16.869999999999997,1.6869999999999996e-05,-0.14879451476840938,-0.13833710649924466
16.870799999999996,1.6870799999999994e-05,-0.157243977742007,-0.13703818351542696
16.8716,1.68716e-05,-0.14374779853680397,-0.13570004275873324
16.8724,1.6872399999999998e-05,-0.13635428193419186,-0.1343235277688503
16.873199999999997,1.6873199999999996e-05,-0.10635503827711928,-0.13290969577442344
16.874000000000002,1.6874e-05,-0.12010012089989708,-0.1314598064097121
16.8748,1.68748e-05,-0.07096409415901561,-0.12997530909897
16.8756,1.6875599999999998e-05,-0.11699299380708494,-0.12845782964150182
16.876399999999997,1.6876399999999997e-05,-0.13151429094602007,-0.12690915644491538
16.877200000000002,1.68772e-05,-0.12853293973631524,-0.1253312266924672
16.878,1.6878e-05,-0.13662209851772816,-0.12372611255967561
16.8788,1.68788e-05,-0.08479409866497978,-0.12209600749036893
16.879599999999996,1.6879599999999997e-05,-0.10352877870202049,-0.12044321252657882
16.8804,1.6880400000000002e-05,-0.12508763779701249,-0.11877012271221726
16.8812,1.68812e-05,-0.13891272492575446,-0.11707921359115546
16.881999999999998,1.6882e-05,-0.08592305164755987,-0.11537302778429717
16.882799999999996,1.6882799999999994e-05,-0.10006683262553828,-0.11365416160306287
16.8836,1.6883600000000002e-05,-0.079442872884112,-0.11192525166663721
16.8844,1.6884399999999997e-05,-0.14497907388247705,-0.11018896150235771
16.885199999999998,1.6885199999999995e-05,-0.08843213005897699,-0.10844796807846056
16.885999999999996,1.6885999999999994e-05,-0.0930341880466038,-0.10670494816074509
16.8868,1.68868e-05,-0.09157481445473004,-0.1049625643483821
16.887599999999992,1.688759999999999e-05,-0.17557163735525738,-0.10322345064182237
16.888399999999997,1.6888399999999996e-05,-0.11118103347665165,-0.10149019741117331
16.889199999999995,1.6889199999999994e-05,-0.044760054047693676,-0.09976533568579463
16.89,1.689e-05,-0.12527828673465946,-0.09805132081293522
16.8908,1.6890799999999998e-05,-0.0566714630977736,-0.0963505157016972
16.891599999999997,1.6891599999999996e-05,-0.04052094860089184,-0.09466517398197538
16.892400000000002,1.68924e-05,-0.12215281430747837,-0.09299742341023737
16.8932,1.68932e-05,-0.06568379447269501,-0.09134924976226831
16.894,1.6893999999999998e-05,-0.1039509305773354,-0.08972248131633517
16.894799999999996,1.6894799999999996e-05,-0.09458264455585863,-0.08811877390877326
16.8956,1.68956e-05,-0.08731906487074881,-0.08653959648766997
16.8964,1.68964e-05,-0.1166179374834333,-0.08498621710867602
16.897199999999998,1.6897199999999998e-05,-0.090708760678464,-0.08345968939218755
16.897999999999996,1.6897999999999996e-05,-0.06759804038274952,-0.08196083957935756
16.8988,1.68988e-05,-0.07408805390044193,-0.08049025447312737
16.8996,1.68996e-05,-0.05396000898875242,-0.07904827069755814
16.900399999999998,1.69004e-05,-0.09088200913600408,-0.07763496580782563
16.901199999999996,1.6901199999999997e-05,-0.0624387877138487,-0.07625015181128021
16.902,1.6902000000000002e-05,-0.03099681460198178,-0.07489337163781243
16.9028,1.6902799999999997e-05,-0.05948940060428265,-0.07356389905800712
16.903599999999997,1.6903599999999995e-05,-0.0025029044254608612,-0.07226074248802332
16.904399999999995,1.6904399999999994e-05,-0.05642596437156633,-0.07098265300464475
16.9052,1.69052e-05,-0.055836049247326214,-0.06972813669732612
16.906,1.6905999999999997e-05,-0.06416805840640605,-0.06849547122583433
16.906799999999997,1.6906799999999995e-05,-0.10565447872119638,-0.06728272619323047
16.907599999999995,1.6907599999999994e-05,-0.04565731558117114,-0.06608778675735015
16.9084,1.69084e-05,-0.07081524407585194,-0.06490837983418267
16.9092,1.6909199999999997e-05,-0.027913141029183852,-0.06374210228141908
16.909999999999997,1.6909999999999996e-05,-0.057540921565507164,-0.06258645052631685
16.910800000000002,1.69108e-05,-0.07017312751149152,-0.06143885114689773
16.9116,1.69116e-05,-0.05272249209163693,-0.060296691901779026
16.912399999999998,1.6912399999999998e-05,-0.026180465645259,-0.0591573526607866
16.913199999999996,1.6913199999999996e-05,-0.08566904234122819,-0.05801823565712692
16.914,1.6914e-05,-0.08899897098316079,-0.05687679447129777
16.9148,1.69148e-05,-0.040024277428327815,-0.05573056116372266
16.915599999999998,1.6915599999999998e-05,-0.08324148112143004,-0.05457717102127972
16.916399999999996,1.6916399999999996e-05,-0.035858367104555255,-0.05341438449683059
16.9172,1.69172e-05,-0.058942608508745664,-0.05224010607670728
16.918,1.6918e-05,-0.10106206697637932,-0.051052399959922445
16.918799999999997,1.6918799999999998e-05,-0.01451096211858427,-0.049849502557700466
16.919599999999996,1.6919599999999996e-05,-0.024053252940428593,-0.04862983194317082
16.9204,1.69204e-05,-0.0152448099488659,-0.047391994505528355
16.9212,1.6921199999999996e-05,-0.04521000898875249,-0.046134789145404635
16.921999999999997,1.6921999999999995e-05,-0.08115871561952281,-0.04485720933505567
16.922799999999995,1.6922799999999993e-05,-0.0022008547133037792,-0.043558443278037845
16.9236,1.69236e-05,-0.02824923535852719,-0.04223787232340258
16.9244,1.6924399999999997e-05,-0.06201644732719913,-0.04089506776977338
16.925199999999997,1.6925199999999995e-05,-0.014612528138849945,-0.03952978620499714
16.925999999999995,1.6925999999999993e-05,-0.0558729307245871,-0.03814196352451479
16.9268,1.69268e-05,0.01411723452116842,-0.03673170776140527
16.927599999999998,1.6927599999999997e-05,-0.004564487733024536,-0.03529929085955528
16.928399999999996,1.6928399999999995e-05,-0.06336517648739004,-0.033845139505223
16.9292,1.69292e-05,-0.03683279628392189,-0.03236982506720491
16.93,1.693e-05,-0.05110386583076232,-0.030874052601783053
16.930800000000005,1.6930800000000004e-05,-0.022860939589063545,-0.029358648830079978
16.931599999999996,1.6931599999999996e-05,-0.032578559385595396,-0.027824549043684595
16.9324,1.69324e-05,-0.003164313475540692,-0.026272783013630632
16.9332,1.69332e-05,-0.04284770014335171,-0.02470446010138267
16.933999999999997,1.6933999999999997e-05,0.001717476367114168,-0.023120753854135
16.934799999999996,1.6934799999999996e-05,0.0003214631439252269,-0.021522886406470883
16.9356,1.69356e-05,-0.0003783400691704797,-0.019912113018316482
16.9364,1.69364e-05,0.0039969438465758955,-0.018289707054074646
16.937199999999997,1.6937199999999998e-05,-0.032728733643079266,-0.016656945638362865
16.937999999999995,1.6937999999999996e-05,-0.016630420586317807,-0.015015096119710511
16.9388,1.69388e-05,-0.032392827825170833,-0.013365403378849165
16.9396,1.69396e-05,0.021754357844305017,-0.011709077982078611
16.940399999999997,1.6940399999999995e-05,0.05226634897976856,-0.010047285212396867
16.941199999999995,1.6941199999999993e-05,-0.044525525738616234,-0.008381135060430051
16.942,1.6941999999999998e-05,0.0008779014822718478,-0.006711673248193856
16.9428,1.6942799999999996e-05,-0.010989060364784753,-0.005039873274135058
16.943599999999996,1.6943599999999995e-05,-0.03999363750250906,-0.00336662937875936
16.944399999999995,1.6944399999999993e-05,0.03223854591398467,-0.001692750318176838
16.9452,1.6945199999999998e-05,0.0020777805592990806,-1.895390907758615e-05
16.945999999999998,1.6945999999999997e-05,0.009046496938126203,0.001654137578653932
16.946799999999996,1.6946799999999995e-05,0.05307812079876695,0.0033260010195212703
16.9476,1.69476e-05,0.01615195961722049,0.004996214838802053
16.9484,1.69484e-05,0.016119995517141605,0.006664460101890782
16.949200000000005,1.6949200000000004e-05,-0.006736147640778345,0.00833052027537615
16.949999999999996,1.6949999999999995e-05,0.0023177940769913974,0.009994279782433793
16.9508,1.69508e-05,-0.03283313652331965,0.011655721566238189
16.9516,1.69516e-05,0.05651018329231783,0.013314923873044497
16.952400000000004,1.6952400000000004e-05,0.04248952984884691,0.014972056370516294
16.953199999999995,1.6953199999999996e-05,0.009045740595258756,0.016627375585247538
16.954,1.6954e-05,-0.017513874842590593,0.01828121955953073
16.9548,1.69548e-05,0.02495832209163551,0.01993400162082612
16.955599999999997,1.6955599999999997e-05,0.04782411149246513,0.021586203166360583
16.956399999999995,1.6956399999999996e-05,0.11831454111358719,0.023238365322659126
16.9572,1.69572e-05,0.021836442867356642,0.024891079282830214
16.958,1.6958e-05,0.0033960583052060622,0.026544975164785944
16.958799999999997,1.6958799999999994e-05,0.023787570254672152,0.02820070941222334
16.959599999999995,1.6959599999999993e-05,0.023277091804933647,0.029858950975867188
16.9604,1.6960399999999998e-05,0.03926059939574733,0.03152036662478778
16.961199999999998,1.6961199999999996e-05,0.038185928370434996,0.033185605710961866
16.961999999999996,1.6961999999999994e-05,0.03739496172291068,0.03485528461769341
16.962799999999994,1.6962799999999993e-05,0.03425360150144774,0.03652997104186831
16.9636,1.6963599999999998e-05,0.049561136422149654,0.03821016821331277
16.964399999999998,1.6964399999999996e-05,0.040164290992101837,0.0398962991268445
16.965199999999996,1.6965199999999995e-05,0.11158735093820715,0.041588690841292845
16.966,1.6966e-05,0.035753449773454515,0.0432875588971101
16.9668,1.6966799999999998e-05,0.06504456814897186,0.044992991952490034
16.967600000000004,1.6967600000000003e-05,0.04462865782516934,0.04670493685285124
16.968399999999995,1.6968399999999995e-05,0.05375711884031831,0.04842318449594741
16.9692,1.69692e-05,0.05394549874931309,0.05014735697376428
16.97,1.697e-05,0.016385731583470453,0.05187689652967958
16.970800000000004,1.6970800000000004e-05,0.03913406716975254,0.0536110568675893
16.971599999999995,1.6971599999999995e-05,0.06226010742832622,0.05534889729090399
16.9724,1.69724e-05,0.0289545771607701,0.05708928002787786
16.9732,1.69732e-05,0.040982872193975006,0.05883087092983477
16.974000000000004,1.6974000000000004e-05,0.056637471861180066,0.060572143542818674
16.974799999999995,1.6974799999999995e-05,0.08537423241543807,0.06231138636840117
16.9756,1.69756e-05,0.10784642934966426,0.06404671295303974
16.976399999999998,1.69764e-05,0.10399353915514153,0.0657760743140225
16.977199999999996,1.6977199999999994e-05,0.10452217442777834,0.06749727318534833
16.977999999999994,1.6977999999999992e-05,0.0531789304761352,0.06920797968042328
16.9788,1.6978799999999997e-05,0.04048355267283088,0.0709057481813159
16.979599999999998,1.6979599999999996e-05,0.050299901629553556,0.07258803547689942
16.980399999999996,1.6980399999999994e-05,0.0864670602636548,0.07425222027651161
16.981199999999994,1.6981199999999993e-05,0.07067968681899273,0.07589562417613638
16.982,1.6981999999999998e-05,0.1072266306425328,0.07751553400150124
16.982799999999997,1.6982799999999996e-05,0.10161174931255357,0.07910922529914012
16.983599999999996,1.6983599999999994e-05,0.08467461771384421,0.08067398666779373
16.9844,1.69844e-05,0.04372023736308739,0.08220714463248037
16.9852,1.6985199999999998e-05,0.05906730210960032,0.0837060888206209
16.986000000000004,1.6986000000000003e-05,0.11329997749355525,0.08516829722599883
16.986799999999995,1.6986799999999995e-05,0.11655198214670104,0.08659136128230344
16.9876,1.69876e-05,0.11012041162057418,0.087973010340212
16.9884,1.6988399999999998e-05,0.11074853239629567,0.08931113505206299
16.989200000000004,1.6989200000000003e-05,0.08079865331926517,0.09060380919114118
16.989999999999995,1.6989999999999995e-05,0.12915279182407935,0.09184930954876845
16.9908,1.69908e-05,0.07004872918326666,0.09304613368790776
16.9916,1.69916e-05,0.09564488585891928,0.09419301543404181
16.992400000000004,1.6992400000000004e-05,0.11016845202639658,0.09528893804007758
16.993199999999995,1.6993199999999995e-05,0.10609011193422047,0.09633314497557201
16.994,1.6994e-05,0.0907103267447813,0.0973251482745018
16.994799999999998,1.69948e-05,0.10957437586789853,0.09826473435593511
16.995600000000003,1.6995600000000004e-05,0.11164238923833925,0.09915196722600508
16.996399999999994,1.6996399999999992e-05,0.11865063544293031,0.09998718897291481
16.9972,1.6997199999999997e-05,0.14280538683813848,0.10077101747721903
16.997999999999998,1.6997999999999995e-05,0.09077709180493365,0.10150434129668794
16.998800000000003,1.69988e-05,0.11488872017147145,0.10218831176764949
16.999599999999994,1.6999599999999992e-05,0.10543494443558288,0.10282433248030558
17.0004,1.7000399999999997e-05,0.11192420161041783,0.10341404639222021
17.001199999999997,1.7001199999999996e-05,0.08788614768689995,0.10395932090781144
17.001999999999995,1.7001999999999994e-05,0.11267393723498154,0.10446223127030813
17.0028,1.70028e-05,0.0853861476869,0.10492504259805857
17.0036,1.7003599999999998e-05,0.11731155252558223,0.10535019085263864
17.004400000000004,1.7004400000000003e-05,0.141471977640807,0.10574026295581687
17.005199999999995,1.7005199999999994e-05,0.09074985657058232,0.10609797619802332
17.006,1.7006e-05,0.10425511418716948,0.10642615703674368
17.0068,1.7006799999999998e-05,0.1251204116205712,0.10672771938314317
17.007600000000004,1.7007600000000003e-05,0.1102999016295565,0.10700564249314684
17.008399999999995,1.7008399999999995e-05,0.1322969889055473,0.10726294858396354
17.0092,1.70092e-05,0.09756612966330347,0.10750268029487585
17.009999999999998,1.7009999999999998e-05,0.1058765773080188,0.10772787812629243
17.010800000000003,1.7010800000000003e-05,0.08962790148230182,0.10794155801995829
17.011599999999994,1.7011599999999995e-05,0.10839322144519781,0.10814668925160065
17.0124,1.70124e-05,0.13925227732715761,0.10834617276615663
17.013199999999998,1.70132e-05,0.10772122129794948,0.10854282000389828
17.014000000000003,1.7014000000000003e-05,0.10681904238731288,0.10873933218856462
17.014799999999994,1.701479999999999e-05,0.14520457716077007,0.10893828001699724
17.0156,1.7015599999999997e-05,0.1192481162928658,0.10914208370463323
17.016399999999997,1.7016399999999995e-05,0.13591894399382765,0.10935299338287104
17.017200000000003,1.70172e-05,0.09408262207248974,0.10957306990993679
17.017999999999994,1.7017999999999992e-05,0.1328791497925903,0.10980416624837788
17.0188,1.7018799999999997e-05,0.1282074898847766,0.1100479096575198
17.019599999999997,1.7019599999999995e-05,0.0973143893855909,0.11030568502039474
17.020400000000002,1.70204e-05,0.11335009841652799,0.11057861967052235
17.021199999999993,1.7021199999999992e-05,0.13545291274705218,0.1108675701156763
17.022,1.7021999999999997e-05,0.09854074735410834,0.11117311107122234
17.022800000000004,1.7022800000000002e-05,0.11708969583079099,0.1114955272124929
17.023599999999995,1.7023599999999994e-05,0.10868468006014975,0.11183480804480865
17.0244,1.70244e-05,0.09190112741036138,0.11219064627388145
17.025199999999998,1.7025199999999998e-05,0.10855947200843497,0.11256244002265554
17.026000000000003,1.7026000000000003e-05,0.11693176733614297,0.11294929916833837
17.026799999999994,1.7026799999999994e-05,0.0876287336891608,0.11335005596628928
17.0276,1.70276e-05,0.08120624157448808,0.11376327999887512
17.028399999999998,1.7028399999999998e-05,0.1295946132079432,0.11418729734566431
17.029200000000003,1.7029200000000003e-05,0.08656938262674785,0.1146202137079033
17.029999999999994,1.7029999999999994e-05,0.11342802240527772,0.11505994103115134
17.0308,1.70308e-05,0.16682528393875218,0.11550422697853262
17.031599999999997,1.7031599999999998e-05,0.1397029886110438,0.1159506864511908
17.032400000000003,1.7032400000000003e-05,0.11297863529567864,0.1163968342706361
17.033199999999994,1.703319999999999e-05,0.12529214739239358,0.11684011815726426
17.034,1.7033999999999996e-05,0.1323351945570681,0.11727795124073631
17.034799999999997,1.7034799999999995e-05,0.1671258209651545,0.11770774345406979
17.035600000000002,1.70356e-05,0.13738663965432096,0.1181269312534429
17.036399999999993,1.703639999999999e-05,0.108967816606512,0.11853300519817957
17.0372,1.7037199999999997e-05,0.11719882757675215,0.11892353505817964
17.037999999999997,1.7037999999999995e-05,0.15311783913600263,0.11929619226672014
17.038800000000002,1.70388e-05,0.1139748145008117,0.11964876964632284
17.039599999999993,1.7039599999999992e-05,0.11841345878524279,0.11997919838625856
17.040399999999998,1.7040399999999997e-05,0.1650875026662103,0.1202855622759995
17.041200000000003,1.7041200000000002e-05,0.1365553868381384,0.1205661092306708
17.042,1.7042e-05,0.11998896201741416,0.1208192601938934
17.0428,1.70428e-05,0.15472114543394788,0.12104361558276308
17.043599999999998,1.7043599999999997e-05,0.11952501128778614,0.1212379595499092
17.044400000000003,1.7044400000000002e-05,0.12295291274705211,0.12140126245356225
17.045199999999994,1.7045199999999994e-05,0.0863446890719447,0.12153268202071511
17.046,1.7046e-05,0.12150394174087853,0.12163156374030916
17.046799999999998,1.7046799999999997e-05,0.1207874943906706,0.12169744100793324
17.047600000000003,1.7047600000000003e-05,0.1011046755542524,0.1217300354499769
17.048399999999994,1.7048399999999994e-05,0.11488739599718545,0.12172925771120016
17.0492,1.70492e-05,0.13429199566439332,0.12169520883690327
17.049999999999997,1.7049999999999998e-05,0.12544383433559514,0.12162818223932133
17.050800000000002,1.7050800000000003e-05,0.1240930246582268,0.12152866611569237
17.051599999999993,1.705159999999999e-05,0.08667378550698535,0.12139734609661874
17.0524,1.70524e-05,0.09923638953284264,0.12123510784485872
17.053199999999997,1.7053199999999995e-05,0.16672655477853116,0.12104303925721963
17.054000000000002,1.7054e-05,0.11968766864815439,0.12082243181031009
17.054799999999993,1.705479999999999e-05,0.14336333786226985,0.12057478046044731
17.0556,1.7055599999999996e-05,0.1561449617229107,0.12030178143104861
17.056399999999996,1.7056399999999995e-05,0.14291735544411133,0.12000532724006921
17.0572,1.70572e-05,0.12438788796461253,0.11968749842131138
17.057999999999993,1.705799999999999e-05,0.17108103352277326,0.11935055154369982
17.058799999999998,1.7058799999999997e-05,0.13357895300562583,0.11899690330598883
17.059599999999996,1.7059599999999995e-05,0.12439280534177166,0.11862911066473349
17.0604,1.70604e-05,0.13289390192405703,0.11824984713538952
17.0612,1.70612e-05,0.13991652323725234,0.11786187558037543
17.061999999999998,1.7061999999999997e-05,0.11128965077181963,0.1174680179420843
17.062800000000003,1.7062800000000002e-05,0.13590362403093836,0.11707112248342864
17.0636,1.70636e-05,0.12694349409616723,0.11667402917470453
17.0644,1.70644e-05,0.12316852789039812,0.11627953392484108
17.065199999999997,1.7065199999999997e-05,0.06835293527653286,0.11589035240092099
17.066000000000003,1.7066000000000002e-05,0.107679610955001,0.11550908420500566
17.066799999999994,1.7066799999999994e-05,0.10636625058627969,0.11513817815195704
17.0676,1.70676e-05,0.12364647440863552,0.11477989928424241
17.068399999999997,1.7068399999999997e-05,0.13323453660769002,0.11443629808643528
17.069200000000002,1.7069200000000003e-05,0.11878000452893989,0.11410918219227409
17.069999999999993,1.706999999999999e-05,0.10989912275720559,0.11380009077301717
17.0708,1.70708e-05,0.13053840246152815,0.1135102717660578
17.071599999999997,1.7071599999999994e-05,0.10556072031872321,0.11324066211191264
17.072400000000002,1.70724e-05,0.12183020131591438,0.11299187117740314
17.073199999999993,1.707319999999999e-05,0.1352386217779863,0.11276416753928797
17.073999999999998,1.7073999999999996e-05,0.10771081871220933,0.11255746929312152
17.074799999999996,1.7074799999999994e-05,0.08557812079876692,0.11237133804877505
17.0756,1.70756e-05,0.0950827738004828,0.11220497677470465
17.076399999999992,1.707639999999999e-05,0.15148654126083883,0.11205723162843635
17.077199999999998,1.7077199999999996e-05,0.08964246510233387,0.11192659783186107
17.077999999999996,1.7077999999999995e-05,0.11837165993086252,0.11181122953630256
17.0788,1.70788e-05,0.10512532899773042,0.11170895352634186
17.0796,1.7079599999999998e-05,0.13082361952503418,0.11161728655160064
17.080399999999997,1.7080399999999997e-05,0.08997912726310975,0.11153345602847513
17.081200000000003,1.7081200000000002e-05,0.16504173128896704,0.11145442380442842
17.082,1.7082e-05,0.12668891695844287,0.11137691263947949
17.0828,1.70828e-05,0.12899353915513856,0.1112974350580688
17.083599999999997,1.7083599999999997e-05,0.15574285867628268,0.11121232428288283
17.084400000000002,1.7084400000000002e-05,0.04641920836926394,0.11111776708338054
17.0852,1.70852e-05,0.11046615219279399,0.11100983851787483
17.086,1.7086e-05,0.09358595089992561,0.1108845386475037
17.086799999999997,1.7086799999999997e-05,0.08690188375321883,0.1107378312877687
17.087600000000002,1.7087600000000002e-05,0.11529006687524612,0.11056568472917158
17.0884,1.70884e-05,0.10174395525857094,0.11036411415624127
17.089199999999998,1.70892e-05,0.12137457265486606,0.110129225289382
17.089999999999996,1.7089999999999994e-05,0.11055239825013352,0.10985725860459591
17.0908,1.7090800000000002e-05,0.11716194609952513,0.10954463336645803
17.091599999999993,1.709159999999999e-05,0.12180655928442519,0.10918799063947633
17.092399999999998,1.7092399999999996e-05,0.12392601775212875,0.10878423441197752
17.093199999999996,1.7093199999999994e-05,0.14928972663581108,0.10833056996648881
17.094,1.7094e-05,0.14369016526873146,0.10782453866607787
17.094799999999992,1.709479999999999e-05,0.09522689501796211,0.10726404841388121
17.095599999999997,1.7095599999999996e-05,0.11446864881337104,0.10664739918916605
17.096399999999996,1.7096399999999994e-05,0.12310592386454078,0.10597330323541485
17.0972,1.70972e-05,0.12315320792750584,0.10524089961643802
17.098,1.7097999999999998e-05,0.1460267515655056,0.10444976294094663
17.098799999999997,1.7098799999999996e-05,0.11322337767908852,0.10359990612071511
17.099600000000002,1.70996e-05,0.10735467555425238,0.10269177712457134
17.1004,1.71004e-05,0.11501052353175567,0.10172624983086417
17.1012,1.7101199999999998e-05,0.09475386587688095,0.10070460922870843
17.101999999999997,1.7101999999999997e-05,0.06699229084485003,0.09962853132743757
17.102800000000002,1.71028e-05,0.1364649797465073,0.09850005817981142
17.1036,1.71036e-05,0.14715211134521344,0.09732156840874816
17.1044,1.71044e-05,0.10764764685492245,0.09609574358494107
17.105199999999996,1.7105199999999997e-05,0.12342726606241727,0.09482553080627214
17.106,1.7106000000000002e-05,0.09600102901686924,0.09351410193451205
17.1068,1.71068e-05,0.0558459373822332,0.09216481012388793
17.107599999999998,1.71076e-05,0.13664579392976972,0.09078114444425715
17.108399999999996,1.7108399999999994e-05,0.10232479197132816,0.08936668349328102
17.1092,1.7109200000000002e-05,0.05816436685610327,0.08792504890883901
17.11,1.7109999999999997e-05,0.06888157054917576,0.08645985968465254
17.110799999999998,1.7110799999999995e-05,0.06675379001288251,0.08497468818327053
17.111599999999996,1.7111599999999994e-05,0.07950553029060192,0.08347301869237006
17.1124,1.71124e-05,0.07924319891571052,0.08195820924237852
17.113199999999992,1.711319999999999e-05,0.05504248763182451,0.08043345721843924
17.113999999999997,1.7113999999999996e-05,0.11619300212873918,0.07890176911337653
17.114799999999995,1.7114799999999994e-05,0.053442586025306715,0.07736593461210178
17.1156,1.71156e-05,0.07625560615459348,0.07582850507721978
17.1164,1.7116399999999998e-05,0.07539787444691715,0.07429177641819949
17.117199999999997,1.7117199999999996e-05,0.0887506887774413,0.0727577762595589
17.118000000000002,1.7118e-05,0.0869803755733981,0.07122825526106404
17.1188,1.71188e-05,0.08822280984766584,0.06970468239224414
17.1196,1.7119599999999998e-05,0.05971414753964832,0.06818824395076718
17.120399999999997,1.7120399999999996e-05,0.08308020131591431,0.06667984614735356
17.1212,1.71212e-05,0.007425601648699431,0.06518012113185986
17.122,1.7122e-05,0.123720805194517,0.0636894363620938
17.122799999999998,1.7122799999999998e-05,0.05629040711467714,0.062207907189852085
17.123599999999996,1.7123599999999996e-05,0.06489080068861597,0.06073541247187747
17.1244,1.71244e-05,0.08488739599718842,0.05927161295889001
17.1252,1.71252e-05,0.04562956589601985,0.05781597221065407
17.125999999999998,1.7126e-05,0.05361715865713679,0.056367779815905135
17.126799999999996,1.7126799999999997e-05,0.00463565571946889,0.0549261767236994
17.1276,1.7127600000000002e-05,0.03168343174985799,0.05349018247836722
17.1284,1.7128399999999997e-05,0.11096622805679268,0.05205872405781618
17.129199999999997,1.7129199999999995e-05,0.06827009391063388,0.05063066584319398
17.129999999999995,1.7129999999999994e-05,0.06675719470431984,0.04920484007083499
17.1308,1.71308e-05,0.0569130426818133,0.047780077041925766
17.1316,1.7131599999999997e-05,0.03741803592296711,0.04635523442490015
17.132399999999997,1.7132399999999995e-05,0.04890369989492982,0.0449292251094884
17.133199999999995,1.7133199999999994e-05,0.06214246510233379,0.04350104316781774
17.134,1.7134e-05,0.06373196412311455,0.0420697875140104
17.1348,1.7134799999999997e-05,0.07090438037379565,0.0406346828589903
17.135599999999997,1.7135599999999996e-05,0.047879149792590336,0.03919509758427316
17.136400000000002,1.71364e-05,0.058010599395747264,0.03775055823983444
17.1372,1.71372e-05,0.028894053652060214,0.036300760497519007
17.137999999999998,1.7137999999999998e-05,0.018338939487933525,0.03484557652373112
17.138799999999996,1.7138799999999996e-05,0.0915302321209347,0.033385058831911264
17.1396,1.71396e-05,0.0030983581388084325,0.03191944071855519
17.1404,1.71404e-05,0.06295499326419962,0.030449133396583887
17.141199999999998,1.7141199999999998e-05,0.07038747186118,0.028974719958114712
17.141999999999996,1.7141999999999996e-05,0.02475594639403156,0.02749694635037714
17.1428,1.71428e-05,0.01881745383759348,0.026016709636189465
17.1436,1.71436e-05,0.017792147392426516,0.024535043922088898
17.144399999999997,1.7144399999999998e-05,0.046207565748768054,0.023053104435213537
17.145199999999996,1.7145199999999996e-05,-0.009691776301886668,0.02157215026905796
17.146,1.7146e-05,0.019915199062962352,0.020093526293493418
17.1468,1.7146799999999996e-05,0.015121735794861202,0.018618644664282542
17.147599999999997,1.7147599999999995e-05,0.07333402211077134,0.017148966288085543
17.148399999999995,1.7148399999999993e-05,-0.024992313328289106,0.01568598251286786
17.1492,1.71492e-05,0.034743274779712174,0.014231197255195989
17.15,1.7149999999999997e-05,-0.019510205775756795,0.012786109766194497
17.150799999999997,1.7150799999999995e-05,0.046117158657136836,0.011352198242845005
17.151599999999995,1.7151599999999993e-05,0.03280671101242849,0.009930904463337767
17.1524,1.71524e-05,0.005372151898290656,0.008523619571863343
17.1532,1.7153199999999997e-05,-0.05558147210960185,0.007131671109295804
17.153999999999996,1.7153999999999995e-05,0.04202841597922358,0.005756311393664821
17.1548,1.71548e-05,0.03181828604445247,0.004398707342563789
17.1556,1.71556e-05,-0.0031461566526066465,0.003059931755755968
17.156400000000005,1.7156400000000004e-05,0.001418452026396566,0.0017409559855416173
17.157199999999996,1.7157199999999996e-05,-0.014359275175345743,0.00044264388601967077
17.158,1.7158e-05,0.019250953152877615,-0.0008342530571582344
17.1588,1.71588e-05,-0.013967006883022104,-0.0020890995198899823
17.159599999999998,1.7159599999999997e-05,0.036301566043271616,-0.0033213792025892537
17.160399999999996,1.7160399999999996e-05,-0.007049167770065146,-0.004530696959954038
17.1612,1.71612e-05,-0.006759221840834884,-0.005716780412653567
17.162,1.7162e-05,-0.011743901877975471,-0.006879481234822485
17.162799999999997,1.7162799999999998e-05,0.05216402661667541,-0.008018776274804141
17.163599999999995,1.7163599999999996e-05,0.013594840799907804,-0.009134768639004861
17.1644,1.71644e-05,-0.033375011241734476,-0.01022768883246502
17.1652,1.71652e-05,0.021639552378327487,-0.011297895964277209
17.165999999999997,1.7165999999999995e-05,0.01786591034684848,-0.012345878896626332
17.166799999999995,1.7166799999999993e-05,0.00044591485271261444,-0.013372257092773829
17.1676,1.7167599999999998e-05,-0.026664653714938646,-0.014377780819118998
17.1684,1.7168399999999996e-05,-0.07340489482462575,-0.015363330258132992
17.169199999999996,1.7169199999999995e-05,0.03467234868526514,-0.016329913008968418
17.169999999999995,1.7169999999999993e-05,-0.03860046113939497,-0.01727865945160999
17.1708,1.7170799999999998e-05,-0.0524346266795539,-0.01821081554528969
17.171599999999998,1.7171599999999997e-05,-0.06440447872119637,-0.019127732769580418
17.172399999999996,1.7172399999999995e-05,-0.015693440715604745,-0.020030855063755376
17.1732,1.71732e-05,-0.029831736485068094,-0.020921702809344956
17.174,1.7174e-05,0.03693725254472491,-0.021801854149198323
17.174800000000005,1.7174800000000004e-05,-0.038922559680098945,-0.022672924177723514
17.175599999999996,1.7175599999999995e-05,-0.005263723114627528,-0.023536542679114862
17.1764,1.71764e-05,0.019156952858374265,-0.02439433110492467
17.1772,1.71772e-05,-0.032753888360283034,-0.02524787941305687
17.178000000000004,1.7178000000000004e-05,-0.022243221399079527,-0.026098723290275096
17.178799999999995,1.7178799999999996e-05,-0.050143243928600256,-0.02694832217594751
17.1796,1.71796e-05,0.004560380079292159,-0.02779803842165963
17.1804,1.71804e-05,-0.020182962265836046,-0.028649117891900833
17.181199999999997,1.7181199999999997e-05,-0.012216931019090604,-0.029502672330442223
17.181999999999995,1.7181999999999996e-05,0.0007825770135484467,-0.03035966383329082
17.1828,1.71828e-05,-0.032418550373767174,-0.031220891736029485
17.1836,1.71836e-05,-0.030765879495706527,-0.03208698213905574
17.184399999999997,1.7184399999999994e-05,-0.01901145408604532,-0.032958380189580264
17.185199999999995,1.7185199999999993e-05,-0.035102201417044565,-0.03383534515124859
17.186,1.7185999999999998e-05,-0.0313293157284229,-0.03471794824204316
17.186799999999998,1.7186799999999996e-05,-0.025982818813342523,-0.03560607320407587
17.187599999999996,1.7187599999999994e-05,-0.03458812976447356,-0.03649941956853556
17.188399999999994,1.7188399999999993e-05,-0.005840398793055868,-0.03739750858362312
17.1892,1.7189199999999998e-05,-0.005898653273183507,-0.03829969177084151
17.189999999999998,1.7189999999999996e-05,-0.046867785755370095,-0.03920516204457297
17.190799999999996,1.7190799999999995e-05,-0.042979906089336106,-0.04011296725411633
17.1916,1.71916e-05,-0.05428135118662902,-0.0410220259016768
17.1924,1.7192399999999998e-05,-0.06300638498085986,-0.0419311447086314
17.193200000000004,1.7193200000000003e-05,-0.022975745055041408,-0.04283903769819986
17.193999999999996,1.7193999999999995e-05,-0.025205280123064888,-0.04374434653932603
17.1948,1.71948e-05,-0.017243977742007033,-0.044645662005152235
17.1956,1.71956e-05,-0.05333472507300607,-0.0455415464711859
17.196400000000004,1.7196400000000004e-05,-0.0015192083231423403,-0.046430557371275535
17.197199999999995,1.7197199999999995e-05,-0.0334536915732786,-0.04731127145429812
17.198,1.7198e-05,-0.04396492636587468,-0.0481823095765711
17.1988,1.71988e-05,-0.06739698885946555,-0.049042361646057964
17.199600000000004,1.7199600000000004e-05,-0.049145740549177086,-0.04989021122236317
17.200399999999995,1.7200399999999995e-05,-0.05259387934845483,-0.05072475920873911
17.2012,1.72012e-05,-0.06154341818608411,-0.05154504607954072
17.201999999999998,1.7202e-05,-0.024241821360827975,-0.052350272156055526
17.202799999999996,1.7202799999999994e-05,-0.04095085471330373,-0.053139815531601436
17.203599999999994,1.7203599999999992e-05,-0.1152879329774692,-0.053913247313973296
17.2044,1.7204399999999997e-05,-0.02635995565424154,-0.05467034388978508
17.205199999999998,1.7205199999999996e-05,-0.05087992861885671,-0.05541109595151198
17.205999999999996,1.7205999999999994e-05,-0.042669722820124045,-0.05613571410233419
17.206799999999994,1.7206799999999993e-05,-0.03928702490667857,-0.056844630951400354
17.2076,1.7207599999999998e-05,-0.0849338703367265,-0.057538499675050876
17.208399999999997,1.7208399999999996e-05,-0.04676395070662209,-0.05821818902559156
17.209199999999996,1.7209199999999994e-05,-0.05615739144520271,-0.058884774757364436
17.21,1.721e-05,-0.0675312753225975,-0.059539527456256805
17.2108,1.7210799999999998e-05,-0.008206112329923854,-0.060183896807844924
17.211600000000004,1.7211600000000003e-05,-0.07253259949691748,-0.06081949238871839
17.212399999999995,1.7212399999999995e-05,-0.09483173648506815,-0.06144806108092198
17.2132,1.72132e-05,-0.09474605825915439,-0.0620714611908705
17.214,1.7213999999999998e-05,-0.07306615214674261,-0.06269163335537603
17.214800000000004,1.7214800000000003e-05,-0.07907273393758274,-0.06331056841146428
17.215599999999995,1.7215599999999995e-05,-0.09410469803762134,-0.06393027261004532
17.2164,1.72164e-05,-0.02753619269981966,-0.06455273081066443
17.2172,1.72172e-05,-0.0454348910550203,-0.06517986853760861
17.218000000000004,1.7218000000000004e-05,-0.0408515577216203,-0.06581351395958641
17.218799999999995,1.7218799999999995e-05,-0.04674182136082794,-0.06645536093736333
17.2196,1.72196e-05,-0.016547011388986177,-0.06710693424793097
17.220399999999998,1.72204e-05,-0.04297234036367381,-0.06776955796263093
17.221200000000003,1.7221200000000004e-05,-0.08355658176786429,-0.06844432776860092
17.221999999999994,1.7221999999999992e-05,-0.03466340540465018,-0.06913208780770592
17.2228,1.7222799999999997e-05,-0.045283771943174234,-0.06983341240027634
17.223599999999998,1.7223599999999995e-05,-0.027044438904377688,-0.07054859285569248
17.224400000000003,1.72244e-05,-0.08537909641199781,-0.07127762943732603
17.225199999999994,1.7225199999999992e-05,-0.07966189271889534,-0.0720202284042916
17.226,1.7225999999999997e-05,-0.056529610908879424,-0.07277580389560111
17.226799999999997,1.7226799999999996e-05,-0.04203876518432814,-0.0735434843044093
17.227599999999995,1.7227599999999994e-05,-0.06926962442657181,-0.07432212273925763
17.2284,1.72284e-05,-0.04232681910784597,-0.07511031114495094
17.2292,1.7229199999999998e-05,-0.1177100089887525,-0.0759063976005889
17.230000000000004,1.7230000000000003e-05,-0.08710212555311281,-0.0767085062244406
17.230799999999995,1.7230799999999994e-05,-0.05679950800956313,-0.07751455905020503
17.2316,1.72316e-05,-0.11657216610618998,-0.0783222992511379
17.2324,1.7232399999999998e-05,-0.07489282782517082,-0.0791293151790178
17.233200000000004,1.7233200000000003e-05,-0.09522457260878436,-0.07993306481319161
17.233999999999995,1.7233999999999995e-05,-0.07820951702129142,-0.08073090035137183
17.2348,1.72348e-05,-0.12352594184204574,-0.08152009281597483
17.235599999999998,1.7235599999999998e-05,-0.028534263910635405,-0.08229785669712732
17.236400000000003,1.7236400000000003e-05,-0.03119294874814349,-0.08306137479485795
17.237199999999994,1.7237199999999995e-05,-0.04878203166552475,-0.08380782352417895
17.238,1.7238e-05,-0.08555574956100542,-0.08453439894348005
17.238799999999998,1.72388e-05,-0.09928343170377651,-0.08523834362248467
17.239600000000003,1.7239600000000003e-05,-0.04870335133388071,-0.08591697424220363
17.240399999999994,1.724039999999999e-05,-0.1166652215463313,-0.08656770963278121
17.2412,1.7241199999999997e-05,-0.09464316806456857,-0.08718809886753258
17.241999999999997,1.7241999999999995e-05,-0.036309834731268587,-0.08777584902350105
17.242800000000003,1.72428e-05,-0.08254035373411439,-0.0883288522489342
17.243599999999994,1.7243599999999992e-05,-0.08130359317982638,-0.08884521180680946
17.2444,1.7244399999999997e-05,-0.09889608078857504,-0.089323266749828
17.245199999999997,1.7245199999999995e-05,-0.0714586848144324,-0.08976161482014243
17.246000000000002,1.7246e-05,-0.09991722619954713,-0.09015913310287356
17.246799999999993,1.7246799999999992e-05,-0.08546458612647678,-0.09051499593873029
17.2476,1.7247599999999997e-05,-0.09281989707760785,-0.09082868961547898
17.248400000000004,1.7248400000000002e-05,-0.0826704791629514,-0.09110002339051049
17.249199999999995,1.7249199999999994e-05,-0.0991145327919658,-0.09132913643774443
17.25,1.725e-05,-0.10334021028162088,-0.09151650035818938
17.250799999999998,1.7250799999999998e-05,-0.11339865327318355,-0.09166291694575646
17.251600000000003,1.7251600000000003e-05,-0.14973073829619504,-0.09176951097453803
17.252399999999994,1.7252399999999994e-05,-0.05873607177684681,-0.09183771790007453
17.2532,1.72532e-05,-0.09446651491566105,-0.09186926656231467
17.253999999999998,1.7253999999999998e-05,-0.0627364878802763,-0.09186615721209335
17.254800000000003,1.7254800000000003e-05,-0.07442395971835047,-0.0918306353782506
17.255599999999994,1.7255599999999995e-05,-0.10849473408483434,-0.09176516218212871
17.2564,1.72564e-05,-0.09168054150929061,-0.09167238169329697
17.257199999999997,1.7257199999999998e-05,-0.11393504278298339,-0.09155508587024327
17.258000000000003,1.7258000000000003e-05,-0.04782973183185235,-0.09141617761358643
17.258799999999994,1.725879999999999e-05,-0.11543886357788036,-0.09125863250265645
17.2596,1.7259599999999996e-05,-0.06676130235798217,-0.09108545985754592
17.260399999999997,1.7260399999999995e-05,-0.07491930671669456,-0.09089966381946482
17.261200000000002,1.72612e-05,-0.05080143679864735,-0.09070420515196033
17.261999999999993,1.726199999999999e-05,-0.06747566919110981,-0.09050196443382325
17.2628,1.7262799999999997e-05,-0.07035961541484348,-0.09029570723114107
17.263599999999997,1.7263599999999995e-05,-0.12268428644015605,-0.09008805169421746
17.264400000000002,1.72644e-05,-0.040096716208529615,-0.08988143885574022
17.265199999999993,1.7265199999999992e-05,-0.07748399125969929,-0.08967810576646114
17.266,1.7265999999999997e-05,-0.09033313652331976,-0.08948006151964977
17.266800000000003,1.7266800000000002e-05,-0.09979901604210212,-0.08928906615678188
17.2676,1.72676e-05,-0.09330824618158229,-0.08910661238488476
17.2684,1.72684e-05,-0.07753486852549962,-0.08893390999160429
17.269199999999998,1.7269199999999997e-05,-0.11652336935743723,-0.08877187285330837
17.270000000000003,1.7270000000000002e-05,-0.07223149463912248,-0.08862110849128693
17.270799999999994,1.7270799999999994e-05,-0.10681274745527503,-0.08848191021311622
17.2716,1.72716e-05,-0.05178967325521866,-0.08835425196377736
17.272399999999998,1.7272399999999997e-05,-0.10196084119561144,-0.08823778609445335
17.273200000000003,1.7273200000000003e-05,-0.052738568397423635,-0.08813184431683042
17.273999999999994,1.7273999999999994e-05,-0.08590432699323314,-0.0880354421286969
17.2748,1.72748e-05,-0.06392388385441894,-0.08794728697077293
17.275599999999997,1.7275599999999998e-05,-0.08724189722485953,-0.08786579031582707
17.276400000000002,1.7276400000000003e-05,-0.06832715934734379,-0.08778908381288308
17.277199999999993,1.727719999999999e-05,-0.03332432248726891,-0.08771503952434356
17.278,1.7278e-05,-0.08749723070541127,-0.08764129420354784
17.278799999999997,1.7278799999999995e-05,-0.07133631362279247,-0.08756527744675618
17.279600000000002,1.72796e-05,-0.06018088174868852,-0.08748424340301095
17.280399999999993,1.728039999999999e-05,-0.10000971380829582,-0.08739530555808173
17.2812,1.7281199999999996e-05,-0.0821618927188954,-0.08729547396340949
17.281999999999996,1.7281999999999995e-05,-0.11302719015233409,-0.08718169418133669
17.2828,1.72828e-05,-0.09604561135063461,-0.08705088717617449
17.283599999999993,1.728359999999999e-05,-0.10451587949570651,-0.08689998941032731
17.284399999999998,1.7284399999999997e-05,-0.07840224647608574,-0.08672599250742431
17.285199999999996,1.7285199999999995e-05,-0.014522877390076183,-0.08652598199360512
17.286,1.7286e-05,-0.09000763329114836,-0.08629717476593093
17.2868,1.72868e-05,-0.12617346775098948,-0.08603695499290914
17.287599999999998,1.7287599999999997e-05,-0.044111695931991046,-0.08574290810195279
17.288400000000003,1.7288400000000002e-05,-0.08196235388136619,-0.08541285241597431
17.2892,1.72892e-05,-0.0700863136227925,-0.08504486795082622
17.29,1.729e-05,-0.11936551672678797,-0.08463732188272968
17.290799999999997,1.7290799999999997e-05,-0.11141896647719673,-0.08418889019668456
17.291600000000003,1.7291600000000002e-05,-0.09141764230297666,-0.08369857504131992
17.292399999999994,1.7292399999999994e-05,-0.08273383953163616,-0.0831657173993216
17.2932,1.72932e-05,-0.12179818383524305,-0.0825900048533707
17.293999999999997,1.7293999999999997e-05,-0.057201611056131196,-0.08197147443980857
17.294800000000002,1.7294800000000003e-05,-0.07977953504494795,-0.08131051078380261
17.295599999999993,1.729559999999999e-05,-0.028484331499097237,-0.08060783987623435
17.2964,1.72964e-05,-0.10719536950468889,-0.07986451896207364
17.297199999999997,1.7297199999999994e-05,-0.05197275646710331,-0.0790819230364767
17.298000000000002,1.7298e-05,-0.08837992861885668,-0.07826172839757611
17.298799999999993,1.729879999999999e-05,-0.08638284134286311,-0.07740589363834834
17.299599999999998,1.7299599999999996e-05,-0.04486086372513198,-0.07651663842527341
17.300399999999996,1.7300399999999994e-05,-0.05397608529453912,-0.0755964204175047
17.3012,1.73012e-05,-0.07548141877509096,-0.07464791069740462
17.301999999999992,1.730199999999999e-05,-0.04485462217368985,-0.07367396807066498
17.302799999999998,1.7302799999999996e-05,-0.0887131860882251,-0.07267761253499169
17.303599999999996,1.7303599999999995e-05,-0.06882099365983319,-0.07166199813436082
17.3044,1.73044e-05,-0.05670361570934701,-0.07063038535102613
17.3052,1.7305199999999998e-05,-0.06592513216470741,-0.06958611316193793
17.305999999999997,1.7305999999999997e-05,-0.05900748156318536,-0.06853257089303767
17.306800000000003,1.7306800000000002e-05,-0.050792358387230396,-0.0674731700177469
17.3076,1.73076e-05,-0.04931199111244755,-0.06641131604210007
17.3084,1.73084e-05,-0.08349889511912922,-0.06535038059234217
17.309199999999997,1.7309199999999997e-05,-0.05175298028939246,-0.0642936737784527
17.310000000000002,1.7310000000000002e-05,-0.09146700688302212,-0.06324441686878679
17.3108,1.73108e-05,-0.04516764230297665,-0.0622057153057502
17.3116,1.73116e-05,-0.07150256418596301,-0.06118053213615492
17.312399999999997,1.7312399999999997e-05,-0.025190527991598266,-0.06017166200915575
17.313200000000002,1.7313200000000002e-05,-0.06149272943171846,-0.059181705974473774
17.314,1.7314e-05,-0.09751595535973812,-0.05821304736052288
17.314799999999998,1.73148e-05,-0.042472264499642254,-0.05726782902319303
17.315599999999996,1.7315599999999994e-05,-0.05932598690098689,-0.0563479322706702
17.3164,1.7316400000000002e-05,-0.02360953955081202,-0.05545495782881654
17.317199999999993,1.731719999999999e-05,-0.03971201364186827,-0.054590209300373546
17.317999999999998,1.7317999999999996e-05,-0.02192547240410525,-0.05375467962680254
17.318799999999996,1.7318799999999994e-05,-0.02593704743609926,-0.05294904103713968
17.3196,1.73196e-05,-0.03154568721466622,-0.052173638863795224
17.320399999999992,1.732039999999999e-05,-0.04416597788925869,-0.05142848944708419
17.321199999999997,1.7321199999999996e-05,-0.04541389737211121,-0.05071328217053096
17.321999999999996,1.7321999999999994e-05,-0.04327420156429618,-0.050027385502394044
17.3228,1.73228e-05,-0.024710689467648317,-0.049369856794637734
17.3236,1.7323599999999998e-05,-0.056306241528366385,-0.04873945551453947
17.324399999999997,1.7324399999999996e-05,-0.018176796578425303,-0.04813465953573949
17.325200000000002,1.73252e-05,-0.04558979417819142,-0.04755368406994283
17.326,1.7326e-05,-0.07237259048508915,-0.046994502769115785
17.3268,1.7326799999999998e-05,-0.0741340137891201,-0.04645487048251315
17.327599999999997,1.7327599999999997e-05,-0.05946783908988118,-0.04593234714579872
17.328400000000002,1.73284e-05,-0.024937463539528637,-0.04542432235100395
17.3292,1.73292e-05,-0.037123687067414424,-0.04492804029907581
17.33,1.733e-05,-0.036461521674507114,-0.04444062501138126
17.330799999999996,1.7330799999999997e-05,-0.04964524858171604,-0.04395910579646991
17.3316,1.7331600000000002e-05,-0.037590474657087314,-0.0434804430103704
17.3324,1.73324e-05,-0.008403570650305725,-0.04300155414838022
17.333199999999998,1.73332e-05,-0.017755968877430472,-0.042519340300496596
17.333999999999996,1.7333999999999994e-05,-0.019134013789120052,-0.04203071298331656
17.3348,1.7334800000000002e-05,-0.021780027012308967,-0.04153262129281118
17.3356,1.7335599999999997e-05,-0.05415481896059415,-0.04102207919331942
17.336399999999998,1.7336399999999995e-05,-0.06566488130693349,-0.040496192603959036
17.337199999999996,1.7337199999999994e-05,-0.05975305615342408,-0.03995218582711136
17.338,1.7338e-05,0.007680746617816259,-0.039387426839347914
17.338799999999992,1.733879999999999e-05,-0.010515463392277047,-0.038799451039219335
17.339599999999997,1.7339599999999996e-05,-0.021139423133703317,-0.03818598315043376
17.340399999999995,1.7340399999999994e-05,-0.09908370435471248,-0.037544957015003114
17.3412,1.73412e-05,-0.04121791495391269,-0.03687453295482687
17.342,1.7341999999999998e-05,-0.05403585246032172,-0.03617311232185946
17.342799999999997,1.7342799999999996e-05,-0.013536532939217416,-0.035439348905090415
17.343600000000002,1.73436e-05,-0.03248474760252684,-0.03467215702421549
17.3444,1.73444e-05,-0.034659812201747964,-0.033870716324354205
17.3452,1.7345199999999998e-05,0.004942245785878763,-0.03303447340865457
17.345999999999997,1.7345999999999996e-05,-0.05468137371614956,-0.03216314049038978
17.3468,1.73468e-05,-0.05600438032774413,-0.03125669124232226
17.3476,1.73476e-05,-0.016475328951611745,-0.03031535400775804
17.348399999999998,1.7348399999999998e-05,-0.06246167340247044,-0.029339602557878253
17.349199999999996,1.7349199999999996e-05,-0.007260054047693698,-0.028330144661690766
17.35,1.735e-05,0.009625820965124543,-0.027287908862158837
17.3508,1.73508e-05,-0.029562407215877107,-0.0262140299727723
17.351599999999998,1.73516e-05,0.04526150746660784,-0.025109833868709994
17.352399999999996,1.7352399999999997e-05,0.00866444272013489,-0.023976822112378143
17.3532,1.7353200000000002e-05,-0.06217513216470738,-0.022816656820991786
17.354,1.7353999999999997e-05,-0.007611279828561579,-0.02163114598334718
17.354799999999997,1.7354799999999995e-05,-0.01986162006795944,-0.020422229231472095
17.355599999999995,1.7355599999999994e-05,-0.014590966624448365,-0.019191963950881408
17.3564,1.73564e-05,-0.012079239864491331,-0.017942511595366983
17.3572,1.7357199999999997e-05,0.027696822923603204,-0.0166761241073501
17.357999999999997,1.7357999999999995e-05,-0.016573490280410108,-0.015395130367628167
17.358799999999995,1.7358799999999994e-05,-0.012163973236042902,-0.014101922575881541
17.3596,1.73596e-05,-0.029522121047148797,-0.012798942396251513
17.3604,1.7360399999999997e-05,-0.011337637797012468,-0.01148866662670893
17.361199999999997,1.7361199999999996e-05,-0.02437875617259988,-0.010173592121163012
17.362000000000002,1.7362e-05,-0.06471125729904093,-0.008856219738262047
17.3628,1.73628e-05,0.0318962100331992,-0.007539037203891574
17.363599999999998,1.7363599999999998e-05,0.010719216644763607,-0.0062245009379773815
17.364399999999996,1.7364399999999996e-05,0.0011540401343979045,-0.004915017077110751
17.3652,1.73652e-05,-0.029823982247871195,-0.003612922060041503
17.366,1.7366e-05,0.020545400355830745,-0.0023204631920485637
17.366799999999998,1.7366799999999998e-05,0.03211466203655999,-0.0010397796002997138
17.367599999999996,1.7367599999999996e-05,-0.03918545888641278,0.00022711600722048406
17.3684,1.73684e-05,0.06668816061558547,0.0014783543582738935
17.3692,1.73692e-05,0.026732796329973385,0.0027122250013591337
17.369999999999997,1.7369999999999998e-05,0.002169511825220405,0.0039271897028156835
17.370799999999996,1.7370799999999996e-05,-0.00045966874932446,0.005121893592288365
17.3716,1.73716e-05,-0.005047919459776784,0.0062951739174969615
17.3724,1.7372399999999997e-05,0.04672296157565903,0.007446066376232909
17.373199999999997,1.7373199999999995e-05,0.0031308900703097553,0.008573809033613029
17.373999999999995,1.7373999999999993e-05,0.01942968681899271,0.009677843821692332
17.3748,1.73748e-05,0.010171856717834049,0.010757815612518682
17.3756,1.7375599999999997e-05,0.029382970587457313,0.011813568877062017
17.376399999999997,1.7376399999999995e-05,0.005978711159710159,0.012845141970183493
17.377199999999995,1.7377199999999993e-05,0.05575477394773454,0.013852759098513091
17.378,1.7378e-05,0.057442245785878754,0.01483682004467302
17.3788,1.7378799999999997e-05,0.016962975093321342,0.01579788776700241
17.379599999999996,1.7379599999999995e-05,-0.0021702147874851363,0.016736674096066776
17.3804,1.73804e-05,0.0041743533384109854,0.01765402389699604
17.3812,1.73812e-05,0.0407839011877984,0.01855089819248577
17.382000000000005,1.7382000000000004e-05,0.008292223256358144,0.01942835677610664
17.382799999999996,1.7382799999999996e-05,-0.004733575156269931,0.020287540792236144
17.3836,1.73836e-05,0.029506098122024538,0.021129655672577737
17.3844,1.73844e-05,0.0017870782872412283,0.021955954728490393
17.385199999999998,1.7385199999999997e-05,0.011307807594713726,0.022767723590409652
17.385999999999996,1.7385999999999996e-05,0.053705485231620664,0.023566265553509685
17.3868,1.73868e-05,0.03613947651433591,0.024352887751916512
17.3876,1.73876e-05,0.062436004234436515,0.025128887976658413
17.388399999999997,1.7388399999999998e-05,0.054035149498086965,0.025895541914175854
17.389199999999995,1.7389199999999996e-05,0.03542851437270578,0.026654090636691358
17.39,1.739e-05,0.045820782665029314,0.027405728310642464
17.3908,1.73908e-05,0.04165279182407933,0.02815159026145533
17.391599999999997,1.7391599999999995e-05,-0.009336200975319286,0.028892741693905554
17.392399999999995,1.7392399999999993e-05,0.03219050550815916,0.029630167481467743
17.3932,1.7393199999999998e-05,0.006832281833091813,0.030364763479809345
17.394,1.7393999999999996e-05,0.04394266188930818,0.03109732977310164
17.394799999999996,1.7394799999999995e-05,0.020788818564990597,0.03182856614044863
17.395599999999995,1.7395599999999993e-05,0.02598987008827469,0.03255906987971371
17.3964,1.73964e-05,0.06445465302476172,0.0332893359918469
17.397199999999998,1.7397199999999997e-05,0.049715471713928316,0.03401975962804493
17.397999999999996,1.7397999999999995e-05,0.05373196412311454,0.03475064064285884
17.3988,1.73988e-05,0.024915199062962357,0.03548219009415413
17.3996,1.73996e-05,-0.01420002250644481,0.036214538583156236
17.400400000000005,1.7400400000000004e-05,0.045698411473319434,0.03694774638392581
17.401199999999996,1.7401199999999995e-05,0.04374104253456157,0.03768181529705929
17.402,1.7402e-05,0.041245203568856414,0.03841670204908142
17.4028,1.74028e-05,0.0447788320826531,0.03915233289950461
17.403600000000004,1.7403600000000004e-05,0.05054123932153609,0.03988861899161025
17.404399999999995,1.7404399999999996e-05,0.03799319891571051,0.04062547192182315
17.4052,1.74052e-05,0.06482403562846373,0.041362818985266614
17.406,1.7406e-05,0.05841894399382763,0.04210061755656291
17.406799999999997,1.7406799999999997e-05,0.08024770018943328,0.04283886808223271
17.407599999999995,1.7407599999999996e-05,0.027612845894848803,0.04357762520820209
17.4084,1.74084e-05,0.053532993116947925,0.04431700665249586
17.4092,1.74092e-05,0.04695049199046686,0.04505719953949679
17.409999999999997,1.7409999999999994e-05,0.061756438361452615,0.04579846399510557
17.410799999999995,1.7410799999999993e-05,0.09139405365206021,0.04654113383933048
17.4116,1.7411599999999998e-05,0.05140521258065467,0.04728561423151209
17.412399999999998,1.7412399999999996e-05,0.06699153450199258,0.04803237617436813
17.413199999999996,1.7413199999999994e-05,0.030787494390670633,0.04878194788834255
17.413999999999994,1.7413999999999993e-05,0.07709650521365574,0.0495349031971709
17.4148,1.7414799999999998e-05,0.1121702681681177,0.05029184716923544
17.415599999999998,1.7415599999999996e-05,0.06276510066948005,0.05105339932877476
17.416399999999996,1.7416399999999995e-05,0.043951740300755326,0.051820174836910295
17.4172,1.74172e-05,0.062419360097257015,0.05259276418920906
17.418,1.7417999999999998e-05,0.0043886443075069614,0.05337171215014218
17.418800000000005,1.7418800000000003e-05,0.061721637401378926,0.054157496756912206
17.419599999999996,1.7419599999999995e-05,0.05952709180493365,0.05495050921929812
17.4204,1.74204e-05,0.029984800983119397,0.05575103543322057
17.4212,1.74212e-05,0.07648729760369621,0.05655923967248409
17.422000000000004,1.7422000000000004e-05,0.05867219695726189,0.05737515088019055
17.422799999999995,1.7422799999999995e-05,0.06901793752948493,0.05819865187108572
17.4236,1.74236e-05,0.026976970881960716,0.05902947168005703
17.4244,1.74244e-05,0.030841020005080932,0.059867181241987845
17.425200000000004,1.7425200000000004e-05,0.06622572257167225,0.060711192531552625
17.425999999999995,1.7425999999999995e-05,0.0891847559241481,0.06156076118330353
17.4268,1.74268e-05,0.07180372242442057,0.062414992452705834
17.427599999999998,1.74276e-05,0.05545007588703743,0.06327285023299586
17.428399999999996,1.7428399999999994e-05,0.05775186122372811,0.0641331687742412
17.429199999999994,1.7429199999999992e-05,0.057001369256307055,0.06499466674863862
17.43,1.7429999999999997e-05,0.09831794580502451,0.06585596330456246
17.430799999999998,1.7430799999999996e-05,0.05554748087297834,0.0667155957123312
17.431599999999996,1.7431599999999994e-05,0.07759260855479733,0.06757203814849133
17.432399999999994,1.7432399999999993e-05,0.03422239374423641,0.06842372112972282
17.4332,1.7433199999999998e-05,0.11442552578469778,0.06926905109115115
17.433999999999997,1.7433999999999996e-05,0.12853223677408343,0.07010642957874029
17.434799999999996,1.7434799999999994e-05,0.059390724824624264,0.07093427149859204
17.4356,1.74356e-05,0.11710842048511771,0.07175102189651208
17.4364,1.7436399999999998e-05,0.07815944947895104,0.07255517086916542
17.437200000000004,1.7437200000000003e-05,0.06636965527771388,0.07334526639717488
17.437999999999995,1.7437999999999995e-05,0.060385391344032535,0.0741199250683789
17.4388,1.74388e-05,0.11683984755878407,0.07487784077868165
17.4396,1.7439599999999998e-05,0.05986091710569452,0.07561779154606563
17.440400000000004,1.7440400000000003e-05,0.09359975817710009,0.07633864457185706
17.441199999999995,1.7441199999999995e-05,0.0653214631438952,0.07703935967540587
17.442,1.7442e-05,0.0923567560713997,0.07771899123521121
17.4428,1.74428e-05,0.043306975387854774,0.0783766887743052
17.443600000000004,1.7443600000000004e-05,0.10165770920123152,0.07901169630766003
17.444399999999995,1.7444399999999995e-05,0.1313974583434907,0.07962335051964127
17.4452,1.74452e-05,0.09118600423443646,0.08021107778084414
17.445999999999998,1.7446e-05,0.07730947200843175,0.08077438999652599
17.446800000000003,1.7446800000000004e-05,0.0719735661905232,0.08131287934361157
17.447599999999994,1.7447599999999992e-05,0.08050776253574254,0.08182621206842447
17.4484,1.7448399999999997e-05,0.0314566576779175,0.08231412159681106
17.449199999999998,1.7449199999999995e-05,0.07552516301577927,0.0827764011920499
17.450000000000003,1.745e-05,0.11140313206350727,0.08321289628010688
17.450799999999994,1.7450799999999992e-05,0.11032694835247314,0.083623496379992
17.4516,1.7451599999999997e-05,0.10368884109444432,0.08400812639809933
17.452399999999997,1.7452399999999996e-05,0.1301627783063839,0.08436673695585642
17.453199999999995,1.7453199999999994e-05,0.11978582997695264,0.08469929346368142
17.454,1.7454e-05,0.06360599972854242,0.08500576380827161
17.4548,1.7454799999999998e-05,0.09116519906296228,0.08528610472945278
17.455600000000004,1.7455600000000003e-05,0.08979415204554242,0.08554024716271223
17.456399999999995,1.7456399999999994e-05,0.11536382982970095,0.08576808095328027
17.4572,1.74572e-05,0.11452765963635614,0.08596943939389898
17.458,1.7457999999999998e-05,0.09815944947895106,0.08614408405563707
17.458800000000004,1.7458800000000003e-05,0.07416603126982124,0.08629169043604416
17.459599999999995,1.7459599999999995e-05,0.08075344977345456,0.08641183505175894
17.4604,1.74604e-05,0.039029664289512156,0.0865039847000946
17.461199999999998,1.7461199999999998e-05,0.07685592386454076,0.08656748863676128
17.462000000000003,1.7462000000000003e-05,0.11926267991289807,0.08660157432882512
17.462799999999994,1.7462799999999995e-05,0.09977126635692068,0.08660534726596152
17.4636,1.74636e-05,0.04508428648620766,0.08657779512588529
17.464399999999998,1.74644e-05,0.058417619819537636,0.08651779646587758
17.465200000000003,1.7465200000000003e-05,0.07088697989375903,0.08642413404254741
17.465999999999994,1.746599999999999e-05,0.08963697989375896,0.0862955127607159
17.4668,1.7466799999999997e-05,0.07361583448284692,0.08613058206648182
17.467599999999997,1.7467599999999995e-05,0.09403666218381157,0.08592796236968049
17.468400000000003,1.74684e-05,0.09378908294039001,0.08568627488033452
17.469199999999994,1.7469199999999992e-05,0.11402550325521388,0.08540417410615248
17.47,1.7469999999999997e-05,0.10636341372627145,0.08508038218414261
17.470799999999997,1.7470799999999995e-05,0.11350935108546178,0.0847137242112313
17.471600000000002,1.74716e-05,0.04298563318997828,0.08430316379969183
17.472399999999993,1.7472399999999992e-05,0.06850027267401182,0.08384783818900438
17.4732,1.7473199999999997e-05,0.11143585250644339,0.08334709233292446
17.474000000000004,1.7474000000000002e-05,0.08752792401179255,0.08280051138619762
17.474799999999995,1.7474799999999994e-05,0.0709217808538325,0.08220795094345948
17.4756,1.74756e-05,0.12921331533278924,0.08156956430287803
17.476399999999998,1.7476399999999998e-05,0.14735108235138017,0.08088582599758459
17.477200000000003,1.7477200000000003e-05,0.041318966523318346,0.08015755087601627
17.477999999999994,1.7477999999999994e-05,0.10458061741934077,0.07938590812563791
17.4788,1.74788e-05,0.09375844301460534,0.07857242980722369
17.479599999999998,1.7479599999999998e-05,0.0750578075947137,0.07771901363325874
17.480400000000003,1.7480400000000003e-05,0.11831586528787719,0.07682791982960747
17.481199999999994,1.7481199999999995e-05,0.11712582096515756,0.07590176198217215
17.482,1.7482e-05,0.09324853239629227,0.07494349184647063
17.482799999999997,1.7482799999999998e-05,0.07718142709671227,0.07395637822826971
17.483600000000003,1.7483600000000003e-05,0.10374520356885941,0.07294398022910673
17.484399999999994,1.748439999999999e-05,0.07124652774314633,0.07191011535195352
17.4852,1.7485199999999997e-05,0.0611303981028789,0.0708588231304146
17.485999999999997,1.7485999999999995e-05,0.09821864881337106,0.06979432506013653
17.486800000000002,1.74868e-05,0.0725598881118612,0.06872098167848881
17.487599999999993,1.748759999999999e-05,0.03799187474142063,0.06764324766994242
17.4884,1.7488399999999997e-05,0.07034094414107939,0.06656562588425524
17.489199999999997,1.7489199999999995e-05,0.04426343625576212,0.06549262114142312
17.490000000000002,1.749e-05,0.09901093963518226,0.06442869464012548
17.490799999999993,1.7490799999999992e-05,0.025532917252946374,0.06337821968267318
17.4916,1.7491599999999997e-05,0.033489302256852094,0.06234543931247056
17.492400000000004,1.7492400000000002e-05,0.06810459969025073,0.06133442635125439
17.4932,1.74932e-05,0.07277209856377975,0.060349046200476285
17.494,1.7494e-05,0.04970847381962862,0.059392922614450915
17.494799999999998,1.7494799999999997e-05,0.12921047847277756,0.05846940649698555
17.495600000000003,1.7495600000000002e-05,0.043125404861725,0.057581547679593115
17.496399999999994,1.7496399999999994e-05,0.033758443014608286,0.05673206963828244
17.4972,1.74972e-05,0.05236299762284213,0.05592334717433828
17.497999999999998,1.7497999999999997e-05,0.06481779407702137,0.0551573871530228
17.498800000000003,1.7498800000000003e-05,0.04961125734512262,0.054435812392916824
17.499599999999994,1.7499599999999994e-05,0.0941862686098699,0.05375984872541791
17.5004,1.75004e-05,0.06582929324505382,0.05313031516262692
17.501199999999997,1.7501199999999998e-05,0.09850102901686919,0.05254761708514137
17.502000000000002,1.7502000000000003e-05,0.02520041612647539,0.05201174241289952
17.502799999999993,1.750279999999999e-05,0.06668399958129079,0.05152226083866736
17.5036,1.75036e-05,0.02521365557221722,0.05107832633650864
17.504399999999997,1.7504399999999995e-05,0.0770312528392284,0.05067868324336107
17.505200000000002,1.75052e-05,0.015171288886411394,0.05032167621780693
17.505999999999993,1.750599999999999e-05,0.009204993264199546,0.05000526432091475
17.5068,1.7506799999999996e-05,0.043491950605422214,0.04972703936187668
17.507599999999996,1.7507599999999995e-05,0.02359843400281003,0.04948424849736036
17.5084,1.75084e-05,0.06682812079876688,0.04927382085423687
17.509199999999993,1.750919999999999e-05,0.06950401760487712,0.04909239769114021
17.509999999999998,1.7509999999999997e-05,0.09643017878642379,0.04893636539545212
17.510799999999996,1.7510799999999995e-05,0.0701224921377186,0.04880189049489382
17.5116,1.75116e-05,0.03068876523044972,0.04868495587754149
17.5124,1.75124e-05,0.07525602225802297,0.04858139753789288
17.513199999999998,1.7513199999999997e-05,0.0706921699218771,0.04848694132638668
17.514000000000003,1.7514000000000002e-05,0.0876794224435663,0.04839723930675244
17.5148,1.75148e-05,0.053007194704319804,0.04830790541822405
17.5156,1.75156e-05,0.05037839344973294,0.04821455024618692
17.516399999999997,1.7516399999999997e-05,0.018723642054524814,0.04811281484337448
17.517200000000003,1.7517200000000002e-05,0.05253832659752955,0.04799840366826847
17.517999999999994,1.7517999999999994e-05,0.021407293097802094,0.047867116753980705
17.5188,1.75188e-05,0.05389821468635503,0.047714881166747415
17.519599999999997,1.7519599999999997e-05,0.08319141357901982,0.04753778168839484
17.520400000000002,1.7520400000000003e-05,0.06276093963518525,0.04733209051995257
17.521199999999993,1.752119999999999e-05,0.07316644737325084,0.047094295715535923
17.522,1.7522e-05,0.016242366708851597,0.04682112805699634
17.522799999999997,1.7522799999999994e-05,0.03792019230411614,0.04650958615703594
17.523600000000002,1.75236e-05,0.06123896201741408,0.046156959661291484
17.524399999999993,1.752439999999999e-05,0.04167227282126351,0.04576085043773475
17.525199999999998,1.7525199999999996e-05,0.03210842048511764,0.045319191586386115
17.525999999999996,1.7525999999999994e-05,0.049388644307476914,0.04483026401933563
17.5268,1.75268e-05,0.09288822820404752,0.04429271028674902
17.527599999999993,1.752759999999999e-05,0.069254357844305,0.043705545268370886
17.528399999999998,1.7528399999999996e-05,0.057899954964064526,0.04306816333592675
17.529199999999996,1.7529199999999995e-05,0.057773422738069735,0.04238034165915656
17.53,1.753e-05,0.10691285417037866,0.041642239477427345
17.5308,1.7530799999999998e-05,0.03464795031091872,0.04085439334613125
17.531599999999997,1.7531599999999997e-05,0.02792927071556328,0.04001770856097176
17.532400000000003,1.7532400000000002e-05,0.02724062643113212,0.03913344715352115
17.5332,1.75332e-05,0.049120827724000615,0.038203213001247245
17.534,1.7534e-05,0.012063973282164464,0.037228934650676365
17.534799999999997,1.7534799999999997e-05,0.0289615750550698,0.036212846407214005
17.535600000000002,1.7535600000000002e-05,0.015923861370979786,0.0351574681420533
17.5364,1.75364e-05,0.039826116145611046,0.0340655841378287
17.5372,1.75372e-05,0.07409226831536941,0.03294022114829094
17.537999999999997,1.7537999999999997e-05,0.010787494390670616,0.031784625705207736
17.538800000000002,1.7538800000000002e-05,0.07533602676392703,0.03060224061265805
17.5396,1.75396e-05,0.01287082772400061,0.029396680552392834
17.540399999999998,1.75404e-05,0.028313216939297114,0.028171706765631747
17.541199999999996,1.7541199999999994e-05,0.041443418232165685,0.026931200832277888
17.542,1.7542000000000002e-05,0.012836026763927033,0.02567913760231074
17.542799999999993,1.754279999999999e-05,0.01570748988477655,0.024419557333097478
17.543599999999998,1.7543599999999996e-05,0.058906536754944616,0.023156537056201784
17.544399999999996,1.7544399999999994e-05,0.0577615074666078,0.021894161152988457
17.5452,1.75452e-05,0.041413534649244355,0.020636491088991966
17.545999999999992,1.754599999999999e-05,0.028745203568856348,0.019387534288025848
17.546799999999998,1.7546799999999996e-05,0.0035872750742456105,0.018151212240491515
17.547599999999996,1.7547599999999994e-05,0.029990286191704185,0.016931328094667377
17.5484,1.75484e-05,0.05328465753066591,0.015731534101222005
17.5492,1.7549199999999998e-05,0.056790482978678614,0.014555299340027032
17.549999999999997,1.7549999999999996e-05,-0.01186759724393538,0.013405878198347269
17.550800000000002,1.75508e-05,-0.03774689046601343,0.012286280150436259
17.5516,1.75516e-05,0.0013189665233482861,0.011199241495547293
17.5524,1.7552399999999998e-05,-0.02147249209163693,0.010147199745745617
17.553199999999997,1.7553199999999997e-05,0.02912706927544295,0.009132271238636563
17.554000000000002,1.7554e-05,0.029845597142805214,0.008156232315875514
17.5548,1.75548e-05,0.04237207603428905,0.007220504168153337
17.5556,1.75556e-05,-0.020758125258609428,0.006326141301033742
17.556399999999996,1.7556399999999997e-05,-0.002007368915712071,0.005473823552685194
17.5572,1.7557200000000002e-05,0.02968218343956952,0.004663851643097059
17.558,1.7558e-05,0.027237789571127324,0.003896146270468309
17.558799999999998,1.75588e-05,-0.007559078388441387,0.003170250760976809
17.559599999999996,1.7559599999999994e-05,0.00098230436254243,0.002485337262548691
17.5604,1.7560400000000002e-05,-0.024099780660499115,0.0018402164857142791
17.5612,1.7561199999999997e-05,0.018711158951640217,0.0012333510057863982
17.561999999999998,1.7561999999999996e-05,0.02096414753964826,0.0006628721028351789
17.562799999999996,1.7562799999999994e-05,-0.052870018000580665,0.0001266000315128142
17.5636,1.75636e-05,0.012419360097257082,-0.0003779324768178147
17.564399999999992,1.756439999999999e-05,0.017790066875279065,-0.0008534537555587587
17.565199999999997,1.7565199999999996e-05,0.02766485882353431,-0.0013029241503708577
17.565999999999995,1.7565999999999994e-05,-0.012470751813887349,-0.0017295048233001492
17.5668,1.75668e-05,-0.019560326698729757,-0.002136524906762736
17.5676,1.7567599999999998e-05,0.027904872341226628,-0.0025274474834797943
17.568399999999997,1.7568399999999996e-05,0.05658318990391231,-0.0029058348392171623
17.569200000000002,1.75692e-05,-0.011034263910635445,-0.003275313422773336
17.57,1.757e-05,-0.02976270239633383,-0.00363953891040481
17.5708,1.7570799999999998e-05,-0.01042562413206849,-0.004002161674908387
17.571599999999997,1.7571599999999996e-05,-0.015680957612720148,-0.004366792858894189
17.572400000000002,1.75724e-05,0.031494106986601045,-0.004736971238077789
17.5732,1.75732e-05,0.01570748988477655,-0.005116131142361842
17.573999999999998,1.7573999999999998e-05,-0.00329084570147542,-0.005507571796953022
17.574799999999996,1.7574799999999996e-05,0.02626392822318324,-0.005914428469925761
17.5756,1.75756e-05,-0.036905235064023656,-0.006339645753802309
17.5764,1.75764e-05,-0.013598380622247608,-0.006785953215362175
17.577199999999998,1.75772e-05,0.02883485431763022,-0.007255843580836325
17.577999999999996,1.7577999999999997e-05,0.04609767765995265,-0.007751553612791147
17.5788,1.7578800000000002e-05,-0.02609213907080532,-0.008275047850879179
17.5796,1.7579599999999997e-05,-0.037474912848182274,-0.008828005361243514
17.580399999999997,1.7580399999999995e-05,0.0017335526728309292,-0.009411809546048325
17.581199999999995,1.7581199999999994e-05,-0.024552760972967325,-0.010027540978264202
17.582,1.7582e-05,0.0035761161455810653,-0.01067597322995492
17.5828,1.7582799999999997e-05,0.027095181039375804,-0.011357571746586814
17.583599999999997,1.7583599999999995e-05,0.025719972987661044,-0.01207249590720357
17.584399999999995,1.7584399999999994e-05,0.005807731730722132,-0.01282060442797016
17.5852,1.75852e-05,0.004440657236192469,-0.013601464181328907
17.586,1.7585999999999997e-05,-0.018242805295650255,-0.014414362330848229
17.586799999999997,1.7586799999999996e-05,-0.02949980319001977,-0.015258321484240438
17.587600000000002,1.75876e-05,0.009122151898290576,-0.016132117414528316
17.5884,1.75884e-05,-0.02480450125071698,-0.017034298828352914
17.589199999999998,1.7589199999999998e-05,-0.03604126180490508,-0.01796320865923948
17.589999999999996,1.7589999999999996e-05,0.000690089404699723,-0.018917006396259664
17.5908,1.75908e-05,-0.030146080788575058,-0.019893691003693113
17.5916,1.75916e-05,0.03031162838958068,-0.020891124042901502
17.592399999999998,1.7592399999999998e-05,-0.03278301560034691,-0.021907052658488694
17.593199999999996,1.7593199999999996e-05,-0.004817740696428818,-0.022939132103242013
17.594,1.7594e-05,-0.031373762931446,-0.023984947435404375
17.5948,1.75948e-05,-0.04718269789036966,-0.02504203395520215
17.595599999999997,1.7595599999999998e-05,-0.0523260627650185,-0.026107895906312822
17.596399999999996,1.7596399999999996e-05,-0.03406100717752547,-0.027180022994549167
17.5972,1.75972e-05,-0.043000143429417714,-0.028255904387467796
17.598,1.7597999999999997e-05,0.009424013099013084,-0.029333040037718458
17.598799999999997,1.7598799999999995e-05,-0.03412001800058073,-0.030408949367616053
17.599599999999995,1.7599599999999993e-05,-0.05441280078978605,-0.03148117750026913
17.6004,1.76004e-05,-0.03840773168460054,-0.032547299296673535
17.6012,1.7601199999999997e-05,-0.030907731684600592,-0.033604921493147616
17.601999999999997,1.7601999999999995e-05,-0.017981986606483535,-0.034651683289496804
17.602799999999995,1.7602799999999993e-05,0.009944326303026108,-0.03568525582933585
17.6036,1.76036e-05,-0.05834304714159577,-0.03670334109012638
17.6044,1.7604399999999997e-05,-0.0060768191078459655,-0.0377036707065845
17.605199999999996,1.7605199999999995e-05,-0.05058430896957666,-0.038684005186385775
17.606,1.7606e-05,-0.03919586147214993,-0.03964213389098415
17.6068,1.76068e-05,-0.03486842945079427,-0.04057587609604436
17.607600000000005,1.7607600000000004e-05,-0.010095959865602189,-0.04148308343023971
17.608399999999996,1.7608399999999996e-05,0.0019658119533962903,-0.042361643999586626
17.6092,1.76092e-05,-0.055346943800524295,-0.043209488494878316
17.61,1.761e-05,-0.04084096662444836,-0.0440245985107362
17.610799999999998,1.7610799999999997e-05,-0.041096300105100125,-0.04480501718220632
17.611599999999996,1.7611599999999996e-05,-0.025256725220257903,-0.04554886212842822
17.6124,1.76124e-05,-0.018692192405316277,-0.046254340631088284
17.6132,1.76132e-05,-0.03423274294941092,-0.04691976695068925
17.613999999999997,1.7613999999999998e-05,-0.044991556985361725,-0.04754358164218001
17.614799999999995,1.7614799999999996e-05,-0.04812667565545248,-0.048124372648947165
17.6156,1.76156e-05,-0.014396912995434108,-0.04866089785607785
17.6164,1.76164e-05,-0.02713125279317674,-0.04915210870593152
17.617199999999997,1.7617199999999995e-05,-0.03236710527657427,-0.04959717442012945
17.617999999999995,1.7617999999999993e-05,-0.06010711879426678,-0.04999550629751864
17.6188,1.7618799999999998e-05,-0.05749647436258387,-0.05034678145232702
17.6196,1.7619599999999996e-05,-0.03891064440860703,-0.05065096525556274
17.620399999999997,1.7620399999999995e-05,-0.06052927066948155,-0.050908331695530586
17.621199999999995,1.7621199999999993e-05,-0.05857114538789632,-0.05111948089217759
17.622,1.7622e-05,-0.05505208049407162,-0.05128535305883333
17.622799999999998,1.7622799999999997e-05,-0.07368178981957918,-0.051407238281462035
17.623599999999996,1.7623599999999995e-05,-0.03336876969029223,-0.05148678158005426
17.6244,1.76244e-05,-0.03712709175888196,-0.05152598283109359
17.6252,1.76252e-05,-0.07810511414105081,-0.0515271912462263
17.626000000000005,1.7626000000000004e-05,-0.036035020253462724,-0.05149309419252244
17.626799999999996,1.7626799999999995e-05,-0.08975570450196413,-0.05142670019922442
17.6276,1.76276e-05,-0.07234062638505045,-0.05133131605610799
17.6284,1.76284e-05,-0.0806635571326133,-0.05121051801098319
17.629200000000004,1.7629200000000004e-05,-0.050437539403560216,-0.051068117241236534
17.629999999999995,1.7629999999999996e-05,-0.05577968677291101,-0.05090812000133363
17.6308,1.76308e-05,-0.01600021929344919,-0.05073468309720743
17.6316,1.76316e-05,-0.03906025083469811,-0.05055206554938636
17.632399999999997,1.7632399999999997e-05,-0.05739906937661299,-0.050364577428910255
17.633199999999995,1.7633199999999996e-05,-0.045861771795922546,-0.05017652687390368
17.634,1.7634e-05,-0.01825888160143685,-0.04999216625886076
17.6348,1.76348e-05,-0.05193020126979275,-0.04981563844700401
17.635599999999997,1.7635599999999994e-05,-0.032737244223103645,-0.04965092402697223
17.636399999999995,1.7636399999999993e-05,-0.041229830225404496,-0.04950179039963886
17.6372,1.7637199999999998e-05,-0.030233839531636164,-0.0493717435269797
17.637999999999998,1.7637999999999996e-05,-0.030843047141595803,-0.049263983091971074
17.638799999999996,1.7638799999999994e-05,-0.05498815229399423,-0.04918136175244344
17.639599999999994,1.7639599999999993e-05,-0.031134505756581166,-0.049126349099086905
17.6404,1.7640399999999998e-05,0.014719632748193101,-0.04910100085142539
17.641199999999998,1.7641199999999996e-05,-0.0244052350640237,-0.04910693374605674
17.641999999999996,1.7641999999999995e-05,-0.048459933124720855,-0.04914530646140998
17.6428,1.76428e-05,-0.028692948748143543,-0.04921680674988486
17.6436,1.7643599999999998e-05,-0.06255208049407168,-0.04932164473197316
17.644400000000005,1.7644400000000003e-05,-0.05618803137102124,-0.04945955211924268
17.645199999999996,1.7645199999999995e-05,-0.04882023731700569,-0.04962978702870726
17.646,1.7646e-05,-0.04990114989376049,-0.04983114403446012
17.6468,1.76468e-05,-0.04170418354073968,-0.05006196914721887
17.647600000000004,1.7647600000000004e-05,-0.042865856966285865,-0.050320179481936074
17.648399999999995,1.7648399999999995e-05,-0.029355870483978252,-0.05060328743293171
17.6492,1.76492e-05,-0.05682315004101213,-0.05090842920432205
17.65,1.765e-05,-0.04905117242328105,-0.05123239753802385
17.650800000000004,1.7650800000000004e-05,-0.020005552774000956,-0.051571678455156415
17.651599999999995,1.7651599999999995e-05,-0.055661476615465943,-0.05192249179820088
17.6524,1.76524e-05,-0.022995226052295425,-0.05228083533528294
17.6532,1.76532e-05,-0.01655608980040324,-0.052642532148470006
17.653999999999996,1.7653999999999994e-05,-0.038834233105645044,-0.05300328095694108
17.654799999999994,1.7654799999999992e-05,-0.03761752138000374,-0.05335870891487192
17.6556,1.7655599999999997e-05,-0.01937610782395982,-0.05370442627562163
17.656399999999998,1.7656399999999996e-05,-0.08485386583076238,-0.05403608214784869
17.657199999999996,1.7657199999999994e-05,-0.0467195035035991,-0.05434942041731607
17.657999999999994,1.7657999999999993e-05,-0.08349114088193221,-0.05464033480281901
17.6588,1.7658799999999998e-05,-0.058724912848182265,-0.05490492198494792
17.659599999999998,1.7659599999999996e-05,-0.04702287739007627,-0.05513953180458973
17.660399999999996,1.7660399999999994e-05,-0.05472733360482762,-0.055340813651403996
17.6612,1.76612e-05,-0.07624023281114167,-0.05550575830243599
17.662,1.7661999999999998e-05,-0.05593553475044455,-0.05563173458916211
17.662800000000004,1.7662800000000003e-05,-0.04602594184204567,-0.055716520366656565
17.663599999999995,1.7663599999999995e-05,-0.07124231332828901,-0.05575832735354344
17.6644,1.76644e-05,-0.0620533288043601,-0.05575581951371198
17.6652,1.7665199999999998e-05,-0.08957564666158901,-0.055708124751613214
17.666000000000004,1.7666000000000003e-05,-0.07145792847160504,-0.05561483979992824
17.666799999999995,1.7666799999999995e-05,-0.04378619269981965,-0.05547602831932994
17.6676,1.76676e-05,-0.037860371757670985,-0.05529221241481156
17.6684,1.76684e-05,-0.06693095761272017,-0.05506435796608636
17.669200000000004,1.7669200000000004e-05,-0.06302794649516152,-0.054793854314752616
17.669999999999995,1.7669999999999995e-05,-0.035573906383839504,-0.05448248892865693
17.6708,1.76708e-05,-0.05035545438054878,-0.05413241770706182
17.671599999999998,1.76716e-05,-0.04051262653230214,-0.05374613163248843
17.672400000000003,1.7672400000000004e-05,-0.02598149463912247,-0.05332642050928887
17.673199999999994,1.7673199999999992e-05,-0.051980322192765493,-0.052876334530029614
17.674,1.7673999999999997e-05,-0.04085628658740781,-0.05239914437117416
17.674799999999998,1.7674799999999996e-05,-0.01353993763068495,-0.051898300451544116
17.675599999999996,1.7675599999999994e-05,-0.010690792366964463,-0.05137739190534623
17.676399999999994,1.7676399999999992e-05,-0.06005907838844138,-0.050840105723322364
17.6772,1.7677199999999997e-05,-0.0986171052765743,-0.05029018638488508
17.677999999999997,1.7677999999999996e-05,-0.04022192426024429,-0.04973139616055057
17.678799999999995,1.7678799999999994e-05,-0.05430291270093057,-0.04916747618375682
17.6796,1.76796e-05,-0.032552836836999055,-0.048602108432755475
17.6804,1.7680399999999998e-05,-0.00516215709436163,-0.04803887888868055
17.681200000000004,1.7681200000000003e-05,-0.05023781205449629,-0.04748124224412711
17.681999999999995,1.7681999999999994e-05,-0.06062119044683767,-0.04693248855808184
17.6828,1.76828e-05,-0.042373346828016634,-0.04639571219572709
17.6836,1.7683599999999998e-05,-0.02697691750139819,-0.045873783319945134
17.684400000000004,1.7684400000000003e-05,-0.013185118647014993,-0.04536932217268482
17.685199999999995,1.7685199999999995e-05,-0.02777336935743724,-0.04488467639014812
17.686,1.7686e-05,-0.06291522154633133,-0.0444219015773444
17.686799999999998,1.7686799999999998e-05,-0.05813499772404218,-0.04398274529483568
17.687600000000003,1.7687600000000003e-05,-0.04919170043785526,-0.04356863452523402
17.688399999999994,1.7688399999999995e-05,-0.04593477840751714,-0.04318066666094177
17.6892,1.76892e-05,-0.04030400928325595,-0.04281960411625461
17.689999999999998,1.769e-05,0.001509426949460435,-0.04248587277957132
17.690800000000003,1.7690800000000003e-05,-0.018350801378792858,-0.04217956462043909
17.691599999999994,1.769159999999999e-05,-0.0123686179622291,-0.04190044479672096
17.6924,1.7692399999999997e-05,-0.03740682361380998,-0.041647963541074785
17.693199999999997,1.7693199999999995e-05,-0.026547011388986186,-0.04142127295670085
17.694000000000003,1.7694e-05,-0.00958113187020404,-0.04121924867256868
17.694799999999994,1.7694799999999992e-05,-0.021224912848182287,-0.041040516148304895
17.6956,1.7695599999999997e-05,-0.022748970983160754,-0.04088348128593602
17.696399999999997,1.7696399999999995e-05,-0.03877843846262252,-0.04074636487500785
17.697200000000002,1.76972e-05,-0.028790353734114427,-0.04062724025755436
17.697999999999993,1.7697999999999992e-05,-0.017497230705411204,-0.04052407346907913
17.6988,1.7698799999999997e-05,-0.052733651020201444,-0.040434765013239685
17.699600000000004,1.7699600000000002e-05,-0.03769260850874567,-0.040357192360928086
17.700399999999995,1.7700399999999994e-05,-0.01908672972622194,-0.04028925221950569
17.7012,1.77012e-05,-0.046961029707046076,-0.04022890159576503
17.701999999999998,1.7701999999999998e-05,-0.06733022379931342,-0.040174196677034923
17.702800000000003,1.7702800000000003e-05,-0.06829708725291783,-0.040123328573999716
17.703599999999994,1.7703599999999994e-05,-0.07671042509218196,-0.040074655023055
17.7044,1.77044e-05,-0.029187539403560225,-0.04002672727527143
17.705199999999998,1.7705199999999998e-05,-0.022524277428327744,-0.039978311615898
17.706000000000003,1.7706000000000003e-05,-0.059970751813887335,-0.039928405212094856
17.706799999999994,1.7706799999999995e-05,-0.04223073829619506,-0.039876246197606095
17.7076,1.77076e-05,-0.028852957759971876,-0.03982131803449628
17.708399999999997,1.7708399999999998e-05,-0.048725669191109766,-0.03976334827279621
17.709200000000003,1.7709200000000003e-05,-0.05578460415003328,-0.039702301901834686
17.709999999999994,1.770999999999999e-05,-0.0574582687110029,-0.03963836956646294
17.7108,1.7710799999999997e-05,-0.043841798831307344,-0.03957195101354603
17.711599999999997,1.7711599999999995e-05,-0.009535360492960665,-0.039503634254434795
17.712400000000002,1.77124e-05,-0.0056053026524856,-0.03943417107094968
17.713199999999993,1.771319999999999e-05,-0.03693871184981712,-0.03936444960485126
17.714,1.7713999999999997e-05,-0.05235745903366451,-0.03929546479690732
17.714799999999997,1.7714799999999995e-05,-0.024776698184873047,-0.03922828738124755
17.715600000000002,1.77156e-05,-0.04005491735414635,-0.03916403205857573
17.716399999999993,1.7716399999999992e-05,-0.029766295599136017,-0.03910382543182371
17.7172,1.7717199999999997e-05,0.01422995946999872,-0.039048774293196566
17.718000000000004,1.7718000000000002e-05,-0.03673406712363092,-0.03899993485750975
17.7188,1.77188e-05,-0.04235178531361494,-0.03895828349771687
17.7196,1.77196e-05,-0.01735745903366448,-0.03892468944291333
17.720399999999998,1.7720399999999997e-05,-0.007143168064568606,-0.03889988977971707
17.721200000000003,1.7721200000000002e-05,-0.016613776449138418,-0.03888446699588028
17.721999999999994,1.7721999999999994e-05,-0.0660371007706102,-0.038878829217829966
17.7228,1.77228e-05,-0.023286684667180757,-0.03888319319460125
17.723599999999998,1.7723599999999997e-05,-0.020174640197246352,-0.03889756998066296
17.724400000000003,1.7724400000000003e-05,-0.042977825572188655,-0.03892175321032097
17.725199999999994,1.7725199999999994e-05,-0.03954500673577044,-0.03895530984242339
17.726,1.7726e-05,-0.07075396422431468,-0.038997573255394755
17.726799999999997,1.7726799999999998e-05,-0.05469385681903416,-0.03904763858343324
17.727600000000002,1.7727600000000003e-05,-0.0005551817295127437,-0.03910436023810314
17.728399999999993,1.772839999999999e-05,-0.043265123152879115,-0.0391663516719081
17.7292,1.77292e-05,-0.009416393992688121,-0.0392319875695957
17.729999999999997,1.7729999999999995e-05,-0.04141272492575443,-0.039299408729701654
17.730800000000002,1.77308e-05,-0.005966931019090627,-0.039366529893265084
17.731599999999993,1.773159999999999e-05,-0.0045673245929993556,-0.03943105071235609
17.7324,1.7732399999999996e-05,-0.06801603122376965,-0.039490469958009936
17.733199999999997,1.7733199999999995e-05,-0.0077226806030716855,-0.03954210295500563
17.734,1.7734e-05,-0.032974420880821254,-0.039583102114042215
17.734799999999993,1.773479999999999e-05,-0.04753543635689217,-0.03961048033970665
17.735599999999998,1.7735599999999997e-05,-0.00466113637606802,-0.039621137037831065
17.736399999999996,1.7736399999999995e-05,-0.029133257446292582,-0.0396118864114213
17.7372,1.77372e-05,-0.06027677404890475,-0.03957948769840043
17.738,1.7738e-05,-0.03893163809151601,-0.03952067695955501
17.738799999999998,1.7738799999999997e-05,-0.015038273216967157,-0.03943219998613926
17.739600000000003,1.7739600000000002e-05,-0.06077060836149395,-0.039310845890770024
17.7404,1.77404e-05,-0.04489698885946558,-0.039153480977112666
17.7412,1.77412e-05,-0.006592214934736829,-0.038957082531176586
17.741999999999997,1.7741999999999997e-05,-0.026146988859465536,-0.03871877222502527
17.742800000000003,1.7742800000000002e-05,-0.058923883854418935,-0.0384358488643193
17.743599999999994,1.7743599999999994e-05,-0.00923482346655824,-0.03810582022533358
17.7444,1.77444e-05,-0.006394000271427558,-0.037726433709761004
17.745199999999997,1.7745199999999997e-05,-0.054910984648104955,-0.03729570551536271
17.746000000000002,1.7746000000000003e-05,-0.04716189271889537,-0.036811947983961
17.746799999999993,1.774679999999999e-05,0.014173596995583626,-0.03627379474227033
17.7476,1.77476e-05,-0.04070876067846396,-0.03568022321355159
17.748399999999997,1.7748399999999994e-05,-0.07835136921018548,-0.03503057406223795
17.749200000000002,1.77492e-05,-0.030132841342863204,-0.034324567126114064
17.749999999999993,1.774999999999999e-05,-0.012371266310869267,-0.033562313399342084
17.750799999999998,1.7750799999999996e-05,0.010135543072065767,-0.03274432268868224
17.751599999999996,1.7751599999999994e-05,-0.06337992861885666,-0.03187150665640495
17.7524,1.77524e-05,-0.03988034472228619,-0.03094517701281006
17.753199999999993,1.775319999999999e-05,-0.04851629559913606,-0.02996703860659936
17.753999999999998,1.7753999999999996e-05,-0.07744427292246359,-0.028939177154526055
17.754799999999996,1.7754799999999995e-05,-0.049124935377702905,-0.027864041435694237
17.7556,1.77556e-05,-0.005146080788575036,-0.026744419970176223
17.7564,1.7756399999999998e-05,-0.05883139624557021,-0.02558341246888049
17.757199999999997,1.7757199999999997e-05,-0.0052336510202014574,-0.024384396617627264
17.758000000000003,1.7758000000000002e-05,-0.048878680308568345,-0.023150990984556835
17.7588,1.77588e-05,-0.00831864876731947,-0.021887015000854236
17.7596,1.77596e-05,0.04145930602648762,-0.020596447082667405
17.760399999999997,1.7760399999999997e-05,0.015566205527305033,-0.019283382043845474
17.761200000000002,1.7761200000000002e-05,0.025993274779742115,-0.017951988955122705
17.762,1.7762e-05,-0.0007637989785590493,-0.01660647048527008
17.7628,1.77628e-05,-0.021448282228695215,-0.01525102451817953
17.763599999999997,1.7763599999999997e-05,-0.005539861766653331,-0.013889808553551677
17.764400000000002,1.7764400000000002e-05,0.07185857221311087,-0.012526907159791836
17.7652,1.77652e-05,-0.026831472109601906,-0.011166302588360709
17.766,1.7766e-05,0.011506778600890444,-0.009811848531596782
17.766799999999996,1.7766799999999994e-05,-0.06461385231307004,-0.008467246851654259
17.7676,1.7767600000000002e-05,-0.016853033623903335,-0.007136026947779227
17.768399999999993,1.776839999999999e-05,0.03623744933169937,-0.005821527352939939
17.769199999999998,1.7769199999999996e-05,-0.03797442088082126,-0.0045268792070673
17.769999999999996,1.7769999999999994e-05,-0.03700264004999465,-0.0032549913896061707
17.7708,1.77708e-05,-0.016208268711002893,-0.0020085372287352854
17.771599999999992,1.777159999999999e-05,0.006822447078747462,-0.000789942832053487
17.772399999999998,1.7772399999999996e-05,0.047262755776896315,0.0003986227540672127
17.773199999999996,1.7773199999999994e-05,0.029421932581835675,0.0015552551678958432
17.774,1.7774e-05,0.05351067525974895,0.0026783196404275055
17.7748,1.7774799999999998e-05,-0.013386738001691656,0.0037664527263741726
17.775599999999997,1.7775599999999996e-05,0.015307467355285986,0.0048185605655421525
17.776400000000002,1.77764e-05,0.04377849184321525,0.005833813599486478
17.7772,1.77772e-05,0.037716303920787286,0.0068116378485614075
17.778,1.7777999999999998e-05,-0.003943364851573095,0.007751702979695586
17.778799999999997,1.7778799999999997e-05,0.02339454561948129,0.008653907508285612
17.779600000000002,1.77796e-05,0.029629225656591873,0.009518361604049074
17.7804,1.77804e-05,0.019497776053434834,0.010345368084800072
17.7812,1.77812e-05,0.0007812528392283635,0.011135402260531516
17.781999999999996,1.7781999999999997e-05,0.01175227732712758,0.01188909134396926
17.7828,1.7782800000000002e-05,-0.03675222394656519,0.01260719417831808
17.7836,1.77836e-05,-0.0026954453687204616,0.013290582019905699
17.784399999999998,1.77844e-05,0.006009351085428771,0.013940221016890075
17.785199999999996,1.7785199999999994e-05,0.010901543513820888,0.014557156838504703
17.786,1.7786000000000002e-05,0.06555504659871059,0.015142501672325705
17.7868,1.7786799999999997e-05,-0.041871190446837625,0.015697423592368892
17.787599999999998,1.7787599999999996e-05,0.009772590531240799,0.016223138164027387
17.788399999999996,1.7788399999999994e-05,0.00895174030072532,0.01672090208002399
17.7892,1.77892e-05,0.03616519906296234,0.017192008544887793
17.789999999999992,1.778999999999999e-05,0.03001941343176806,0.01763778400056339
17.790799999999997,1.7790799999999996e-05,0.07142110037497662,0.018059585651750993
17.791599999999995,1.7791599999999994e-05,0.03343766864815445,0.0184587991836134
17.7924,1.77924e-05,0.06332702421647163,0.01883683610956243
17.7932,1.7793199999999998e-05,0.003585762388490843,0.019195130334434506
17.793999999999997,1.7793999999999996e-05,0.010651883753218905,0.01953513372276022
17.794800000000002,1.77948e-05,0.053373740448007134,0.019858310655124153
17.7956,1.77956e-05,0.025463315332789227,0.020166131679700598
17.7964,1.7796399999999998e-05,0.03032278731817517,0.02046006641566441
17.797199999999997,1.7797199999999996e-05,0.03172939163853605,0.020741575887685826
17.798000000000002,1.7798e-05,-0.028530102876340613,0.021012104506542225
17.7988,1.77988e-05,0.048341020005081003,0.02127307194712201
17.799599999999998,1.7799599999999998e-05,0.057307391491284276,0.02152586516987351
17.800399999999996,1.7800399999999996e-05,0.02309684545309376,0.0217718307763969
17.8012,1.78012e-05,-0.008370850207439662,0.02201226783426163
17.802,1.7802e-05,0.026965055610468802,0.022248421300276607
17.802799999999998,1.78028e-05,0.03891353464924441,0.022481476191750407
17.803599999999996,1.7803599999999997e-05,-0.010112604002781578,0.022712552637218296
17.8044,1.7804400000000002e-05,0.03520382081790274,0.022942701866641727
17.8052,1.7805199999999997e-05,0.038117650624567845,0.0231729031107554
17.805999999999997,1.7805999999999995e-05,0.018622076034289003,0.02340406129410275
17.806799999999996,1.7806799999999994e-05,0.030539158804388622,0.02363700533475627
17.8076,1.78076e-05,0.0546980712338917,0.023872486818446483
17.8084,1.7808399999999997e-05,0.04381272497187605,0.024111178802481953
17.809199999999997,1.7809199999999995e-05,0.0197759952226082,0.024353674525265618
17.809999999999995,1.7809999999999994e-05,0.042873664584015536,0.02460048585402729
17.8108,1.78108e-05,0.026896210033199197,0.024852041387101686
17.8116,1.7811599999999997e-05,0.02426967780720446,0.025108684206334123
17.812399999999997,1.7812399999999996e-05,0.036221561537377545,0.02537066932549142
17.813200000000002,1.78132e-05,0.04642318089212405,0.025638160902248623
17.814,1.7814e-05,0.05284226831536942,0.025911229289717726
17.814799999999998,1.7814799999999998e-05,0.04933984755878407,0.026189848023249043
17.815599999999996,1.7815599999999996e-05,-0.026057338110691775,0.02647389089514804
17.8164,1.78164e-05,0.07588546720803424,0.026763129360685013
17.8172,1.78172e-05,0.015059888111861208,0.02705723059779929
17.817999999999998,1.7817999999999998e-05,0.03886757476056635,0.02735575656832424
17.818799999999996,1.7818799999999996e-05,-0.003994809948865918,0.027658164411304607
17.8196,1.78196e-05,0.02244924368017842,0.027963808471883973
17.8204,1.78204e-05,0.024742706948279514,0.028271944226380238
17.821199999999997,1.7821199999999998e-05,0.03707286318217684,0.02858173427576502
17.821999999999996,1.7821999999999996e-05,-0.008371606550267141,0.02889225644923578
17.8228,1.78228e-05,0.04612548072572653,0.029202513922164695
17.8236,1.7823599999999997e-05,0.061339771694792544,0.029511447129059017
17.824399999999997,1.7824399999999995e-05,0.09385774000625191,0.02981794714644745
17.825199999999995,1.7825199999999993e-05,0.01571505561046882,0.030120870165220047
17.826,1.7826e-05,0.021612505655410952,0.03041905271997984
17.8268,1.7826799999999997e-05,0.028790407114677063,0.030711327487932087
17.827599999999997,1.7827599999999995e-05,0.013201248333334248,0.030996539617060365
17.828399999999995,1.7828399999999993e-05,0.03216970033668509,0.03127356359655094
17.8292,1.78292e-05,0.02254872918326667,0.031541320627931566
17.83,1.7829999999999997e-05,0.05166867961839128,0.0317987963424688
17.830799999999996,1.7830799999999995e-05,0.041328612766188044,0.03204505859097562
17.8316,1.78316e-05,0.04373328829740453,0.03227927494141078
17.8324,1.78324e-05,0.03860183869424749,0.03250072947847665
17.833200000000005,1.7833200000000004e-05,0.026885051104604707,0.032708838507136954
17.833999999999996,1.7833999999999996e-05,0.049137471861180004,0.032903164793867366
17.8348,1.78348e-05,0.040234460743691414,0.03308343000559645
17.8356,1.78356e-05,0.08976483629404375,0.033249525017489956
17.836399999999998,1.7836399999999997e-05,0.015413950752673822,0.03340151777868909
17.837199999999996,1.7837199999999996e-05,0.039230715812826,0.03353965848247206
17.838,1.7838e-05,0.03839605830520609,0.03366438188619103
17.8388,1.78388e-05,0.03622212936879998,0.033776306723243416
17.839599999999997,1.7839599999999998e-05,0.04469466654245413,0.03387623219891788
17.840399999999995,1.7840399999999996e-05,0.06389821468635504,0.033965131565560365
17.8412,1.78412e-05,0.02547863529567873,0.03404414276776345
17.842,1.7842e-05,0.0855495613901257,0.03411455616848208
17.842799999999997,1.7842799999999995e-05,0.045790899082108094,0.03417779942422018
17.843599999999995,1.7843599999999993e-05,0.04235183869424752,0.03423541967099414
17.8444,1.7844399999999998e-05,0.028272742259203953,0.03428906330625387
17.8452,1.7845199999999996e-05,0.026869163310282662,0.03434045378281855
17.845999999999997,1.7845999999999995e-05,0.008151127410391368,0.03439136792485582
17.846799999999995,1.7846799999999993e-05,0.06048771370712558,0.034443611293271004
17.8476,1.78476e-05,0.0601606977892396,0.034498993067273
17.848399999999998,1.7848399999999997e-05,0.022893713412622252,0.03455930081470387
17.849199999999996,1.7849199999999995e-05,-0.016290165222679676,0.03462627545651753
17.85,1.785e-05,0.06321373143621889,0.03470158670689548
17.8508,1.78508e-05,0.06245832209163549,0.03478680923861061
17.851600000000005,1.7851600000000004e-05,0.03210142259081805,0.03488339974070924
17.852399999999996,1.7852399999999995e-05,0.07289503758691229,0.03499267494429541
17.8532,1.78532e-05,0.031035829976952645,0.035115790667092486
17.854,1.7854e-05,0.045104335314824384,0.0352537219819164
17.854800000000004,1.7854800000000004e-05,0.0537709261174929,0.03540724470327052
17.855599999999995,1.7855599999999996e-05,0.04610259503710501,0.03557691846817066
17.8564,1.78564e-05,0.0031414811674816967,0.03576307174900688
17.8572,1.78572e-05,-0.00010144507421705473,0.03596578917600403
17.857999999999997,1.7857999999999997e-05,0.05386965527771381,0.03618490154369675
17.858799999999995,1.7858799999999996e-05,0.07973495271112241,0.03641997879538696
17.8596,1.78596e-05,0.03084593738223329,0.03667032613514409
17.8604,1.78604e-05,0.06154082321810661,0.03693498329396311
17.861199999999997,1.7861199999999994e-05,0.02127659983750252,0.03721272695099922
17.861999999999995,1.7861999999999993e-05,0.037335950899925585,0.0375020763663486
17.8628,1.7862799999999998e-05,0.05157354366104261,0.03780130234260503
17.863599999999998,1.7863599999999996e-05,0.012673937234981447,0.03810843964637249
17.864399999999996,1.7864399999999995e-05,0.021618747206853195,0.038421302986204005
17.865199999999994,1.7865199999999993e-05,0.03346206702250076,0.038737506573871774
17.866,1.7865999999999998e-05,0.025783333356375837,0.03905448719025392
17.866799999999998,1.7866799999999996e-05,0.06482119876845893,0.03936953053236656
17.867599999999996,1.7867599999999995e-05,0.07026226380946521,0.039679800459142885
17.8684,1.78684e-05,0.03560043865595597,0.039982370631361765
17.8692,1.7869199999999998e-05,0.0326913377150182,0.04027425799719285
17.870000000000005,1.7870000000000003e-05,0.08197621453910331,0.04055245760503051
17.870799999999996,1.7870799999999995e-05,0.04715021933950092,0.040813978282926884
17.8716,1.78716e-05,0.014326040281619545,0.041055878772498805
17.8724,1.78724e-05,0.031432259303571186,0.0412753039456535
17.873200000000004,1.7873200000000004e-05,0.022328953005625873,0.04146952075760211
17.873999999999995,1.7873999999999995e-05,0.06818517202757757,0.04163595355886632
17.8748,1.78748e-05,0.0661303981028788,0.041772218285860786
17.8756,1.78756e-05,0.035518921464336994,0.04187615492596155
17.876400000000004,1.7876400000000004e-05,0.058639476514335875,0.04194585758322163
17.877199999999995,1.7877199999999995e-05,0.053375820965154475,0.04197970147917368
17.878,1.7878e-05,0.08564356168462917,0.04197636627596107
17.8788,1.78788e-05,0.05231987459416887,0.041934855174304016
17.879599999999996,1.7879599999999994e-05,0.04248196412311456,0.04185450932416442
17.880399999999995,1.7880399999999992e-05,0.0940707068010278,0.04173501720716793
17.8812,1.7881199999999997e-05,0.05772954336653924,0.041576418794029756
17.881999999999998,1.7881999999999996e-05,0.03914787444691714,0.04137910442746337
17.882799999999996,1.7882799999999994e-05,0.05475935108545882,0.04114380853167967
17.883599999999994,1.7883599999999993e-05,0.03699437136199735,0.04087159839870696
17.8844,1.7884399999999998e-05,0.057368482831426926,0.04056385841852801
17.885199999999998,1.7885199999999996e-05,0.05748669298883202,0.04022227018301036
17.885999999999996,1.7885999999999994e-05,0.035569042387309846,0.03984878892036001
17.8868,1.78868e-05,0.057275427391215716,0.03944561674061412
17.8876,1.7887599999999998e-05,0.0561714406144046,0.03901517320847822
17.888400000000004,1.7888400000000003e-05,0.048432183439569454,0.038560063803098524
17.889199999999995,1.7889199999999995e-05,0.004639060410936424,0.03808304687061727
17.89,1.789e-05,0.017260107428326288,0.03758699971836801
17.8908,1.7890799999999998e-05,0.02415146764978937,0.03707488450812916
17.891600000000004,1.7891600000000003e-05,0.034821198768458905,0.03654971453483642
17.892399999999995,1.7892399999999995e-05,0.05459310052222832,0.036014521320428004
17.8932,1.78932e-05,0.053571955111316294,0.035472322764968256
17.894,1.7894e-05,0.08062540486172498,0.03492609245491399
17.894800000000004,1.7894800000000004e-05,0.026709910641351753,0.034378730180776286
17.895599999999995,1.7895599999999995e-05,0.03132029069759845,0.03383303376877566
17.8964,1.78964e-05,-0.004508125258609441,0.03329167244190286
17.897199999999998,1.78972e-05,0.03213414303374418,0.032757162016811205
17.898000000000003,1.7898000000000004e-05,0.04616236220295755,0.032231842242233404
17.898799999999994,1.7898799999999992e-05,0.05981363304272669,0.03171785648359499
17.8996,1.7899599999999997e-05,0.02392393723498154,0.031217133823698513
17.900399999999998,1.7900399999999996e-05,0.07985467555425241,0.030731373565841907
17.901199999999996,1.7901199999999994e-05,0.006693266504172457,0.03026203212860027
17.901999999999994,1.7901999999999992e-05,0.023721561537377478,0.029810312385101918
17.9028,1.7902799999999997e-05,0.03669175381844769,0.029377155573139836
17.903599999999997,1.7903599999999996e-05,0.04386889893485635,0.02896323593994845
17.904399999999995,1.7904399999999994e-05,0.01736034927427188,0.028568958269710693
17.905199999999994,1.7905199999999992e-05,0.024081865729632335,0.028194458396632566
17.906,1.7905999999999998e-05,0.017845105175374187,0.027839606762718017
17.906800000000004,1.7906800000000003e-05,0.056966568296223485,0.02750401503467459
17.907599999999995,1.7907599999999994e-05,0.017799901629553472,0.027187045732592296
17.9084,1.79084e-05,0.03374312305170912,0.026887824755698293
17.9092,1.7909199999999998e-05,0.044023422738069695,0.02660525664560497
17.910000000000004,1.7910000000000003e-05,0.020669284233255536,0.026338042411877538
17.910799999999995,1.7910799999999995e-05,0.022788742700958986,0.026084699743640673
17.9116,1.79116e-05,0.04678424142723625,0.025843585430522748
17.912399999999998,1.7912399999999998e-05,-0.01681407162959503,0.02561291980743531
17.913200000000003,1.7913200000000003e-05,0.0186854364030139,0.02539081301006733
17.913999999999994,1.7913999999999995e-05,0.054997284086003795,0.025175292768924024
17.9148,1.79148e-05,0.013787002423239603,0.02496433337253883
17.915599999999998,1.79156e-05,0.048032160910088884,0.02475588531629337
17.916400000000003,1.7916400000000003e-05,0.0368907248246243,0.024547905069321644
17.917199999999994,1.7917199999999992e-05,0.05874860826029393,0.02433838436837439
17.918,1.7917999999999997e-05,0.010230299709396706,0.024125378479068923
17.918799999999997,1.7918799999999995e-05,0.01935800438168822,0.023907032934397866
17.919600000000003,1.79196e-05,0.019472809847665862,0.02368160834164921
17.920399999999994,1.7920399999999992e-05,0.08101767315404851,0.023447502901220888
17.9212,1.7921199999999997e-05,0.025816621630734504,0.02320327228629794
17.921999999999997,1.7921999999999995e-05,0.031987373467697866,0.022947646531671487
17.922800000000002,1.79228e-05,0.03827009391063385,0.022679543630254827
17.923599999999993,1.7923599999999992e-05,0.05348646539683721,0.022398079639782614
17.9244,1.7924399999999997e-05,0.05387797734630351,0.022102575218248044
17.925200000000004,1.7925200000000002e-05,0.042938916958442874,0.021792558619348472
17.925999999999995,1.7925999999999994e-05,-0.015470827677919075,0.02146776531151198
17.9268,1.79268e-05,0.03926967780720447,0.021128134538389663
17.927599999999998,1.7927599999999998e-05,0.016447579266430368,0.02077380326596622
17.928400000000003,1.7928400000000003e-05,0.008766765083197958,0.02040509800846295
17.929199999999994,1.7929199999999994e-05,-0.013633749413753726,0.0200225249909539
17.93,1.793e-05,0.053244371361997334,0.019626759024843028
17.930799999999998,1.7930799999999998e-05,0.06104623256268982,0.01921863136458682
17.931600000000003,1.7931600000000003e-05,0.01779366007811134,0.018799116704947185
17.932399999999994,1.7932399999999995e-05,0.046946330956172067,0.01836931942511546
17.9332,1.79332e-05,0.013971977640806932,0.017930459231868246
17.933999999999997,1.7933999999999998e-05,0.002509199357465741,0.01748385646786209
17.934800000000003,1.7934800000000003e-05,-0.038100953106755986,0.017030917456540864
17.935599999999994,1.793559999999999e-05,0.0004326754070006489,0.01657312028469719
17.9364,1.7936399999999997e-05,0.019472809847665862,0.016112001335736516
17.937199999999997,1.7937199999999995e-05,0.039598017899380555,0.015649142681869035
17.938000000000002,1.7938e-05,0.01124936460315129,0.015186160190141698
17.938799999999993,1.793879999999999e-05,0.03976351211975371,0.014724691997623978
17.9396,1.7939599999999997e-05,0.019096429349664268,0.01426638692103692
17.940399999999997,1.7940399999999995e-05,0.026249364603151304,0.013812892366852762
17.941200000000002,1.79412e-05,0.039844272968515226,0.013365841352530506
17.941999999999993,1.7941999999999992e-05,0.05852259053121078,0.012926838311575217
17.9428,1.7942799999999997e-05,0.016567302109600335,0.012497443437913664
17.943599999999996,1.7943599999999995e-05,0.014261355738614756,0.012079155445827997
17.9444,1.79444e-05,0.01090646089094316,0.011673392778000467
17.9452,1.79452e-05,0.025705409367628995,0.011281473443626065
17.945999999999998,1.7945999999999997e-05,0.04577709180493361,0.010904593762969327
17.946800000000003,1.7946800000000002e-05,0.021017105322626017,0.01054380633583263
17.947599999999994,1.7947599999999994e-05,-0.0027328946773740315,0.010199997588333228
17.9484,1.79484e-05,0.029316961870162528,0.00987386532080541
17.949199999999998,1.7949199999999997e-05,0.00032354366107256727,0.009565896761030084
17.950000000000003,1.7950000000000003e-05,0.05132936910905528,0.00927634767976114
17.950799999999994,1.7950799999999994e-05,-0.02369219240531628,0.009005223141189213
17.9516,1.79516e-05,-0.016297919459776766,0.008752260464487013
17.952399999999997,1.7952399999999998e-05,0.027639892617765227,0.00851691497031519
17.953200000000002,1.7953200000000003e-05,0.016631230309737788,0.008298349047474559
17.953999999999994,1.795399999999999e-05,0.013119163310282733,0.008095424984583233
17.9548,1.79548e-05,0.05571581195336628,0.007906701912524336
17.955599999999997,1.7955599999999995e-05,-0.016974648472815934,0.007730437156307229
17.956400000000002,1.79564e-05,-0.03949129260999529,0.0075645923156258486
17.957199999999993,1.795719999999999e-05,-0.00016404910007439266,0.007406844437006587
17.958,1.7957999999999996e-05,-0.03769260850874567,0.0072546026254718685
17.958799999999997,1.7958799999999995e-05,0.007907709201231516,0.007105030306725091
17.959600000000002,1.79596e-05,-0.004711825130463532,0.006955073102229031
17.960399999999993,1.796039999999999e-05,0.03235051451995741,0.00680149199105041
17.961199999999998,1.7961199999999997e-05,0.039013587983755316,0.006640901180023404
17.961999999999996,1.7961999999999995e-05,-0.041870434104010146,0.006469809938277656
17.9628,1.79628e-05,0.0526544562377973,0.006284667587959922
17.9636,1.79636e-05,-0.0003643442805311148,0.00608191084584741
17.964399999999998,1.7964399999999997e-05,0.0025494855260940197,0.005858012723663578
17.965200000000003,1.7965200000000002e-05,-0.03826644732719908,0.00560953219084275
17.966,1.7966e-05,0.06659018779822201,0.0053331637810077335
17.9668,1.79668e-05,0.04456113642214965,0.005025786275002003
17.967599999999997,1.7967599999999997e-05,0.00379948552612408,0.004684509535462314
17.968400000000003,1.7968400000000002e-05,0.05162423241543801,0.004306718569021072
17.969199999999994,1.7969199999999994e-05,-0.030378907900562968,0.003890114000183408
17.97,1.797e-05,0.02276718118662746,0.0034327483135122745
17.970799999999997,1.7970799999999997e-05,0.013728559431677168,0.0029330573715803925
17.971600000000002,1.7971600000000003e-05,0.005612921758840428,0.0023898867976740318
17.972399999999993,1.7972399999999994e-05,0.029984044640261942,0.0018025128378667196
17.9732,1.79732e-05,0.04873612515740933,0.00117065733229689
17.973999999999997,1.7973999999999994e-05,0.023978219192249184,0.0004944964739470939
17.974800000000002,1.79748e-05,0.01015237572067984,-0.00022533685663031315
17.975599999999993,1.797559999999999e-05,0.0019289304761352932,-0.0009877572163915728
17.976399999999998,1.7976399999999996e-05,-0.005788008841500658,-0.0017912370163777995
17.977199999999996,1.7977199999999995e-05,0.017096693725090484,-0.002633822893332375
17.978,1.7978e-05,0.03710066624795072,-0.0035131576051515975
17.978799999999993,1.797879999999999e-05,-0.01184319886965901,-0.004426506975818439
17.979599999999998,1.7979599999999996e-05,-0.00825112736423983,-0.005370791369233676
17.980399999999996,1.7980399999999995e-05,-0.0018335526267492241,-0.006342621095096424
17.9812,1.79812e-05,-0.01576928418717405,-0.007338335073909736
17.982,1.7981999999999998e-05,0.057173861370979795,-0.008354042056546296
17.982799999999997,1.7982799999999997e-05,-0.008452935230451097,-0.009385663701566717
17.983600000000003,1.7983600000000002e-05,-0.0442743532923594,-0.010428978806202775
17.9844,1.79844e-05,0.0018990468932439386,-0.011479667928198111
17.9852,1.79852e-05,-0.016278438462622447,-0.012533357561793471
17.985999999999997,1.7985999999999997e-05,-0.024624254898807152,-0.013585663012725686
17.986800000000002,1.7986800000000002e-05,-0.07224038453910475,-0.014632229175721132
17.9876,1.79876e-05,-0.04095842043906606,-0.015668768529267806
17.9884,1.79884e-05,-0.0064613331630724025,-0.016691095826878593
17.989199999999997,1.7989199999999997e-05,-0.029373838795377694,-0.017695159201985968
17.990000000000002,1.7990000000000002e-05,0.005528756218651454,-0.018677067684901984
17.9908,1.79908e-05,0.01768036729785849,-0.01963311537233954
17.9916,1.79916e-05,-0.062264026570553854,-0.020559802628871224
17.992399999999996,1.7992399999999994e-05,0.04469674705960147,-0.021453854731037447
17.9932,1.7993200000000002e-05,-0.006415373274364478,-0.022312238326706015
17.993999999999993,1.799399999999999e-05,-0.04572672898996333,-0.02313217601417361
17.994799999999998,1.7994799999999996e-05,0.007594689071944716,-0.02391115926022858
17.995599999999996,1.7995599999999994e-05,-0.05690863975549121,-0.024646959782082357
17.9964,1.79964e-05,0.033735557325986654,-0.02533763944672169
17.997199999999992,1.799719999999999e-05,0.01157278731814515,-0.025981558713532832
17.997999999999998,1.7997999999999996e-05,-0.028938447474450735,-0.02657738362655812
17.998799999999996,1.7998799999999994e-05,0.004417203716108098,-0.02712409128946744
17.9996,1.79996e-05,-0.05285110483481925,-0.027620973612285125
18.0004,1.8000399999999998e-05,-0.051309646219833915,-0.028067638956907386
18.001199999999997,1.8001199999999996e-05,-0.06689880500114664,-0.02846401120686032
18.002000000000002,1.8002e-05,-0.02109195055937041,-0.028810325798983724
18.0028,1.80028e-05,-0.06861010738220474,-0.02910712239096698
18.0036,1.8003599999999998e-05,-0.0066922682692478475,-0.029355234062452135
18.004399999999997,1.8004399999999997e-05,-0.007419874548087235,-0.02955577319216263
18.005200000000002,1.80052e-05,0.004653056199505623,-0.029710114355769274
18.006,1.8006e-05,-0.023719239128232705,-0.029819874702269884
18.0068,1.80068e-05,-0.04315863975549117,-0.029886892267792592
18.007599999999996,1.8007599999999997e-05,-0.03853010287634051,-0.029913202602494422
18.0084,1.8008400000000002e-05,-0.06427435329235931,-0.029901013998082954
18.0092,1.80092e-05,-0.027047087252917823,-0.029852681590135523
18.009999999999998,1.801e-05,-0.03613015621085147,-0.029770680698435026
18.010799999999996,1.8010799999999994e-05,0.009358760724545667,-0.029657579928556173
18.0116,1.8011600000000002e-05,-0.001198433956758449,-0.029516014722112495
18.0124,1.8012399999999997e-05,0.009963239468787743,-0.029348662138948475
18.013199999999998,1.8013199999999996e-05,-0.009211749266501923,-0.029158217634461553
18.013999999999996,1.8013999999999994e-05,-0.00040122575776202485,-0.028947374458506613
18.0148,1.80148e-05,0.006323127557613217,-0.028718806091065592
18.015599999999992,1.801559999999999e-05,-0.027938863577880335,-0.028475151896363175
18.016399999999997,1.8016399999999996e-05,0.024514608702049023,-0.028219005952779756
18.017199999999995,1.8017199999999994e-05,-0.010344863283376915,-0.027952908808083037
18.018,1.8018e-05,-0.04839922110457617,-0.02767934171394558
18.0188,1.8018799999999998e-05,-0.05544226826924781,-0.02740072271098762
18.019599999999997,1.8019599999999996e-05,-0.011887834584016987,-0.02711940379511043
18.020400000000002,1.80204e-05,-0.07662266634912074,-0.026837668351108457
18.0212,1.80212e-05,-0.09309944042110119,-0.02655772811630962
18.022,1.8021999999999998e-05,-0.02211801334736474,-0.02628171911731083
18.022799999999997,1.8022799999999996e-05,-0.012525601602647818,-0.026011696287607432
18.023600000000002,1.80236e-05,0.006879565895989814,-0.025749626797163715
18.0244,1.80244e-05,0.003928286780710999,-0.025497382422786347
18.025199999999998,1.8025199999999998e-05,-0.013259449432829418,-0.02525673145154555
18.025999999999996,1.8025999999999996e-05,0.011478975535106462,-0.025029330600870495
18.0268,1.80268e-05,-0.03802019225806452,-0.024816717311770053
18.0276,1.80276e-05,-0.03814956134407399,-0.024620302607453223
18.028399999999998,1.80284e-05,-0.019569972941539504,-0.024441364572611174
18.029199999999996,1.8029199999999997e-05,0.021379490032028214,-0.024281042439420267
18.03,1.8030000000000002e-05,-0.029727901436220283,-0.02414033126639736
18.0308,1.8030799999999997e-05,-0.04607530642219115,-0.024020077215892395
18.031599999999997,1.8031599999999995e-05,0.01221698439965313,-0.023920973424152694
18.032399999999996,1.8032399999999994e-05,-0.056788916912391185,-0.023843556424518277
18.0332,1.80332e-05,0.014019261703774988,-0.023788203074246436
18.034,1.8033999999999997e-05,-0.020487471815098357,-0.023755127958669412
18.034799999999997,1.8034799999999995e-05,-0.0510293465335131,-0.02374438127466732
18.035599999999995,1.8035599999999994e-05,0.004848434002809987,-0.023755847208605886
18.0364,1.80364e-05,-0.021775109635186696,-0.02378924283094206
18.0372,1.8037199999999997e-05,-0.04039290368920234,-0.023844117548784002
18.037999999999997,1.8037999999999996e-05,0.010412626578383821,-0.02391985318804976
18.038800000000002,1.80388e-05,-0.053838961971332644,-0.02401566480470251
18.0396,1.80396e-05,0.0059732259510952845,-0.024130602347023133
18.040399999999998,1.8040399999999998e-05,0.018736881500266755,-0.02426355331164729
18.041199999999996,1.8041199999999996e-05,0.01398105605225386,-0.02441324654243749
18.042,1.8042e-05,-0.030865176487389956,-0.02457825727761847
18.0428,1.80428e-05,-0.04766329275724701,-0.02475701342848493
18.043599999999998,1.8043599999999998e-05,-0.06232530642219114,-0.02494780290567441
18.044399999999996,1.8044399999999996e-05,-0.02481622801067407,-0.025148781695968875
18.0452,1.80452e-05,-0.05850078712484186,-0.025357982418985493
18.046,1.8046e-05,-0.05462709175888192,-0.025573323257884598
18.046799999999998,1.8046799999999998e-05,0.02792719019841572,-0.025792617396086102
18.047599999999996,1.8047599999999996e-05,0.006012187945473646,-0.02601358333419794
18.0484,1.80484e-05,0.04185668020739808,-0.02623385664289908
18.0492,1.8049199999999997e-05,-0.0020873734216161344,-0.026451003752039723
18.049999999999997,1.8049999999999995e-05,-0.00014456810289020794,-0.026662538237786568
18.050799999999995,1.8050799999999993e-05,-0.04903642029181443,-0.026865939788313066
18.0516,1.80516e-05,-0.014669458444657613,-0.027058675713623907
18.0524,1.8052399999999997e-05,-0.0271486532731835,-0.02723822462452458
18.053199999999997,1.8053199999999995e-05,-0.011476653125931824,-0.027402101787368818
18.053999999999995,1.8053999999999994e-05,-0.041516371463167556,-0.027547885640038232
18.0548,1.80548e-05,-0.008300491944385202,-0.027673244972148833
18.0556,1.8055599999999997e-05,-0.004654138481768322,-0.027775966290232417
18.056399999999996,1.8056399999999995e-05,-0.03497415650535485,-0.027853980896961113
18.0572,1.80572e-05,-0.02974114088193225,-0.027905391206542587
18.058,1.8058e-05,-0.042750295157380824,-0.027928495795506894
18.058800000000005,1.8058800000000004e-05,0.009658541408090526,-0.02792181267279755
18.059599999999996,1.8059599999999996e-05,0.0005955212788036901,-0.027884100270522898
18.0604,1.80604e-05,-0.01925354812088509,-0.027814375687229193
18.0612,1.80612e-05,-0.08219026361613191,-0.02771192970628239
18.061999999999998,1.8061999999999997e-05,-0.06004092156550722,-0.027576338053805133
18.062799999999996,1.8062799999999996e-05,-0.04119351657953629,-0.027407468330912847
18.0636,1.80636e-05,-0.016577462803270215,-0.027205482149727803
18.0644,1.80644e-05,-0.07037266634912076,-0.026970832229487027
18.065199999999997,1.8065199999999998e-05,-0.03719101995895935,-0.026704254482924118
18.065999999999995,1.8065999999999996e-05,-0.035359426903408764,-0.02640675536946863
18.0668,1.80668e-05,0.03342802240527476,-0.026079595006765897
18.0676,1.80676e-05,-0.015757368915682024,-0.025724266723666636
18.068399999999997,1.8068399999999995e-05,-0.012978393403651256,-0.02534247386298359
18.069199999999995,1.8069199999999993e-05,-0.019522688878641392,-0.02493610464906438
18.07,1.8069999999999998e-05,-0.0227113331630725,-0.024507205841943408
18.0708,1.8070799999999996e-05,0.008693190640170934,-0.024057955784783855
18.071599999999997,1.8071599999999995e-05,-0.0005118701894748501,-0.023590637369740344
18.072399999999995,1.8072399999999993e-05,0.012937592784152963,-0.02310761138772939
18.0732,1.80732e-05,-0.03032405811190264,-0.022611290644135765
18.073999999999998,1.8073999999999997e-05,-0.00120335133388072,-0.022104115091813908
18.074799999999996,1.8074799999999995e-05,-0.009784263910635471,-0.02158852807831081
18.0756,1.80756e-05,-0.03252352108550027,-0.021066953670495606
18.0764,1.80764e-05,-0.013210084852784076,-0.02054177493087378
18.077200000000005,1.8077200000000004e-05,-0.04256115890558865,-0.020015312975398845
18.077999999999996,1.8077999999999995e-05,-0.060845695490235885,-0.01948980664369707
18.0788,1.80788e-05,0.002651051546359806,-0.018967392672371526
18.0796,1.80796e-05,-0.026189355545241377,-0.018450086389368382
18.080400000000004,1.8080400000000004e-05,0.02972606281110024,-0.01793976312028447
18.081199999999995,1.8081199999999996e-05,-0.041331964077062966,-0.01743814065444894
18.082,1.8082e-05,0.018675033817276643,-0.016946763198082273
18.0828,1.80828e-05,-0.022060894530122388,-0.0164669872354732
18.083599999999997,1.8083599999999997e-05,-0.005983386644805133,-0.01599996966842228
18.084399999999995,1.8084399999999996e-05,0.00247231788023472,-0.015546658550633946
18.0852,1.80852e-05,0.03755364656041904,-0.015107786688782862
18.086,1.8086e-05,-0.016046747013519824,-0.014683868330019863
18.086799999999997,1.8086799999999994e-05,-0.040681525444112854,-0.014275199069672478
18.087599999999995,1.8087599999999993e-05,-0.025058322045513948,-0.013881858991686532
18.0884,1.8088399999999998e-05,0.014775427391215623,-0.013503718953023014
18.089199999999998,1.8089199999999996e-05,0.013201248333334248,-0.013140449905102523
18.089999999999996,1.8089999999999995e-05,-0.01987542734516401,-0.012791535196251428
18.090799999999994,1.8090799999999993e-05,0.0005643135215923634,-0.012456285836985395
18.0916,1.8091599999999998e-05,0.019002617566595603,-0.012133858685381324
18.092399999999998,1.8092399999999996e-05,0.012000045082017019,-0.011823277444556572
18.093199999999996,1.8093199999999995e-05,0.002939105469877634,-0.01152345628706952
18.094,1.8094e-05,-0.002965910300766872,-0.011233225823527624
18.0948,1.8094799999999998e-05,0.004517445562053801,-0.010951361006313068
18.095600000000005,1.8095600000000003e-05,0.014000537049448036,-0.010676610427028204
18.096399999999996,1.8096399999999995e-05,-0.013724156505354856,-0.010407726354440667
18.0972,1.80972e-05,-0.023565471667846727,-0.010143494770004705
18.098,1.8098e-05,-0.03980223222213475,-0.009882764588263258
18.098800000000004,1.8098800000000004e-05,0.00174263108428796,-0.009624475223811317
18.099599999999995,1.8099599999999995e-05,0.01873555732598664,-0.00936768171657458
18.1004,1.81004e-05,0.005867498896534817,-0.009111576738915368
18.1012,1.81012e-05,-0.013543910153515082,-0.008855508911583924
18.102000000000004,1.8102000000000004e-05,-0.05083245604442399,-0.008598996889720042
18.102799999999995,1.8102799999999995e-05,-0.05882004880557101,-0.008341738664817043
18.1036,1.81036e-05,-0.02034145859190939,-0.008083615557165972
18.1044,1.81044e-05,-0.03654757922037888,-0.007824690530022504
18.105199999999996,1.8105199999999994e-05,0.009754622219741438,-0.0075652007424300005
18.105999999999995,1.8105999999999992e-05,0.0002720985637797435,-0.007305544591871424
18.1068,1.8106799999999997e-05,0.03606363304272664,-0.007046263782119051
18.107599999999998,1.8107599999999996e-05,-0.03978974911925026,-0.006788021123725545
18.108399999999996,1.8108399999999994e-05,-0.03162550320909552,-0.006531574828157529
18.109199999999994,1.8109199999999993e-05,0.010526675701504118,-0.006277750045293149
18.11,1.8109999999999998e-05,0.011388568443475244,-0.006027408403615608
18.110799999999998,1.8110799999999996e-05,-0.0013522014170445074,-0.005781416383937778
18.111599999999996,1.8111599999999994e-05,0.009537494390670642,-0.005540613446334423
18.1124,1.81124e-05,0.026044152045542335,-0.005305780869189947
18.1132,1.8113199999999998e-05,0.01971698439965308,-0.0050776122321844995
18.114000000000004,1.8114000000000003e-05,0.01502659983750243,-0.004856686398756965
18.114799999999995,1.8114799999999995e-05,-0.0006593960983185543,-0.004643443736838084
18.1156,1.81156e-05,-0.0024351945109465367,-0.004438166169607777
18.1164,1.8116399999999998e-05,0.04841270244238538,-0.0042409615019666875
18.117200000000004,1.8117200000000003e-05,0.0050912843805072105,-0.0040517523510363645
18.117999999999995,1.8117999999999995e-05,0.020870335756579594,-0.0038702699086257475
18.1188,1.81188e-05,-0.0065218566717824,-0.0036960526436402193
18.1196,1.81196e-05,0.033215811953366314,-0.00352844990349091
18.120400000000004,1.8120400000000004e-05,0.02033886362393189,-0.003366630224366644
18.121199999999995,1.8121199999999995e-05,-0.04783370435471246,-0.0032095940326416885
18.122,1.8122e-05,0.03564621003319923,-0.0030561903106708175
18.122799999999998,1.81228e-05,0.04144474240645568,-0.0029051367144716615
18.123600000000003,1.8123600000000004e-05,-0.054041337668936595,-0.0027550425807020516
18.124399999999994,1.8124399999999992e-05,-0.0006071946581982512,-0.0026044342295357507
18.1252,1.8125199999999997e-05,0.02324796456486955,-0.0024517819390020897
18.125999999999998,1.8125999999999996e-05,0.01762324848058594,-0.0022955279583860965
18.126799999999996,1.8126799999999994e-05,-0.04153925715178919,-0.0021341149610547127
18.127599999999994,1.8127599999999992e-05,0.013386979893759032,-0.001966014375006384
18.1284,1.8128399999999997e-05,-0.007485315433919393,-0.0017897540479116306
18.129199999999997,1.8129199999999996e-05,0.018266689219196386,-0.0016039447327849754
18.129999999999995,1.8129999999999994e-05,-0.0027266531259318993,-0.001407304941314384
18.130799999999994,1.8130799999999992e-05,0.04158886362393199,-0.0011986837729815415
18.1316,1.8131599999999998e-05,-0.05972657726190023,-0.0009770813517036596
18.132400000000004,1.8132400000000003e-05,-0.044679861030394896,-0.0007416664909955161
18.133199999999995,1.8133199999999994e-05,0.03777001804663238,-0.0004917912146714968
18.134,1.8134e-05,0.007009691324896816,-0.0002270018474989973
18.1348,1.8134799999999998e-05,-0.025257293051750507,5.295343899393637e-05
18.135600000000004,1.8135600000000003e-05,0.012808223698143273,0.00034812056771631097
18.136399999999995,1.8136399999999995e-05,-0.02601402657055385,0.0006583388176220478
18.1372,1.81372e-05,0.04207853690219643,0.0009832431709256096
18.137999999999998,1.8137999999999998e-05,0.03170707378134707,0.0013222694375671414
18.138800000000003,1.8138800000000003e-05,0.02025885911803771,0.0016746617841025052
18.139599999999994,1.8139599999999995e-05,-0.009283431703776546,0.002039482293216552
18.1404,1.81404e-05,0.023281252839228328,0.0024156222619467135
18.141199999999998,1.81412e-05,0.004136147686929936,0.0028018150651228603
18.142000000000003,1.8142000000000004e-05,0.034726630642532785,0.0031966505024649075
18.142799999999994,1.8142799999999992e-05,-0.02737126631086928,0.003598590597513056
18.1436,1.8143599999999997e-05,0.03866444272010483,0.004005986849187242
18.144399999999997,1.8144399999999995e-05,-0.05345217888762377,0.004417098964326573
18.145200000000003,1.81452e-05,-0.0023440310764878403,0.00483011510127693
18.145999999999994,1.8145999999999992e-05,0.03731571355987395,0.005243173600481018
18.1468,1.8146799999999997e-05,0.009632062516566675,0.00565438606105546
18.147599999999997,1.8147599999999995e-05,0.0018309576587718368,0.006061861481823116
18.148400000000002,1.81484e-05,0.018710402608782872,0.00646373108649243
18.149199999999993,1.8149199999999992e-05,0.016058715665574264,0.006858173421713383
18.15,1.8149999999999997e-05,0.04448529295055048,0.0072434393232513935
18.150800000000004,1.8150800000000002e-05,0.033397382479495974,0.0076178763642504276
18.151599999999995,1.8151599999999994e-05,0.005953177122478559,0.007979952447617475
18.1524,1.81524e-05,-0.011120509967941783,0.008328278302234817
18.1532,1.8153199999999998e-05,-0.04003751687403967,0.00866162876217475
18.154000000000003,1.8154000000000003e-05,0.009435928370404967,0.008978962773762564
18.154799999999994,1.8154799999999994e-05,0.01096774074251039,0.009279442019484451
18.1556,1.81556e-05,0.048550393596984764,0.009562447874969647
18.156399999999998,1.8156399999999998e-05,0.028773762977497674,0.009827596212455174
18.157200000000003,1.8157200000000003e-05,0.055513436255762216,0.010074749439712788
18.157999999999994,1.8157999999999995e-05,-0.0034612572990410095,0.01030402517321828
18.1588,1.81588e-05,0.036771758324351866,0.010515801067835458
18.159599999999998,1.8159599999999998e-05,0.053174013098983064,0.010710715496349537
18.160400000000003,1.8160400000000003e-05,0.02610051451995743,0.010889663933767753
18.161199999999994,1.816119999999999e-05,-0.010959176781893398,0.011053791044739922
18.162,1.8161999999999997e-05,-0.011246474362583858,0.011204478614037243
18.162799999999997,1.8162799999999995e-05,0.06169099747559026,0.01134332957919645
18.163600000000002,1.81636e-05,0.01560043865595595,0.011472148471958253
18.164399999999993,1.816439999999999e-05,-0.011195597096683718,0.011592918554273506
18.1652,1.8165199999999997e-05,0.06768566399500864,0.011707775911199265
18.165999999999997,1.8165999999999995e-05,0.04611091710569459,0.01181898078075198
18.166800000000002,1.81668e-05,0.01722530646824283,0.01192888645615166
18.167599999999993,1.8167599999999992e-05,0.025016765083197945,0.012039906192805684
18.1684,1.8168399999999997e-05,-0.0023642684164995043,0.012154478698230322
18.169199999999996,1.8169199999999995e-05,-0.018040997429538796,0.012275032935985235
18.17,1.817e-05,0.03518377198929601,0.012403953062137155
18.1708,1.81708e-05,-0.015657127069766297,0.012543544297410706
18.171599999999998,1.8171599999999997e-05,0.03205905590500224,0.012696000440441953
18.172400000000003,1.8172400000000002e-05,0.024767105322625937,0.012863373600279395
18.173199999999994,1.8173199999999994e-05,0.003661794371524807,0.013047546617115031
18.174,1.8174e-05,0.01874671625458113,0.0132502085704172
18.174799999999998,1.8174799999999997e-05,-0.03276069774311785,0.013472833736096125
18.175600000000003,1.8175600000000003e-05,0.048149046893213976,0.01371666431704437
18.176399999999994,1.8176399999999994e-05,-0.0063563624513393036,0.013982697197680981
18.1772,1.81772e-05,-0.031932281786940186,0.014271674856362262
18.177999999999997,1.8177999999999998e-05,0.03022613867510171,0.014584080431554437
18.178800000000003,1.8178800000000003e-05,0.03855663514842689,0.014920136788343955
18.179599999999994,1.817959999999999e-05,0.035622568001720145,0.015279809270421201
18.1804,1.81804e-05,0.011627069275412905,0.015662811684896992
18.181199999999997,1.8181199999999995e-05,0.030633726930314742,0.0160686150101421
18.182000000000002,1.8182e-05,0.04463206251659668,0.01649645834474378
18.182799999999993,1.818279999999999e-05,0.008583114039950823,0.016945361678592258
18.1836,1.8183599999999996e-05,0.0125001209460186,0.017414140127898912
18.184399999999997,1.8184399999999995e-05,0.03976842949691595,0.017901419328042793
18.185200000000002,1.81852e-05,0.03605455463127949,0.018405651713571076
18.185999999999993,1.818599999999999e-05,0.016026751565505704,0.01892513342822475
18.186799999999998,1.8186799999999997e-05,0.04003757025467214,0.019458021619437077
18.187599999999996,1.8187599999999995e-05,0.04927175832435182,0.020002351904641894
18.1884,1.81884e-05,0.06086598621084993,0.02055605585287166
18.1892,1.81892e-05,-0.005763798978559054,0.021116978405827946
18.189999999999998,1.8189999999999997e-05,-0.008080715766774382,0.02168289527545571
18.190800000000003,1.8190800000000002e-05,0.05582645638504913,0.02225153047233076
18.1916,1.81916e-05,-0.015166885960049226,0.022820574173478814
18.1924,1.81924e-05,0.043512187945473624,0.023387701094835896
18.193199999999997,1.8193199999999997e-05,0.03208477845363866,0.023950589430722334
18.194000000000003,1.8194000000000002e-05,-0.039758541362038824,0.024506940317509038
18.194799999999994,1.8194799999999994e-05,0.0884800353339602,0.02505449768853264
18.1956,1.81956e-05,0.04345790598820609,0.02559106829808534
18.196399999999997,1.8196399999999997e-05,0.05824153450199265,0.026114541606494467
18.197200000000002,1.8197200000000003e-05,0.023795324491829306,0.026622909183186785
18.197999999999993,1.8197999999999994e-05,0.003201248333364326,0.02711428334399625
18.1988,1.81988e-05,0.0342870782872412,0.027586914858307093
18.199599999999997,1.8199599999999994e-05,0.05277058587805494,0.028039209648762976
18.200400000000002,1.82004e-05,0.04336333786226987,0.02846974441155329
18.201199999999993,1.820119999999999e-05,-0.012131252793176839,0.02887728104571296
18.201999999999998,1.8201999999999996e-05,0.025355507761111284,0.02926077975461943
18.202799999999996,1.8202799999999995e-05,0.05484767765995269,0.029619410670234343
18.2036,1.82036e-05,0.03507029069759837,0.029952563803896774
18.204399999999993,1.820439999999999e-05,0.0694276063018453,0.030259857044218918
18.205199999999998,1.8205199999999996e-05,0.017178022405274773,0.030541141864371908
18.205999999999996,1.8205999999999995e-05,0.054316205527304984,0.03079650641630441
18.2068,1.82068e-05,0.04636133320912417,0.031026275762804797
18.2076,1.8207599999999998e-05,0.010255454426600363,0.03123100908336184
18.208399999999997,1.8208399999999997e-05,0.033258934982029476,0.03141149375622828
18.209200000000003,1.8209200000000002e-05,0.057821463143895246,0.03156873625509711
18.21,1.821e-05,0.04417227282126357,0.031703949799312514
18.2108,1.82108e-05,0.04308152549019428,0.03181853867803687
18.211599999999997,1.8211599999999997e-05,0.09278306898093935,0.031914079173007884
18.212400000000002,1.8212400000000002e-05,0.0372133911967808,0.031992297064694974
18.2132,1.82132e-05,0.0648546755542524,0.03205504182916363
18.214,1.8214e-05,0.04640313206350721,0.0321042578081898
18.214799999999997,1.8214799999999997e-05,0.03960085475938546,0.032141952838116
18.215600000000002,1.8215600000000002e-05,0.042637055757750564,0.03217016501557332
18.2164,1.82164e-05,0.02391429099210185,0.03219092843082182
18.2172,1.82172e-05,0.011576948352440164,0.03220623879940544
18.217999999999996,1.8217999999999994e-05,0.023240210327702626,0.03221801996213962
18.2188,1.8218800000000002e-05,0.004860917105694584,0.03222809219211002
18.219599999999993,1.821959999999999e-05,-0.018623346828016696,0.03223814313987697
18.220399999999998,1.8220399999999996e-05,0.07154082321810662,0.03224970206938891
18.221199999999996,1.8221199999999994e-05,0.027413118545814852,0.03226411780511658
18.222,1.8222e-05,0.05940812530466111,0.0322825405695019
18.222799999999992,1.822279999999999e-05,0.009561136422119643,0.03230590770703714
18.223599999999998,1.8223599999999996e-05,0.02816020582180856,0.03233493320708713
18.224399999999996,1.8224399999999994e-05,0.02503624608038213,0.03237010091798017
18.2252,1.82252e-05,0.08774070229513364,0.03241166131967577
18.226,1.8225999999999998e-05,0.028564389385593913,0.03245963166522426
18.226799999999997,1.8226799999999996e-05,0.02314280534177171,0.032513799253297906
18.227600000000002,1.82276e-05,0.03222530646824273,0.03257372760122299
18.2284,1.82284e-05,0.03951593287633903,0.03263876533206934
18.2292,1.8229199999999998e-05,0.019249440467152823,0.03270805760929336
18.229999999999997,1.8229999999999997e-05,0.04419099747559019,0.0327805599201775
18.230800000000002,1.8230800000000002e-05,0.03597530646824276,0.03285505394657724
18.2316,1.82316e-05,0.06725027267401185,0.032930165197787756
18.2324,1.82324e-05,0.04730531097413693,0.03300438203661726
18.233199999999997,1.8233199999999997e-05,0.06420423692133215,0.03307607572936342
18.234,1.8234000000000002e-05,0.05614155703148327,0.03314352121172445
18.2348,1.82348e-05,0.040623324344577494,0.033204918382173404
18.235599999999998,1.82356e-05,0.008182523679007514,0.0332584138861381
18.236399999999996,1.8236399999999994e-05,0.0060205100140933165,0.03330212349614526
18.2372,1.8237200000000002e-05,-0.010782523632885899,0.03333415526808242
18.238,1.8237999999999997e-05,0.04345714964533853,0.03335263360874494
18.238799999999998,1.8238799999999996e-05,0.005749288739159808,0.03335572421379651
18.239599999999996,1.8239599999999994e-05,0.06633277380048286,0.03334165957885022
18.2404,1.82404e-05,0.044684263956716985,0.033308764533936996
18.241199999999992,1.824119999999999e-05,0.0482929795992556,0.03325548107272343
18.241999999999997,1.8241999999999996e-05,0.05540903337552161,0.03318039167171586
18.242799999999995,1.8242799999999994e-05,0.059796232562689844,0.03308224031252941
18.2436,1.82436e-05,0.07803291725294637,0.03295995050320162
18.2444,1.8244399999999998e-05,0.04174603577571534,0.03281263972092534
18.245199999999997,1.8245199999999996e-05,0.07691777154754076,0.032639629865623083
18.246000000000002,1.8246e-05,0.03877924818608269,0.032440453517797736
18.2468,1.82468e-05,0.08391277830638688,0.0322148560154192
18.2476,1.8247599999999998e-05,-0.0017841880466037408,0.031962793581355974
18.248399999999997,1.8248399999999996e-05,0.04433644286735661,0.03168442793109027
18.249200000000002,1.82492e-05,0.008642313374340627,0.03138011794845489
18.25,1.825e-05,0.04095582547105858,0.031050409100204783
18.250799999999998,1.8250799999999998e-05,0.033560228351299126,0.03069602125210164
18.251599999999996,1.8251599999999996e-05,0.04194633095617206,0.03031783547804404
18.2524,1.82524e-05,0.02392185671783409,0.029916880372193547
18.2532,1.82532e-05,0.005731888259112972,0.029494318316905924
18.253999999999998,1.8254e-05,0.010066129663273471,0.02905143212031822
18.254799999999996,1.8254799999999997e-05,0.05217442920241255,0.02858961237895457
18.2556,1.8255600000000002e-05,0.008679762682994308,0.028110345813566966
18.2564,1.8256399999999997e-05,0.04298071581282603,0.027615204686573965
18.257199999999997,1.8257199999999995e-05,0.031645037586912284,0.027105837283000925
18.257999999999996,1.8257999999999994e-05,0.0054487517127572715,0.0265839593509177
18.2588,1.82588e-05,0.05033810728107457,0.026051346343054664
18.2596,1.8259599999999997e-05,0.05130156604327163,0.02550982625765291
18.260399999999997,1.8260399999999995e-05,0.05629381180611448,0.024961272840081566
18.261199999999995,1.8261199999999994e-05,-0.00880832204551385,0.024407598902026657
18.262,1.8262e-05,0.037695498749313106,0.02385074956518828
18.2628,1.8262799999999997e-05,0.00821713612761621,0.023292695314299717
18.263599999999997,1.8263599999999996e-05,0.0323824786200263,0.022735424785309464
18.264400000000002,1.82644e-05,0.06497988360596707,0.022180937188589725
18.2652,1.82652e-05,0.04859559714280526,0.021631234211394207
18.266,1.8265999999999998e-05,0.0016681117869686846,0.021088311225715715
18.266799999999996,1.8266799999999996e-05,0.043648366414348216,0.020554147685564534
18.2676,1.82676e-05,0.021927606301845315,0.020030696706404536
18.2684,1.82684e-05,-0.008282523632885841,0.01951987391494274
18.269199999999998,1.8269199999999998e-05,0.04646214288649231,0.0190235456986659
18.269999999999996,1.8269999999999996e-05,0.024748948499721757,0.018543516973642787
18.2708,1.82708e-05,0.0468920489989042,0.01808151854941275
18.2716,1.82716e-05,0.002236465396807219,0.017639194136572948
18.272399999999998,1.8272399999999998e-05,0.036704993264199515,0.017218087048385268
18.273199999999996,1.8273199999999996e-05,0.055365154003991,0.016819626690286436
18.274,1.8274e-05,-0.01362050996794173,0.016445114983745887
18.2748,1.8274799999999997e-05,0.03305447876727796,0.01609571292238693
18.275599999999997,1.8275599999999995e-05,0.014379565896019852,0.0157724275091707
18.276399999999995,1.8276399999999993e-05,-0.03407197759475522,0.015476099354786527
18.2772,1.82772e-05,0.01661666668970574,0.015207391199133474
18.278,1.8277999999999997e-05,0.01578957490781807,0.014966777533030029
18.278799999999997,1.8278799999999995e-05,0.030066129663303465,0.014754535350126453
18.279599999999995,1.8279599999999994e-05,0.050923105028122584,0.014570735887675646
18.2804,1.82804e-05,0.09046880054136419,0.014415237090740649
18.2812,1.8281199999999997e-05,0.03186292175884042,0.014287676525028048
18.281999999999996,1.8281999999999995e-05,0.029462975093351385,0.014187464599138326
18.2828,1.82828e-05,-0.010260129911725424,0.014113778212173462
18.2836,1.82836e-05,0.02770382081790279,0.01406555522763931
18.284399999999998,1.8284399999999997e-05,0.004212558989891924,0.014041490378848762
18.285199999999996,1.8285199999999996e-05,-0.004862187899352111,0.01404003328254378
18.286,1.8286e-05,0.027796496938126247,0.01405938920351342
18.2868,1.82868e-05,-0.020742805295650202,0.014097523125236072
18.287599999999998,1.8287599999999997e-05,0.02827557911920875,0.01415216756934001
18.288399999999996,1.8288399999999996e-05,0.028518429496915965,0.014220834481024812
18.2892,1.82892e-05,-0.043396572756036034,0.014300831370314473
18.29,1.829e-05,-0.013630912553678876,0.014389281780068895
18.290799999999997,1.8290799999999998e-05,0.02065528844465625,0.014483150024742158
18.291599999999995,1.8291599999999996e-05,0.015537646118633841,0.014579269968281038
18.2924,1.82924e-05,0.043219972987661004,0.014674377380779046
18.2932,1.82932e-05,0.05283810728107463,0.014765145199951861
18.293999999999997,1.8293999999999995e-05,0.04374652774314636,0.014848220910321404
18.294799999999995,1.8294799999999993e-05,-0.017741405257398535,0.014920265272238085
18.2956,1.8295599999999998e-05,-0.0368878345840169,0.014977991748375705
18.2964,1.8296399999999996e-05,0.047340679765643046,0.015018206093705834
18.297199999999997,1.8297199999999995e-05,0.03734767765995273,0.015037845592857434
18.297999999999995,1.8297999999999993e-05,0.004399046893243996,0.015034017327001447
18.2988,1.82988e-05,0.041273006634640286,0.015004034723216566
18.299599999999998,1.8299599999999997e-05,0.04747156153737753,0.014945451580675045
18.300399999999996,1.8300399999999995e-05,0.04380421439185156,0.01485609279363631
18.3012,1.83012e-05,0.029716228056795746,0.014734081073319815
18.302,1.8302e-05,0.003559472008401676,0.014577859099730684
18.302800000000005,1.8302800000000004e-05,0.031257686671741,0.014386206694806256
18.303599999999996,1.8303599999999995e-05,0.03029838894383885,0.014158252752666358
18.3044,1.83044e-05,0.029005265915165612,0.01389348175352612
18.3052,1.83052e-05,0.040644129516051786,0.013591734738227805
18.306000000000004,1.8306000000000004e-05,0.04071921664479361,0.013253204674969744
18.306799999999996,1.8306799999999996e-05,0.05916943596125879,0.012878426241060746
18.3076,1.83076e-05,0.02548279632997341,0.0124682601808351
18.3084,1.83084e-05,-0.006465494197367416,0.01202387258474756
18.309199999999997,1.8309199999999997e-05,0.06179256349582607,0.011546709642125957
18.309999999999995,1.8309999999999996e-05,-0.055173883854418904,0.01103846860262587
18.3108,1.83108e-05,0.043167015204673365,0.01050106579370261
18.3116,1.83116e-05,0.010552398250130546,0.009936602570521199
18.312399999999997,1.8312399999999994e-05,0.04329714063355028,0.009347330038413988
18.313199999999995,1.8313199999999993e-05,0.03156995045817035,0.008735613330683574
18.314,1.8313999999999998e-05,-0.04521360219165471,0.00810389620494176
18.314799999999998,1.8314799999999996e-05,-0.020735995912815164,0.0074546667585966885
18.315599999999996,1.8315599999999995e-05,-0.035171803337271434,0.006790425096217578
18.316399999999994,1.8316399999999993e-05,0.05749860826029385,0.006113653710299491
18.3172,1.8317199999999998e-05,-0.025107118794266747,0.005426791132991231
18.317999999999998,1.8317999999999996e-05,-0.015479906089336137,0.004732209159528299
18.318799999999996,1.8318799999999995e-05,0.015790899082138043,0.004032193736397523
18.3196,1.83196e-05,-0.011396080788575014,0.0033289294667471405
18.3204,1.8320399999999998e-05,0.011672272821263485,0.002624487564674852
18.321200000000005,1.8321200000000003e-05,-0.00019260850874569524,0.0019208169651808507
18.321999999999996,1.8321999999999995e-05,0.012291315185567586,0.0012197381856590573
18.3228,1.83228e-05,0.019581941593593943,0.0005229394543360306
18.3236,1.83236e-05,0.019705069128161168,-0.0001680254254758668
18.324400000000004,1.8324400000000004e-05,0.007763020152332767,-0.0008517380135001987
18.325199999999995,1.8325199999999995e-05,0.051367574760566304,-0.0015269154720765673
18.326,1.8326e-05,-0.016399485480042553,-0.002192410522630502
18.3268,1.83268e-05,0.07351275577689631,-0.002847211413718279
18.327600000000004,1.8327600000000004e-05,-0.0020374410101080542,-0.0034904420430840683
18.328399999999995,1.8328399999999995e-05,-0.035207172128777664,-0.004121362196724313
18.3292,1.83292e-05,0.010589847558754029,-0.004739367679371268
18.33,1.833e-05,0.00788255448402786,-0.005343989960416049
18.330799999999996,1.8330799999999994e-05,-0.05553551222092379,-0.005934894896639814
18.331599999999995,1.8331599999999992e-05,0.03278174480665941,-0.0065118801179851
18.3324,1.8332399999999997e-05,-0.048546179182127225,-0.00707487073547965
18.333199999999998,1.8333199999999996e-05,0.010848017899380502,-0.007623913125658284
18.333999999999996,1.8333999999999994e-05,0.010985709053979886,-0.008159166654676892
18.334799999999994,1.8334799999999993e-05,-0.03931199111244765,-0.008680893310664371
18.3356,1.8335599999999998e-05,-0.0221166891731448,-0.009189445295900359
18.336399999999998,1.8336399999999996e-05,-0.04720501574759872,-0.009685250697568518
18.337199999999996,1.8337199999999994e-05,0.010491874741420548,-0.010168797447111917
18.338,1.8338e-05,-0.03375479643117363,-0.01064061592993082
18.3388,1.8338799999999998e-05,0.057255190051164084,-0.011101260801645502
18.339600000000004,1.8339600000000003e-05,0.005621243827400146,-0.011551292736408049
18.340399999999995,1.8340399999999995e-05,0.01833194159359386,-0.011991260906524775
18.3412,1.83412e-05,0.011883726930284721,-0.01242168693763252
18.342,1.8341999999999998e-05,0.023581033522773298,-0.012843050919512823
18.342800000000004,1.8342800000000003e-05,-0.033600461139394966,-0.013255779836419311
18.343599999999995,1.8343599999999995e-05,0.03466194609952811,-0.013660238566556729
18.3444,1.83444e-05,0.008437668648154428,-0.014056723416935818
18.3452,1.83452e-05,-0.029516447327199158,-0.014445458011990868
18.346000000000004,1.8346000000000004e-05,-0.056282599496917496,-0.014826591229915666
18.346799999999995,1.8346799999999995e-05,-0.039695937336181486,-0.015200196785274308
18.3476,1.83476e-05,0.019437252544724948,-0.015566274041183211
18.348399999999998,1.83484e-05,-0.021421046994344106,-0.015924749739150267
18.349200000000003,1.8349200000000004e-05,-0.03114566468514557,-0.016275480511578344
18.349999999999994,1.8349999999999992e-05,0.024245279432858036,-0.016618256192526906
18.3508,1.8350799999999997e-05,0.016564465249585436,-0.016952804018794905
18.351599999999998,1.8351599999999996e-05,-0.004732818813342532,-0.017278793826223184
18.352399999999996,1.8352399999999994e-05,-0.012671046994344182,-0.01759584429863439
18.353199999999994,1.8353199999999992e-05,-0.02100929770486637,-0.01790353021616875
18.354,1.8353999999999997e-05,-0.04424938708659021,-0.018201390516258097
18.354799999999997,1.8354799999999996e-05,-0.02226894394777612,-0.01848893689432742
18.355599999999995,1.8355599999999994e-05,0.0022476243254417883,-0.01876566267495
18.356399999999994,1.8356399999999993e-05,-0.022951346680764817,-0.01903105176627963
18.3572,1.8357199999999998e-05,-0.043578143282165915,-0.019284587620190884
18.358000000000004,1.8358000000000003e-05,0.00857611614558107,-0.019525762209525323
18.358799999999995,1.8358799999999994e-05,0.03127016977462549,-0.019754085094647073
18.3596,1.83596e-05,-0.05460344972733289,-0.019969092693371736
18.3604,1.8360399999999998e-05,0.03383201745762543,-0.020170357872004663
18.361200000000004,1.8361200000000003e-05,-0.028066152146742573,-0.020357499918920618
18.361999999999995,1.8361999999999995e-05,-0.0010976242793201418,-0.020530194867453628
18.3628,1.83628e-05,-0.030426380474995796,-0.0206881860405904
18.363599999999998,1.8363599999999998e-05,-0.029651490133158265,-0.020831294613956206
18.364400000000003,1.8364400000000003e-05,0.004129149792560294,-0.02095942994705399
18.365199999999994,1.8365199999999995e-05,-0.05141688596004912,-0.021072599429106463
18.366,1.8366e-05,0.012413118545814839,-0.021170917620493397
18.366799999999998,1.83668e-05,0.014094348832546788,-0.02125461451901077
18.367600000000003,1.8367600000000004e-05,-0.019403154546876245,-0.021324042812267987
18.368399999999994,1.8368399999999992e-05,-0.028530102876340613,-0.021379683964656254
18.3692,1.8369199999999997e-05,-0.015473664537893783,-0.021422152921498273
18.369999999999997,1.8369999999999995e-05,-0.06312043410401014,-0.021452201133910245
18.370800000000003,1.83708e-05,-0.02824223746425747,-0.021470717580092596
18.371599999999994,1.8371599999999992e-05,-0.011950438609874325,-0.02147872751849692
18.3724,1.8372399999999997e-05,-0.005072317834153184,-0.021477388844013557
18.373199999999997,1.8373199999999995e-05,-0.01923482346655825,-0.021467986079406882
18.374000000000002,1.8374e-05,-0.025319897077607845,-0.02145192215656353
18.374799999999993,1.8374799999999992e-05,0.03659718569252168,-0.021430708193963557
18.3756,1.8375599999999997e-05,0.008297896976407815,-0.021405951471463076
18.376400000000004,1.8376400000000002e-05,-0.0380043044637125,-0.021379341752590885
18.377199999999995,1.8377199999999994e-05,-0.05325680108428943,-0.02135263599964088
18.378,1.8378e-05,-0.05089524858171601,-0.02132764139681938
18.3788,1.8378799999999998e-05,-0.021501051500308233,-0.021306196533682743
18.379600000000003,1.8379600000000003e-05,-0.03269544536872049,-0.021290150679226526
18.380399999999995,1.8380399999999994e-05,-0.002430465645259061,-0.021281341271542284
18.3812,1.83812e-05,0.06394890344075044,-0.02128156996189664
18.381999999999998,1.8381999999999998e-05,-0.05115531092805525,-0.02129257769022121
18.382800000000003,1.8382800000000003e-05,-0.0320569220072624,-0.021316019277738026
18.383599999999994,1.8383599999999995e-05,-0.041803669043857905,-0.02135343791897852
18.3844,1.83844e-05,-0.012366348933646965,-0.021406239840089932
18.385199999999998,1.8385199999999998e-05,-0.03087709175888198,-0.021475669370746124
18.386000000000003,1.8386000000000003e-05,0.0067439552585378815,-0.021562784764906483
18.386799999999994,1.838679999999999e-05,-0.039430957612720086,-0.021668435226620805
18.3876,1.8387599999999997e-05,0.019294076181540776,-0.02179323968303242
18.388399999999997,1.8388399999999995e-05,0.039303722424420595,-0.021937567877773474
18.389200000000002,1.83892e-05,-0.028355530244480343,-0.022101524330399632
18.389999999999993,1.838999999999999e-05,-0.010791602044402882,-0.02228493560630618
18.3908,1.8390799999999997e-05,-0.04872075181388735,-0.022487341171098407
18.391599999999997,1.8391599999999995e-05,-0.01578044311573845,-0.02270798792709323
18.392400000000002,1.83924e-05,-0.044465002229906236,-0.02294582843292999
18.393199999999993,1.8393199999999992e-05,0.01063996848172688,-0.023199522820528038
18.394,1.8393999999999997e-05,0.025055727077566425,-0.023467444504967787
18.394799999999996,1.8394799999999995e-05,-0.00714940961601096,-0.023747689855492624
18.3956,1.83956e-05,-0.05162209851772814,-0.02403809198898981
18.3964,1.83964e-05,-0.04846333781618839,-0.024336238745514584
18.397199999999998,1.8397199999999997e-05,0.023440505508159126,-0.02463949477957962
18.398000000000003,1.8398000000000002e-05,0.002552133874734186,-0.024945027646195828
18.398799999999994,1.8398799999999994e-05,-0.019072733937582687,-0.025249837782683512
18.3996,1.83996e-05,0.029320366561599864,-0.0255507922945356
18.400399999999998,1.8400399999999998e-05,-0.005212089505899908,-0.025844662371003736
18.401200000000003,1.8401200000000003e-05,0.02390161937775248,-0.026128163988836647
18.401999999999994,1.8401999999999994e-05,-0.05181539580381511,-0.026398001346863688
18.4028,1.84028e-05,0.029027015940931933,-0.026650912236004118
18.403599999999997,1.8403599999999998e-05,-0.08298614764077838,-0.026883714322724708
18.404400000000003,1.8404400000000003e-05,-0.06152753039173198,-0.027093351155543833
18.405199999999994,1.840519999999999e-05,-0.06492271140806205,-0.027276936636787256
18.406,1.8406e-05,0.0013112122861512754,-0.02743179677027717
18.406799999999997,1.8406799999999995e-05,-0.04232681910784597,-0.027555507700722532
18.407600000000002,1.84076e-05,-0.03938159303257471,-0.027645929331273494
18.408399999999993,1.840839999999999e-05,-0.04380283683699904,-0.027701234040952323
18.4092,1.8409199999999996e-05,-0.014702935230451186,-0.027719930187252172
18.409999999999997,1.8409999999999995e-05,-0.03245543185102817,-0.027700880208713342
18.410800000000002,1.84108e-05,-0.05181823266388996,-0.02764331327044174
18.411599999999993,1.841159999999999e-05,-0.015655235064023665,-0.027546832516628973
18.412399999999998,1.8412399999999997e-05,0.021801641907273073,-0.0274114171006387
18.413199999999996,1.8413199999999995e-05,-0.03613658627372851,-0.027237419254147605
18.414,1.8414e-05,-0.0060768191078459655,-0.02702555670747356
18.4148,1.84148e-05,-0.047658563891459504,-0.02677690075442367
18.415599999999998,1.8415599999999997e-05,-0.0005877136610441536,-0.026492860187922893
18.416400000000003,1.8416400000000002e-05,-0.0655591542523728,-0.02617516127799656
18.4172,1.84172e-05,-0.021071901730723708,-0.025825823960394595
18.418,1.8418e-05,-0.012056922007262383,-0.025447134453553316
18.418799999999997,1.8418799999999997e-05,-0.05381531993988353,-0.0250416146106767
18.419600000000003,1.8419600000000002e-05,-0.04301470704944954,-0.02461198842354164
18.420399999999994,1.8420399999999994e-05,-0.019917226199547167,-0.024161146209905032
18.4212,1.84212e-05,0.030793735942112876,-0.023692107141037144
18.421999999999997,1.8421999999999997e-05,-0.04365606727088267,-0.023207980896301307
18.422800000000002,1.8422800000000003e-05,0.05238247862002632,-0.022711929321137293
18.423599999999993,1.8423599999999994e-05,0.0273094720084317,-0.022207128956910138
18.4244,1.84244e-05,-0.046098948453640154,-0.021696735190936036
18.425199999999997,1.8425199999999994e-05,0.006202648371615882,-0.02118384856576011
18.426000000000002,1.8426e-05,-9.520352277481159e-05,-0.020671483539418424
18.426799999999993,1.842679999999999e-05,-0.06522116791731691,-0.02016253977579144
18.427599999999998,1.8427599999999996e-05,-0.04531857290328778,-0.01965977591766579
18.428399999999996,1.8428399999999995e-05,0.010810380079292248,-0.019165785765179622
18.4292,1.84292e-05,-0.01961744551597211,-0.018682976846088682
18.429999999999993,1.842999999999999e-05,0.013407785065263078,-0.01821355149292169
18.430799999999998,1.8430799999999996e-05,0.025318626283880374,-0.017759490657234353
18.431599999999996,1.8431599999999995e-05,-0.016691700437855284,-0.017322540716412226
18.4324,1.84324e-05,-0.029879020547966206,-0.01690420344926783
18.4332,1.8433199999999998e-05,-0.03919926616361746,-0.01650572921942715
18.433999999999997,1.8433999999999997e-05,0.032296232562689764,-0.01612811328868389
18.434800000000003,1.8434800000000002e-05,0.00500768667171092,-0.015772095145338234
18.4356,1.84356e-05,-0.0037597138082957615,-0.015438160754609388
18.4364,1.84364e-05,-0.009263950706622115,-0.015126547636761512
18.437199999999997,1.8437199999999997e-05,-0.027249462950521997,-0.01483725260690753
18.438000000000002,1.8438000000000002e-05,-0.03876936005120557,-0.014570041908873416
18.4388,1.84388e-05,-0.01736918579372171,-0.014324463419402963
18.4396,1.84396e-05,0.012065297456414492,-0.014099860629695794
18.440399999999997,1.8440399999999997e-05,0.042498608260293946,-0.01389538821087122
18.441200000000002,1.8441200000000002e-05,-0.022351028970787556,-0.013710029067146117
18.442,1.8442e-05,0.002285073634125334,-0.013542612793000727
18.4428,1.84428e-05,0.0029160312698212065,-0.013391835356582242
18.443599999999996,1.8443599999999994e-05,-0.00508763779701249,-0.01325627968962224
18.4444,1.8444400000000003e-05,-0.0038911634114529026,-0.013134436743797141
18.445199999999993,1.844519999999999e-05,-0.030471584020746456,-0.013024726493098427
18.445999999999998,1.8445999999999996e-05,-0.038318648767319385,-0.012925518311859646
18.446799999999996,1.8446799999999994e-05,-0.042731570503054095,-0.012835150150376335
18.4476,1.84476e-05,0.00953541387352319,-0.012751945996143911
18.448399999999992,1.844839999999999e-05,0.0028575882782586604,-0.01267423125730721
18.449199999999998,1.8449199999999996e-05,-0.03611218789935211,-0.012600345890474597
18.449999999999996,1.8449999999999994e-05,0.008414782959532907,-0.012528655244478654
18.4508,1.84508e-05,-0.04178059484380148,-0.01245755867299295
18.4516,1.8451599999999998e-05,-0.006762626532302085,-0.012385496015212976
18.452399999999997,1.8452399999999996e-05,-0.0369114766154659,-0.012310952103759043
18.453200000000002,1.84532e-05,0.049174353338410914,-0.01223245955068861
18.454,1.8454e-05,-0.04919586147214994,-0.012148600170077727
18.4548,1.8454799999999998e-05,0.036028075739785725,-0.012058005481331482
18.455599999999997,1.8455599999999997e-05,-0.012074322487268918,-0.011959356768099422
18.456400000000002,1.8456400000000002e-05,-5.775421412124171e-05,-0.011851385143289149
18.4572,1.84572e-05,0.013774330808890234,-0.011732872014335469
18.458,1.8458e-05,-0.01169586147214996,-0.011602650272389926
18.458799999999997,1.8458799999999997e-05,0.026217400503082522,-0.011459606451590129
18.459600000000002,1.8459600000000002e-05,0.03771497974650728,-0.01130268402000807
18.4604,1.84604e-05,-0.013694272922463613,-0.011130887859391314
18.461199999999998,1.84612e-05,-0.04312743199827984,-0.01094328984845123
18.461999999999996,1.8461999999999997e-05,-0.014828899624993341,-0.010739035298567283
18.4628,1.8462800000000002e-05,-0.008109275175345765,-0.010517349869491011
18.4636,1.8463599999999997e-05,0.00480398679985683,-0.010277546582051546
18.464399999999998,1.8464399999999996e-05,-0.012854698037621293,-0.010019032630330736
18.465199999999996,1.8465199999999994e-05,-0.016710425092181902,-0.009741315798010287
18.466,1.8466e-05,0.026371735794861184,-0.009444010347555048
18.466799999999992,1.846679999999999e-05,-0.013944689025893076,-0.009126842279695393
18.467599999999997,1.8467599999999996e-05,0.004017937529484872,-0.008789653870941236
18.468399999999995,1.8468399999999994e-05,-0.05341737792751022,-0.008432407388894945
18.4692,1.84692e-05,0.0251217357948611,-0.008055187869540697
18.47,1.8469999999999998e-05,-0.05237259048508924,-0.007658204854662376
18.470799999999997,1.8470799999999996e-05,0.04139897102921242,-0.007241793057331973
18.471600000000002,1.84716e-05,0.01891353464924439,-0.0068064120287331465
18.4724,1.84724e-05,0.012799901629553467,-0.006352644985607874
18.4732,1.8473199999999998e-05,-0.004476161158470826,-0.005881196970727916
18.473999999999997,1.8473999999999996e-05,0.029403207927508834,-0.005392892443162039
18.474800000000002,1.84748e-05,0.016969972987690984,-0.004888672266426315
18.4756,1.84756e-05,-0.05332489031876175,-0.0043695899304472515
18.476399999999998,1.8476399999999998e-05,-0.029248630743662907,-0.0038368067346467027
18.477199999999996,1.8477199999999996e-05,-0.007446353439610975,-0.0032915856051161795
18.478,1.8478e-05,0.023606756071399726,-0.0027352832675050765
18.4788,1.84788e-05,-0.02865531092805529,-0.0021693406517544773
18.479599999999998,1.84796e-05,0.0077658570123374515,-0.00159527158867399
18.480399999999996,1.8480399999999997e-05,0.012305310974137007,-0.0010146499939946668
18.4812,1.8481200000000002e-05,0.006572787318145146,-0.00042909581515267854
18.482,1.8481999999999997e-05,0.012772666395172383,0.000159739934668703
18.482799999999997,1.8482799999999995e-05,0.016938765230449793,0.0007501907078803239
18.483599999999996,1.8483599999999994e-05,0.007088939487963519,0.0013405901830672064
18.4844,1.84844e-05,0.006324451731863134,0.0019292879574179835
18.4852,1.8485199999999997e-05,-0.02697048743852115,0.002514664921953914
18.485999999999997,1.8485999999999995e-05,0.04895382081790278,0.003095148105299264
18.486799999999995,1.8486799999999994e-05,0.0388286127661881,0.003669224774427834
18.4876,1.84876e-05,0.014886639654291045,0.004235455567083111
18.4884,1.8488399999999997e-05,-0.04068719916416241,0.0047924864534249255
18.489199999999997,1.8489199999999996e-05,0.03692268892469297,0.005339059408096368
18.490000000000002,1.849e-05,-0.011213753919617875,0.005874021762336325
18.4908,1.84908e-05,0.027661454132096974,0.0063963342255464375
18.4916,1.8491599999999998e-05,0.025701248333334314,0.006905077518311735
18.492399999999996,1.8492399999999996e-05,0.019891557031483265,0.007399457506847733
18.4932,1.84932e-05,0.022421440614404653,0.007878808720832022
18.494,1.8494e-05,0.02896573608936459,0.008342596179799702
18.494799999999998,1.8494799999999998e-05,-0.005456264057887128,0.008790415530278449
18.495599999999996,1.8495599999999996e-05,0.010512679912864753,0.009221991580543773
18.4964,1.84964e-05,0.045970389091090524,0.009637175385697447
18.4972,1.84972e-05,0.04308152549019428,0.01003594006899055
18.497999999999998,1.8497999999999998e-05,-0.020229489985906568,0.0104183755857168
18.498799999999996,1.8498799999999996e-05,0.005476554778531151,0.010784682682790552
18.4996,1.84996e-05,0.02005572707756642,0.011135166378194124
18.5004,1.8500399999999997e-05,0.015649803236071458,0.011470229322969344
18.501199999999997,1.8501199999999995e-05,0.009347601795951177,0.011790365378521826
18.501999999999995,1.8501999999999993e-05,-0.02409145859190942,0.01209615367352919
18.5028,1.85028e-05,0.014463731436218819,0.012388253334455665
18.5036,1.8503599999999997e-05,0.04086466203655992,0.012667399001047776
18.504399999999997,1.8504399999999995e-05,0.01384960644909694,0.012934397124116054
18.505199999999995,1.8505199999999994e-05,0.004440089404699754,0.013190122925800084
18.506,1.8506e-05,0.029930519025851643,0.013435517831929759
18.5068,1.8506799999999997e-05,-0.027632085000035667,0.013671587165422326
18.507599999999996,1.8507599999999995e-05,0.019495127704864834,0.013899397872861948
18.5084,1.85084e-05,0.05687748537887238,0.014120076002217008
18.5092,1.85092e-05,0.00922239374423639,0.014334803559163287
18.509999999999998,1.8509999999999997e-05,0.06775942694946047,0.014544814288658508
18.510799999999996,1.8510799999999996e-05,0.021163118545814874,0.014751387916436603
18.5116,1.85116e-05,0.04999104253456155,0.014955842464652978
18.5124,1.85124e-05,0.05869300212873618,0.015159524403907967
18.513199999999998,1.8513199999999998e-05,-0.020203767437310227,0.015363796587250879
18.513999999999996,1.8513999999999996e-05,0.038317377973591915,0.015570024105043767
18.5148,1.85148e-05,0.02973987008827461,0.01577955836959742
18.5156,1.85156e-05,0.003663118545814914,0.015993719848191968
18.516399999999997,1.8516399999999998e-05,0.06273238022654393,0.016213779907817718
18.517199999999995,1.8517199999999996e-05,0.013840339526215106,0.01644094225154008
18.518,1.8518e-05,0.03305863980157275,0.016676324455214463
18.5188,1.85188e-05,-0.00705748983865484,0.016920940168486033
18.519599999999997,1.8519599999999995e-05,0.02446940515622853,0.017175682609281602
18.520399999999995,1.8520399999999993e-05,-0.022372590485089217,0.01744131001719384
18.5212,1.8521199999999998e-05,0.015088447520502424,0.01771843370180473
18.522,1.8521999999999996e-05,-0.01883272041989026,0.018007509216516403
18.522799999999997,1.8522799999999995e-05,0.028345937382233233,0.0183088310183
18.523599999999995,1.8523599999999993e-05,0.03872156153737749,0.018622530763043692
18.5244,1.85244e-05,-0.033911968582927,0.01894857917309561
18.525199999999998,1.8525199999999997e-05,0.03752584349464516,0.019286791237383166
18.525999999999996,1.8525999999999995e-05,0.023102519173103353,0.019636834371465028
18.5268,1.85268e-05,0.0741075882782587,0.01999823904953958
18.5276,1.85276e-05,0.027304554631279565,0.020370411322840804
18.528400000000005,1.8528400000000004e-05,0.02601559263690123,0.020752646607044862
18.529199999999996,1.8529199999999995e-05,0.009077704695337419,0.0211441441852542
18.53,1.853e-05,0.05403382532380685,0.021544021988701482
18.5308,1.85308e-05,0.03285758827825869,0.021951331309469975
18.531600000000005,1.8531600000000004e-05,0.0454682327099416,0.022365071143837862
18.532399999999996,1.8532399999999996e-05,0.028382062516596696,0.022784201899324473
18.5332,1.85332e-05,0.014615418379417267,0.02320765826172381
18.534,1.8534e-05,0.030656044787513714,0.023634361101974866
18.534799999999997,1.8534799999999997e-05,0.040498872635730154,0.02406322836779315
18.535599999999995,1.8535599999999996e-05,0.04351634897976853,0.024493184928952777
18.5364,1.85364e-05,0.04429256349582611,0.024923171346338834
18.5372,1.85372e-05,0.00858178986563074,0.02535215155319262
18.537999999999997,1.8537999999999994e-05,0.02975594639403145,0.025779119489139808
18.538799999999995,1.8538799999999993e-05,0.020671364750402987,0.02620310478647807
18.5396,1.8539599999999998e-05,0.05503832659752961,0.026623177631363237
18.540399999999998,1.8540399999999996e-05,0.027818626283880432,0.02703845289988755
18.541199999999996,1.8541199999999995e-05,0.016564465249585436,0.027448093633203045
18.541999999999994,1.8541999999999993e-05,0.06397746284939176,0.027851313901550462
18.5428,1.8542799999999998e-05,0.020651883753218803,0.028247381115212213
18.543599999999998,1.8543599999999996e-05,-0.012353109487934999,0.028635617852686833
18.544399999999996,1.8544399999999995e-05,0.014609176827975134,0.029015403277208373
18.5452,1.85452e-05,0.12228015625693611,0.02938617417800837
18.546,1.8545999999999998e-05,-0.0022390603647847174,0.029747425587470674
18.546800000000005,1.8546800000000003e-05,0.03562824172173984,0.030098710837884284
18.547599999999996,1.8547599999999995e-05,0.056790482978678614,0.0304396409085125
18.5484,1.85484e-05,0.04192893047613522,0.03076988297541779
18.5492,1.85492e-05,0.07112548072572655,0.031089158149322425
18.550000000000004,1.8550000000000004e-05,0.043544152045542406,0.0313972384505626
18.550799999999995,1.8550799999999995e-05,0.019970805194520103,0.03169394315882425
18.5516,1.85516e-05,0.0378973066154944,0.031979134798852796
18.5524,1.85524e-05,-0.008303328804360133,0.03225271513880295
18.553200000000004,1.8553200000000004e-05,0.04724762432544183,0.032514621628120126
18.553999999999995,1.8553999999999995e-05,-0.005088961971332684,0.0327648246590421
18.5548,1.85548e-05,0.03734011193422038,0.033003325913208315
18.5556,1.85556e-05,0.05222114543394796,0.033230157888448394
18.556399999999996,1.8556399999999994e-05,0.021779512561508785,0.03344538452924998
18.557199999999995,1.8557199999999992e-05,0.04191852789039818,0.03364910274237744
18.558,1.8557999999999997e-05,0.018276335462076188,0.033841444486482776
18.558799999999998,1.8558799999999996e-05,0.0751565367549446,0.03402257907075683
18.559599999999996,1.8559599999999994e-05,0.06183152549019433,0.03419271525854332
18.560399999999994,1.8560399999999993e-05,0.05676551677290953,0.03435210275248186
18.5612,1.8561199999999998e-05,0.03861791499999434,0.034501032674989336
18.561999999999998,1.8561999999999996e-05,0.061473301815096915,0.03463983676873361
18.562799999999996,1.8562799999999994e-05,0.046688349127020135,0.034768885192713594
18.5636,1.85636e-05,0.009498532396262305,0.034888582931163876
18.5644,1.8564399999999998e-05,0.04109843400280999,0.034999364938740556
18.565200000000004,1.8565200000000003e-05,0.04118259954299908,0.035101690203890354
18.565999999999995,1.8565999999999995e-05,0.045301982146701,0.035196034912189235
18.5668,1.85668e-05,0.07966686347668028,0.03528288484828619
18.5676,1.8567599999999998e-05,0.02838073834231669,0.03536272713922132
18.568400000000004,1.8568400000000003e-05,0.03699645187914491,0.035436041459073524
18.569199999999995,1.8569199999999995e-05,0.09005780759471371,0.035503290886938085
18.57,1.857e-05,0.00901510066948008,0.035564912702738594
18.5708,1.85708e-05,0.02904157956096387,0.035621309490134964
18.571600000000004,1.8571600000000004e-05,0.019447087299039434,0.035672840983606895
18.572399999999995,1.8572399999999995e-05,0.03663747186118005,0.03571981712584765
18.5732,1.85732e-05,0.017759615460895217,0.035762492759095175
18.573999999999998,1.8574e-05,0.03160834462111606,0.03580106426149641
18.574800000000003,1.8574800000000004e-05,0.06499785191743646,0.035835668295733786
18.575599999999994,1.8575599999999992e-05,0.008466984399653099,0.03586638269922119
18.5764,1.8576399999999997e-05,0.023935852506443367,0.035893229434275725
18.577199999999998,1.8577199999999996e-05,0.05970090809389628,0.035916179435114076
18.577999999999996,1.8577999999999994e-05,0.0835197536711959,0.03593515911771827
18.578799999999994,1.8578799999999992e-05,0.030251861223728138,0.03595005825419597
18.5796,1.8579599999999997e-05,0.03606779407702143,0.03596073889399497
18.580399999999997,1.8580399999999996e-05,-0.010973740401925447,0.03596704506739031
18.581199999999995,1.8581199999999994e-05,0.03806771821302979,0.03596881308007889
18.581999999999994,1.8581999999999993e-05,0.012076456385049061,0.03596588220727396
18.5828,1.8582799999999998e-05,0.0028103042152607394,0.03595810547849443
18.583600000000004,1.8583600000000003e-05,0.09752924818608266,0.035945360044211366
18.584399999999995,1.8584399999999994e-05,0.08038123030973776,0.03592755640015617
18.5852,1.85852e-05,0.07300700619288514,0.035904645590602816
18.586,1.8585999999999998e-05,0.12558228183306175,0.03587662349890258
18.586800000000004,1.8586800000000003e-05,0.07751884560034539,0.035843531508158485
18.587599999999995,1.8587599999999995e-05,0.042657293097802085,0.03580545315401994
18.5884,1.85884e-05,0.03518301564642856,0.035762506821578686
18.589199999999998,1.8589199999999998e-05,0.04908470258963704,0.03571483496184502
18.590000000000003,1.8590000000000003e-05,0.00589813882235346,0.035662590622140576
18.590799999999994,1.8590799999999995e-05,0.023590111934220448,0.035605922248395296
18.5916,1.85916e-05,0.01373688150026664,0.03554495774030544
18.592399999999998,1.85924e-05,0.0342348768471209,0.03547978865942467
18.593200000000003,1.8593200000000004e-05,0.049586858970786074,0.03541045533774264
18.593999999999994,1.8593999999999992e-05,0.05455205801070251,0.035336933453894735
18.5948,1.8594799999999997e-05,-0.011606022211941402,0.03525912249214461
18.595599999999997,1.8595599999999995e-05,0.04570540936762901,0.03517683640714649
18.596400000000003,1.85964e-05,0.042383234962893535,0.03508979676081933
18.597199999999994,1.8597199999999992e-05,0.06471074284821077,0.03499762852694485
18.598,1.8597999999999997e-05,-0.018072393698184697,0.03489985866790511
18.598799999999997,1.8598799999999995e-05,0.041118671342861624,0.0347959175135985
18.599600000000002,1.85996e-05,0.06345714964533855,0.03468514292202767
18.600399999999993,1.8600399999999992e-05,-0.030465910300796817,0.03456678713490318
18.6012,1.8601199999999997e-05,0.10922447426138371,0.034440026141779184
18.602000000000004,1.8602000000000002e-05,0.02586541837941725,0.03430397126071109
18.602799999999995,1.8602799999999994e-05,0.03190320792750878,0.03415768256671702
18.6036,1.86036e-05,0.03264537782634014,0.03400018377068154
18.6044,1.8604399999999998e-05,0.04760792851768669,0.0338304781642526
18.605200000000004,1.8605200000000003e-05,0.05801211208147217,0.033647565264032446
18.605999999999995,1.8605999999999994e-05,0.021581865729632277,0.033450457786792114
18.6068,1.86068e-05,0.047441677954456085,0.03323819858554929
18.607599999999998,1.8607599999999998e-05,0.05946240726192875,0.03300987719580297
18.608400000000003,1.8608400000000003e-05,0.009690505508129221,0.03276464567341913
18.609199999999994,1.8609199999999995e-05,0.0070730516936116095,0.03250173343425923
18.61,1.861e-05,0.050284581666664274,0.03222046081699223
18.610799999999998,1.8610799999999998e-05,0.054778264251220454,0.03192025106107233
18.611600000000003,1.8611600000000003e-05,0.0791200713811433,0.03160064031793796
18.612399999999994,1.861239999999999e-05,0.039556975387854854,0.031261285251409775
18.6132,1.8613199999999997e-05,0.09985108235138018,0.0309019678107212
18.613999999999997,1.8613999999999995e-05,0.039933167374431644,0.030522596902093826
18.614800000000002,1.86148e-05,0.02573245609054553,0.030123206909077997
18.615599999999993,1.861559999999999e-05,0.037061892765017146,0.02970395326446799
18.6164,1.8616399999999997e-05,0.034928438508704196,0.02926510549849029
18.617199999999997,1.8617199999999995e-05,0.009330201315914333,0.02880703832812946
18.618000000000002,1.8618e-05,0.04805580294156797,0.028330221399709123
18.618799999999993,1.8618799999999992e-05,0.014826872488478582,0.027835208279653734
18.6196,1.8619599999999997e-05,0.039522174427781276,0.027322625240039856
18.620399999999997,1.8620399999999995e-05,-0.015798411427237813,0.026793160326568605
18.6212,1.86212e-05,0.01933927972736149,0.026247553131134426
18.622,1.8622e-05,0.028241534501992627,0.025686585601547924
18.622799999999998,1.8622799999999997e-05,0.023215244121933543,0.025111074086737958
18.623600000000003,1.8623600000000002e-05,0.06207229535075409,0.02452186265166401
18.624399999999994,1.8624399999999994e-05,0.0083347784536687,0.023919817554022733
18.6252,1.86252e-05,0.033975382332244286,0.023305822699091767
18.625999999999998,1.8625999999999998e-05,0.017438841094441382,0.02268077587856248
18.626800000000003,1.8626800000000003e-05,0.06833893948793357,0.022045585615054077
18.627599999999994,1.8627599999999994e-05,0.03689129265604696,0.021401168445541338
18.6284,1.86284e-05,-0.0040010515003081615,0.020748446496397115
18.629199999999997,1.8629199999999998e-05,0.02336125734512251,0.020088345256764395
18.630000000000003,1.8630000000000003e-05,0.01837657730802178,0.019421791527495364
18.630799999999994,1.863079999999999e-05,0.059252277327157654,0.018749711554802047
18.6316,1.86316e-05,0.01146365557221729,0.018073029334163767
18.632399999999997,1.8632399999999995e-05,0.016535338009521672,0.017392665038592443
18.633200000000002,1.86332e-05,0.021668111786968702,0.016709533531985808
18.633999999999993,1.863399999999999e-05,0.022582205969060243,0.016024542960298066
18.6348,1.8634799999999996e-05,0.024502693430587086,0.015338593429829262
18.635599999999997,1.8635599999999995e-05,-0.022016447327199096,0.014652575770740913
18.636400000000002,1.86364e-05,0.02639821468635506,0.013967370356934725
18.637199999999993,1.863719999999999e-05,0.013444666542424155,0.013283845907804074
18.637999999999998,1.8637999999999997e-05,0.04618335588586642,0.012602858120654892
18.638799999999996,1.8638799999999995e-05,0.012536246080382174,0.011925247893705205
18.6396,1.86396e-05,0.018545664731267175,0.011251838846973995
18.6404,1.86404e-05,0.04468766864815443,0.010583433858788524
18.641199999999998,1.8641199999999997e-05,0.01982063093703612,0.009920810391489347
18.642000000000003,1.8642000000000002e-05,0.051238205674556614,0.009264714456025827
18.6428,1.86428e-05,-0.029361355692493096,0.008615853160621292
18.6436,1.86436e-05,0.07742144061440459,0.007974885906680855
18.644399999999997,1.8644399999999997e-05,0.04395949453792225,0.007342414418660605
18.645200000000003,1.8645200000000002e-05,-0.019134581620612656,0.006718971912958539
18.645999999999994,1.8645999999999994e-05,-0.01173331078080364,0.006105011842151146
18.6468,1.86468e-05,-0.017245301916226974,0.005500896791097991
18.647599999999997,1.8647599999999997e-05,0.016484460743691365,0.004906888181839675
18.648400000000002,1.8648400000000003e-05,-0.007460349228150309,0.004323137401126141
18.649199999999993,1.8649199999999994e-05,-0.005561991112447595,0.003749678823347568
18.65,1.865e-05,0.05707153900788664,0.0031864250432346876
18.650799999999997,1.8650799999999994e-05,-0.06015497068865738,0.0026331645107400144
18.651600000000002,1.86516e-05,-0.01581789242439202,0.0020895616827115134
18.652399999999993,1.865239999999999e-05,-0.022584044594210262,0.0015551597439635268
18.6532,1.8653199999999996e-05,0.04234767765995273,0.001029385847280639
18.653999999999996,1.8653999999999995e-05,0.023503109534016575,0.0005115586481781463
18.6548,1.86548e-05,0.0189670602636548,8.977256232165577e-07
18.655599999999993,1.865559999999999e-05,0.007253865876883925,-0.0005034656124841944
18.656399999999998,1.8656399999999996e-05,0.025244863329428546,-0.0010024766032161064
18.657199999999996,1.8657199999999995e-05,-0.032572317834153264,-0.0014971447328411581
18.658,1.8658e-05,0.009822711454183675,-0.0019885311090335547
18.6588,1.8658799999999998e-05,0.051652791824079336,-0.0024777356703144797
18.659599999999998,1.8659599999999997e-05,-0.023741556985361734,-0.002965884381605499
18.660400000000003,1.8660400000000002e-05,0.026874080687445012,-0.0034541165557591506
18.6612,1.86612e-05,-0.005410304169209068,-0.003943572399042164
18.662,1.8662e-05,0.004605015793680223,-0.004435380802966241
18.662799999999997,1.8662799999999997e-05,-0.030905651167453252,-0.004930647332755854
18.663600000000002,1.8663600000000002e-05,-0.01572824167561815,-0.00543044232465424
18.6644,1.86644e-05,-0.012369185793721704,-0.005935789017072579
18.6652,1.86652e-05,0.013671440614404617,-0.006447651715362549
18.665999999999997,1.8665999999999997e-05,0.038798729183266656,-0.006966924109998409
18.666800000000002,1.8666800000000002e-05,0.01791527492699385,-0.007494417973776849
18.6676,1.86676e-05,-0.016537932977469194,-0.0080308524849258
18.6684,1.86684e-05,-0.004411476615465926,-0.008576844336138428
18.669199999999996,1.8669199999999994e-05,-0.018778438462622504,-0.009132898646568856
18.67,1.8670000000000003e-05,-0.02071424588707893,-0.009699400583199378
18.670799999999993,1.867079999999999e-05,0.014413610513275943,-0.010276607571929445
18.671599999999998,1.8671599999999996e-05,0.001115078139989456,-0.010864642024293188
18.672399999999996,1.8672399999999994e-05,-0.047637002377157844,-0.011463484572934845
18.6732,1.86732e-05,-0.0019914811214299943,-0.012072967857329848
18.673999999999992,1.867399999999999e-05,-0.01630907838844131,-0.01269277093443491
18.674799999999998,1.8674799999999996e-05,-0.03791314102918386,-0.0133224144432233
18.675599999999996,1.8675599999999994e-05,0.035966228056795724,-0.013961256743859715
18.6764,1.86764e-05,0.013268769736343944,-0.014608491355646631
18.6772,1.8677199999999998e-05,-0.006949682267046953,-0.015263146085665688
18.677999999999997,1.8677999999999996e-05,-0.034566568250172014,-0.015924084230514394
18.678800000000003,1.86788e-05,0.030445158509885162,-0.016590008146198952
18.6796,1.86796e-05,0.02385376748339174,-0.017259465369132844
18.6804,1.8680399999999998e-05,-0.04651353460319274,-0.017930857377359482
18.681199999999997,1.8681199999999997e-05,-0.014210425092181955,-0.018602450988618277
18.682000000000002,1.8682000000000002e-05,-0.0004180584064060744,-0.01927239228296802
18.6828,1.86828e-05,0.00509109586904255,-0.01993872284883833
18.6836,1.86836e-05,-0.04558979417819142,-0.020599398114011097
18.684399999999997,1.8684399999999997e-05,0.01711182517658516,-0.0212523075091737
18.685200000000002,1.8685200000000002e-05,-0.025231570503054024,-0.021895296185297848
18.686,1.8686e-05,-0.013035512220923806,-0.022526187970313777
18.686799999999998,1.86868e-05,-0.03922442088082123,-0.02314280921876916
18.687599999999996,1.8687599999999997e-05,-0.02422782557218872,-0.023743013184595162
18.6884,1.8688400000000002e-05,-0.04414290368920226,-0.02432470454654341
18.6892,1.8689199999999997e-05,0.015756854464882064,-0.024885863759006806
18.689999999999998,1.8689999999999996e-05,-0.042825570797557444,-0.02542457098313544
18.690799999999996,1.8690799999999994e-05,-0.017678044888713718,-0.025939029438568677
18.6916,1.86916e-05,0.027436004234436484,-0.02642758806845709
18.692399999999992,1.869239999999999e-05,-0.006578219146197495,-0.02688876341768614
18.693199999999997,1.8693199999999996e-05,-0.037874179034875444,-0.0273212605824923
18.693999999999996,1.8693999999999994e-05,-0.026605454380548732,-0.027723992992072222
18.6948,1.86948e-05,-0.03676262653230211,-0.028096100654764623
18.6956,1.8695599999999998e-05,-0.05121867129674007,-0.028436966410533213
18.696399999999997,1.8696399999999996e-05,-0.05720085471330372,-0.028746229730109287
18.697200000000002,1.86972e-05,0.01751392822315323,-0.029023797690011337
18.698,1.8698e-05,0.0002038208178727352,-0.029269852898016507
18.6988,1.8698799999999998e-05,-0.03622207598820748,-0.029484858284662054
18.699599999999997,1.8699599999999996e-05,-0.020886170170299145,-0.02966955873987692
18.700400000000002,1.87004e-05,-0.05224473408483432,-0.029824979539207635
18.7012,1.87012e-05,-0.0032658794957064474,-0.029952421434313897
18.701999999999998,1.8701999999999998e-05,-0.03538174476053779,-0.03005345225412321
18.702799999999996,1.8702799999999997e-05,-0.06913382527768519,-0.030129894891164213
18.7036,1.87036e-05,-0.054513042635731646,-0.030183811605798444
18.7044,1.87044e-05,-0.023260962118584305,-0.03021748466844308
18.705199999999998,1.87052e-05,-0.0034973824333743853,-0.030233393503323987
18.705999999999996,1.8705999999999997e-05,0.01127924818611259,-0.030234188683711694
18.7068,1.8706800000000002e-05,-0.01941431347554068,-0.030222663276874777
18.7076,1.8707599999999997e-05,-0.02348981670771222,-0.03020172206625295
18.708399999999997,1.8708399999999995e-05,-0.04121867129674006,-0.030174349087456358
18.709199999999996,1.8709199999999994e-05,-0.04326928418717402,-0.030143573780927024
18.71,1.871e-05,-0.07579008935864817,-0.030112435978498414
18.7108,1.8710799999999997e-05,-0.030498062912270196,-0.030083949956417916
18.711599999999997,1.8711599999999995e-05,-0.03429042959804607,-0.030061067910951585
18.712399999999995,1.8712399999999994e-05,-0.008953011094482766,-0.030046643413427193
18.7132,1.87132e-05,0.0024221969572619795,-0.030043395613750027
18.714,1.8713999999999997e-05,0.03254929701465936,-0.030053875106458714
18.714799999999997,1.8714799999999996e-05,-0.006400241822869912,-0.030080432394266075
18.715600000000002,1.87156e-05,-0.042266863430628576,-0.030125189764201987
18.7164,1.87164e-05,-0.018128756172599902,-0.030190017166050683
18.7172,1.8717199999999998e-05,0.013836934834747683,-0.030276512437451504
18.717999999999996,1.8717999999999996e-05,-0.021935874989842286,-0.0303859860360352
18.7188,1.87188e-05,-0.05277053249746233,-0.030519450322612513
18.7196,1.87196e-05,-0.016989400604282667,-0.030677613344336
18.720399999999998,1.8720399999999998e-05,-0.003395248581716026,-0.030860876980815972
18.721199999999996,1.8721199999999996e-05,-0.022875503209095593,-0.031069339267110366
18.722,1.8722e-05,-0.03900180784313567,-0.03130280069125229
18.7228,1.87228e-05,-0.03888000448288842,-0.03156077424093007
18.723599999999998,1.8723599999999998e-05,-0.023418134270337676,-0.03184249893748694
18.724399999999996,1.8724399999999996e-05,-0.01577628208144355,-0.032146956581800265
18.7252,1.87252e-05,0.004165274926993923,-0.032472891461185906
18.726,1.8725999999999997e-05,-0.013166393992688152,-0.03281883279154216
18.726799999999997,1.8726799999999995e-05,0.019806635148426954,-0.03318311963938403
18.727599999999995,1.8727599999999993e-05,-0.0501300044828884,-0.03356392795734188
18.7284,1.87284e-05,-0.09054591480666097,-0.033959299192410204
18.7292,1.8729199999999997e-05,-0.05403509611749424,-0.034367169754988415
18.729999999999997,1.8729999999999995e-05,-0.012859615414843484,-0.034785400566373297
18.730799999999995,1.8730799999999994e-05,-0.04567604023549787,-0.035211805992141465
18.7316,1.87316e-05,-0.05434187469533891,-0.03564418166949647
18.7324,1.8732399999999997e-05,-0.004720335710457935,-0.036080330935717046
18.733199999999997,1.8733199999999995e-05,-0.010149485480042575,-0.036518089700294916
18.734,1.8734e-05,-0.0770213647043213,-0.0369553496806209
18.7348,1.87348e-05,-0.01475229981059667,-0.037390079952053
18.735599999999998,1.8735599999999997e-05,0.013277091804933638,-0.03782034676028515
18.736399999999996,1.8736399999999996e-05,-0.036529610908879406,-0.03824433153274781
18.7372,1.87372e-05,-0.05039157951488227,-0.03866034700428677
18.738,1.8738e-05,-0.03706940511014678,-0.03906685131162804
18.738799999999998,1.8738799999999998e-05,-0.051578219146197535,-0.039462459827520044
18.739599999999996,1.8739599999999996e-05,-0.046482326845981525,-0.039845954464395185
18.7404,1.87404e-05,-0.05425846549800739,-0.040216290214707455
18.7412,1.87412e-05,-0.03291446520350394,-0.040572598791606164
18.741999999999997,1.8741999999999998e-05,-0.029816984353601472,-0.0409141893561709
18.742799999999995,1.8742799999999996e-05,-0.025390823172054877,-0.04124054643827239
18.7436,1.87436e-05,-0.05780325294042854,-0.04155132524832252
18.7444,1.87444e-05,-0.035477825572188704,-0.04184634461989732
18.745199999999997,1.8745199999999995e-05,-0.032707928471604975,-0.04212557783433726
18.745999999999995,1.8745999999999993e-05,-0.007565319939883519,-0.04238914159068824
18.7468,1.8746799999999998e-05,-0.04097033571045794,-0.04263728340382124
18.7476,1.8747599999999996e-05,-0.0367111814350094,-0.04287036771050615
18.748399999999997,1.8748399999999995e-05,-0.04914782106632465,-0.0430888609167409
18.749199999999995,1.8749199999999993e-05,-0.06934811624678117,-0.04329331555473938
18.75,1.875e-05,-0.0530814721096019,-0.0434843536869453
18.750799999999998,1.8750799999999997e-05,0.013871735794861118,-0.043662649732536966
18.751599999999996,1.8751599999999995e-05,-0.0355627474552751,-0.043828912986513056
18.7524,1.87524e-05,-0.06667278727209358,-0.04398387018911223
18.7532,1.87532e-05,-0.035858367104555255,-0.04412824852043401
18.754000000000005,1.8754000000000004e-05,-0.03438499772404213,-0.04426275935170951
18.754799999999996,1.8754799999999995e-05,0.020628809553162375,-0.04438808304853377
18.7556,1.87556e-05,-0.023639423133703263,-0.04450485511372498
18.7564,1.87564e-05,-0.079460084852784,-0.044613653918078436
18.757200000000005,1.8757200000000004e-05,-0.06793054150929068,-0.04471499014933128
18.757999999999996,1.8757999999999996e-05,-0.011809910595300233,-0.044809297967500765
18.7588,1.87588e-05,-0.03957148562729418,-0.04489692779260998
18.7596,1.87596e-05,-0.005998138776301842,-0.044978140692710195
18.760399999999997,1.8760399999999997e-05,-0.009833060659288129,-0.045053104399464354
18.761199999999995,1.8761199999999996e-05,-0.05614566468514559,-0.045121890960492475
18.762,1.8762e-05,-0.06693852333838235,-0.0451844759270393
18.7628,1.87628e-05,-0.047942268269247856,-0.04524073883296959
18.763599999999997,1.8763599999999994e-05,-0.03278377194317428,-0.04529046463228163
18.764399999999995,1.8764399999999993e-05,-0.031869109929690276,-0.04533334577278017
18.7652,1.8765199999999998e-05,-0.08276712780599504,-0.04536898466068916
18.766,1.8765999999999996e-05,-0.03380832204551387,-0.04539689634975458
18.766799999999996,1.8766799999999995e-05,-0.022108367104555215,-0.04541651134872356
18.767599999999995,1.8767599999999993e-05,-0.06791862623779876,-0.0454271785056176
18.7684,1.8768399999999998e-05,-0.06269885006018794,-0.045428168000447675
18.769199999999998,1.8769199999999996e-05,-0.01591548592179759,-0.04541867454324256
18.769999999999996,1.8769999999999995e-05,-0.013388250687446424,-0.04539782093484456
18.7708,1.87708e-05,-0.017961937777936643,-0.04536466220711084
18.7716,1.8771599999999998e-05,-0.059140823172054824,-0.04531819057723356
18.772400000000005,1.8772400000000003e-05,-0.06285677855476879,-0.04525734138910321
18.773199999999996,1.8773199999999995e-05,-0.06277261301460979,-0.045181000109410376
18.774,1.8774e-05,-0.02737618368799144,-0.045088010388418656
18.7748,1.87748e-05,-0.027234899330489948,-0.04497718323685633
18.775600000000004,1.8775600000000004e-05,-0.00496999547106014,-0.044847307473312614
18.776399999999995,1.8776399999999995e-05,-0.0069317139555475915,-0.04469716167082072
18.7772,1.87772e-05,-0.03844669367900899,-0.044525527806828544
18.778,1.8778e-05,-0.06559811624678114,-0.04433120668983122
18.778800000000004,1.8778800000000004e-05,-0.0029417004378552436,-0.044113035052931376
18.779599999999995,1.8779599999999995e-05,-0.048608026865057274,-0.04386990404860095
18.7804,1.87804e-05,-0.032925624132068454,-0.0436007787918736
18.7812,1.87812e-05,-0.08293735089212562,-0.043304718561134506
18.781999999999996,1.8781999999999994e-05,0.0019414135790197795,-0.04298089724684263
18.782799999999995,1.8782799999999992e-05,-0.03643977164867085,-0.042628623644473854
18.7836,1.8783599999999997e-05,-0.014956188193855469,-0.04224736122197804
18.784399999999998,1.8784399999999996e-05,-0.05855866228501183,-0.04183674701484449
18.785199999999996,1.8785199999999994e-05,-0.07384104248848,-0.04139660927640477
18.785999999999994,1.8785999999999993e-05,-0.025090474657087358,-0.04092698346446493
18.7868,1.8786799999999998e-05,-0.03871167340247039,-0.04042812614625475
18.787599999999998,1.8787599999999996e-05,-0.033466174676163196,-0.03990052648040422
18.788399999999996,1.8788399999999994e-05,-0.011230398056797153,-0.03934491504314331
18.789199999999994,1.8789199999999993e-05,-0.023975328951611807,-0.03876226984058102
18.79,1.8789999999999998e-05,-0.04031989707760786,-0.03815381935966214
18.790800000000004,1.8790800000000003e-05,-0.054266031223769606,-0.03752104246779652
18.791599999999995,1.8791599999999995e-05,-0.055878415933101944,-0.03686566491291506
18.7924,1.87924e-05,-0.04886752138000372,-0.0361896521563058
18.7932,1.8793199999999998e-05,-0.02803267536094911,-0.0354951983313256
18.794000000000004,1.8794000000000003e-05,-0.0028193292461151653,-0.0347847112550078
18.794799999999995,1.8794799999999995e-05,-0.03855374490778962,-0.03406079357085271
18.7956,1.87956e-05,-0.06671666664362419,-0.033326220204874066
18.7964,1.87964e-05,0.00015729309780210254,-0.03258391235422943
18.797200000000004,1.8797200000000004e-05,-0.028093198869658997,-0.03183690824073123
18.797999999999995,1.8797999999999995e-05,-0.05787134217480072,-0.031088330896906786
18.7988,1.87988e-05,-0.0343335526267492,-0.03034135330791262
18.799599999999998,1.87996e-05,-0.006846792072461194,-0.029599161290384566
18.800400000000003,1.8800400000000004e-05,-0.03744427292246355,-0.028864914557813714
18.801199999999994,1.8801199999999992e-05,-0.008791677908334461,-0.028141706504358287
18.802,1.8801999999999997e-05,-0.01644052799159834,-0.027432523305396084
18.802799999999998,1.8802799999999996e-05,-0.044522688878641414,-0.02674020295893038
18.803599999999996,1.8803599999999994e-05,-0.02759728403992212,-0.02606739488754102
18.804399999999994,1.8804399999999992e-05,0.014927682165846723,-0.02541652071568554
18.8052,1.8805199999999997e-05,0.012949319544179883,-0.02478973685015659
18.805999999999997,1.8805999999999996e-05,-0.03925695281225261,-0.02418889950079288
18.806799999999996,1.8806799999999994e-05,0.014995203568856419,-0.023615532734797492
18.807599999999994,1.8807599999999993e-05,-0.03169094409502782,-0.023070800047389907
18.8084,1.8808399999999998e-05,-0.03340281430747838,-0.02255547979988145
18.809200000000004,1.8809200000000003e-05,-0.01883063990274292,-0.022069944777995315
18.809999999999995,1.8809999999999994e-05,-0.008857686625659333,-0.02161414608180868
18.8108,1.88108e-05,-0.01021284584872717,-0.021187601570595224
18.8116,1.8811599999999998e-05,-0.017358783207984563,-0.020789389123663148
18.812400000000004,1.8812400000000003e-05,0.037352595037104974,-0.020418145001029963
18.813199999999995,1.8813199999999995e-05,-0.034691208470394086,-0.02007206756790078
18.814,1.8814e-05,0.01980190628270939,-0.019748926577172747
18.814799999999998,1.8814799999999998e-05,-0.00702893043008368,-0.01944607808994015
18.815600000000003,1.8815600000000003e-05,0.011056635148426919,-0.019160484973713955
18.816399999999994,1.8816399999999995e-05,-0.012703011094482686,-0.018888742772099818
18.8172,1.88172e-05,-0.00865114989376048,-0.01862711059432531
18.817999999999998,1.8818e-05,-0.01555083218378317,-0.018371546532413463
18.818800000000003,1.8818800000000004e-05,-0.01646000898875244,-0.018117746995531245
18.819599999999994,1.8819599999999992e-05,-0.05522740946875926,-0.01786118927567288
18.8204,1.8820399999999997e-05,-0.01766272492575438,-0.017597176639015815
18.821199999999997,1.8821199999999995e-05,-0.009110939589063616,-0.017320885282271985
18.822000000000003,1.8822e-05,-0.00932523055815948,-0.017027412600398372
18.822799999999994,1.8822799999999992e-05,-0.0019156376497607708,-0.016711826344763425
18.8236,1.8823599999999997e-05,-0.03218194154754228,-0.016369214353069886
18.824399999999997,1.8824399999999995e-05,0.04822905139910816,-0.015994734575563295
18.825200000000002,1.88252e-05,-0.007145816413208772,-0.01558366511689828
18.825999999999993,1.8825999999999992e-05,-0.025632917206894645,-0.015131453969441523
18.8268,1.8826799999999997e-05,0.025815297456444508,-0.014633768026403406
18.827600000000004,1.8827600000000002e-05,-0.011550416080353676,-0.014086540845583587
18.828399999999995,1.8828399999999994e-05,-0.046787592738071204,-0.013486018524774346
18.8292,1.88292e-05,-0.05283446069763986,-0.01282880297652015
18.83,1.8829999999999998e-05,-0.021018187604848637,-0.012111891877542816
18.830800000000004,1.8830800000000003e-05,-0.029451194952701765,-0.01133271465672268
18.831599999999995,1.8831599999999994e-05,0.04448113191625547,-0.010489164085054289
18.8324,1.88324e-05,0.008302058010702495,-0.00957962327317814
18.833199999999998,1.8833199999999998e-05,-0.05993027713382437,-0.008602988059673541
18.834000000000003,1.8834000000000003e-05,0.06061216541598302,-0.007558684829573859
18.834799999999994,1.8834799999999995e-05,0.030560720318720147,-0.00644668377205293
18.8356,1.88356e-05,-0.048096035729633835,-0.005267507532157692
18.836399999999998,1.8836399999999998e-05,0.0021502193395008806,-0.004022235145610696
18.837200000000003,1.8837200000000003e-05,0.019022098563779788,-0.0027125010627837686
18.837999999999994,1.883799999999999e-05,0.019980639948824375,-0.0013404890088606538
18.8388,1.8838799999999997e-05,-0.0692584654980074,9.107957517213452e-05
18.839599999999997,1.8839599999999995e-05,-0.019966402268157935,0.0015789627362837893
18.840400000000002,1.88404e-05,-0.027097208175890675,0.00311942102626451
18.841199999999994,1.884119999999999e-05,0.04785966879540615,0.004708246359784646
18.842,1.8841999999999997e-05,0.03738115444574619,0.006340796502521465
18.842799999999997,1.8842799999999995e-05,-0.03602310498207084,0.008012034732646492
18.843600000000002,1.88436e-05,0.016643145581199725,0.009716574078352911
18.844399999999993,1.8844399999999992e-05,0.018818210180450823,0.011448725503388959
18.8452,1.8845199999999997e-05,-0.0033610154530953062,0.013202549401733862
18.845999999999997,1.8845999999999995e-05,0.020539158804388613,0.014971909706659873
18.8468,1.88468e-05,0.04841610713382283,0.01675052983228755
18.8476,1.88476e-05,0.03314072482462427,0.018532049587945673
18.848399999999998,1.8848399999999997e-05,0.0513870557577506,0.020310082166910413
18.849200000000003,1.8849200000000002e-05,0.054104751418253993,0.022078270336311847
18.849999999999994,1.8849999999999994e-05,0.013553230456989418,0.02383034105365078
18.8508,1.88508e-05,0.04304823721583573,0.025560157885146425
18.851599999999998,1.8851599999999998e-05,0.05902966428951206,0.027261770758467616
18.852400000000003,1.8852400000000003e-05,0.018842608554797358,0.028929462710679577
18.853199999999994,1.8853199999999994e-05,-0.0036615524794975096,0.0305577933843808
18.854,1.8854e-05,0.05534926620966907,0.032141639087354526
18.854799999999997,1.8854799999999998e-05,0.043984460743691445,0.03367622924891739
18.855600000000003,1.8855600000000003e-05,0.060272666395202346,0.035157179066517226
18.856399999999994,1.885639999999999e-05,0.03209234417936102,0.036580518077358765
18.8572,1.88572e-05,0.04777209856377973,0.037942714373223996
18.857999999999997,1.8857999999999995e-05,0.03260376748339178,0.03924069421383042
18.858800000000002,1.88588e-05,0.058541315185537623,0.04047185684367732
18.859599999999993,1.885959999999999e-05,0.060984384879689824,0.041634084343271406
18.8604,1.8860399999999996e-05,0.042544568148971895,0.042725746351775847
18.861199999999997,1.8861199999999995e-05,0.07778666218381158,0.043745699512859684
18.862000000000002,1.8862e-05,0.11370340471447626,0.044693281541412215
18.862799999999993,1.886279999999999e-05,0.07767261306069151,0.04556829990035175
18.863599999999998,1.8863599999999997e-05,0.04107687248847858,0.04637101523805668
18.864399999999996,1.8864399999999995e-05,0.06661799086399589,0.04710211998024839
18.8652,1.88652e-05,0.02821373143621886,0.04776271274713558
18.866,1.8866e-05,0.03505364656041898,0.04835426948524262
18.866799999999998,1.8866799999999997e-05,0.024150143475499264,0.04887861230325319
18.867600000000003,1.8867600000000002e-05,0.02283886362393195,0.04933787697983642
18.8684,1.88684e-05,0.08573321243340293,0.049734479991837784
18.8692,1.88692e-05,0.03277625959807462,0.05007108572908569
18.869999999999997,1.8869999999999997e-05,0.07526510066948,0.05035057437501136
18.870800000000003,1.8870800000000002e-05,0.02123272046597191,0.05057601079839155
18.871599999999994,1.8871599999999994e-05,0.057895226098347075,0.050750614734236706
18.8724,1.88724e-05,0.039680859265289525,0.050877732492837675
18.873199999999997,1.8873199999999997e-05,0.06493184320014167,0.05096081037999402
18.874000000000002,1.8874000000000003e-05,0.05397405815795431,0.051003369928510366
18.874799999999993,1.8874799999999994e-05,0.04502168246035021,0.05100898495479856
18.8756,1.88756e-05,0.08399770018943331,0.05098126039063203
18.876399999999997,1.8876399999999994e-05,0.01700136925630713,0.05092381280447162
18.877200000000002,1.88772e-05,0.05457986107647639,0.05084025250849716
18.877999999999993,1.887799999999999e-05,0.06350027267401193,0.050734167128212194
18.8788,1.8878799999999996e-05,0.07202425494492859,0.05060910647304169
18.879599999999996,1.8879599999999995e-05,0.04764197313491281,0.05046856849257283
18.8804,1.88804e-05,0.07928008039294143,0.05031598606777477
18.881199999999993,1.888119999999999e-05,0.07596830857394299,0.05015471439785463
18.881999999999998,1.8881999999999996e-05,0.051593024658226794,0.04998801879854187
18.882799999999996,1.8882799999999995e-05,0.052622492137718635,0.04981906281218754
18.8836,1.88836e-05,0.04693592837043503,0.049650896628738624
18.8844,1.8884399999999998e-05,0.04491103802866736,0.04948644589984989
18.885199999999998,1.8885199999999997e-05,0.03455697538785485,0.049328501063134376
18.886000000000003,1.8886000000000002e-05,0.06384752593194953,0.049179707269789985
18.8868,1.88868e-05,0.08723987008827461,0.04904255494256996
18.8876,1.88876e-05,0.029907633337230122,0.04891937091652004
18.888399999999997,1.8888399999999997e-05,0.03835501579368017,0.04881231007338617
18.889200000000002,1.8889200000000002e-05,0.06286382982970096,0.04872334738471434
18.89,1.889e-05,0.08489571806577811,0.04865427029211037
18.8908,1.88908e-05,0.0329466711956099,0.04860667134190345
18.891599999999997,1.8891599999999997e-05,0.12926967780720444,0.04858194097866513
18.892400000000002,1.8892400000000002e-05,-0.0077258967830744485,0.04858126043607356
18.893199999999993,1.8893199999999994e-05,0.07196240726192871,0.04860559475467008
18.894,1.8894e-05,0.04782146314389524,0.048655686065161616
18.894799999999996,1.8894799999999994e-05,0.07200136925630707,0.048732047349014894
18.8956,1.8895600000000003e-05,0.05921955688423153,0.04883495690490845
18.896399999999993,1.889639999999999e-05,0.026471977640807,0.048964453743294174
18.897199999999998,1.8897199999999996e-05,0.05061916331028271,0.04912033414000492
18.897999999999996,1.8897999999999994e-05,0.05668759278415292,0.049302149592860646
18.8988,1.88988e-05,0.06503700242323962,0.04950920640612729
18.899599999999992,1.889959999999999e-05,0.0403500225525264,0.04974056707383222
18.900399999999998,1.8900399999999996e-05,0.07435251917310337,0.049995053580400614
18.901199999999996,1.8901199999999994e-05,0.05773029970939669,0.05027125271349306
18.902,1.8902e-05,0.012331789865630771,0.05056752348540519
18.9028,1.8902799999999998e-05,0.036527583772364536,0.050882006764983057
18.903599999999997,1.8903599999999996e-05,0.044373324344577525,0.05121263719870407
18.904400000000003,1.89044e-05,0.08998688150026668,0.05155715741168542
18.9052,1.89052e-05,0.05822564670767061,0.051913134334212074
18.906,1.8905999999999998e-05,0.05878000452893983,0.05227797736630639
18.906799999999997,1.8906799999999997e-05,0.10009260855479729,0.0526489580418156
18.907600000000002,1.8907600000000002e-05,0.028188765230449775,0.05302323089121804
18.9084,1.89084e-05,0.04607063093703612,0.05339785528721262
18.9092,1.89092e-05,0.05606022835129909,0.05376981814161867
18.909999999999997,1.8909999999999997e-05,0.09556563769587934,0.05413605736525301
18.910800000000002,1.8910800000000002e-05,0.06450553029060191,0.05449348599108593
18.9116,1.89116e-05,0.03757520807476056,0.054839016836424476
18.912399999999998,1.89124e-05,0.042873664584015536,0.0551695875954058
18.913199999999996,1.8913199999999997e-05,0.0419540851933391,0.05548218629696648
18.914,1.8914000000000002e-05,0.05644493091789038,0.055773877067473526
18.9148,1.8914799999999997e-05,0.0476502952035025,0.05604182606063534
18.915599999999998,1.8915599999999996e-05,0.08079997749355516,0.05628332728605118
18.916399999999996,1.8916399999999994e-05,0.059648138822353425,0.05649582793668585
18.9172,1.89172e-05,0.07574021032770262,0.0566769527254343
18.917999999999992,1.891799999999999e-05,0.10865895751152,0.05682452670963699
18.918799999999997,1.8918799999999996e-05,0.035619919653150145,0.05693659611310581
18.919599999999996,1.8919599999999994e-05,0.0738356106604976,0.057011446741862634
18.9204,1.89204e-05,0.0619088816475184,0.05704761970933779
18.9212,1.8921199999999998e-05,0.026435852506443425,0.057043924294485314
18.921999999999997,1.8921999999999996e-05,0.11289938713264192,0.05699944781210361
18.922800000000002,1.89228e-05,0.02809003607021876,0.05691356237535942
18.9236,1.89236e-05,0.10513081420631132,0.05678592840723038
18.9244,1.8924399999999998e-05,0.09702009391063393,0.0566164947512377
18.925199999999997,1.8925199999999996e-05,0.07561783913600262,0.05640549527474488
18.926000000000002,1.8926e-05,0.06798638953284564,0.05615344196867278
18.9268,1.89268e-05,0.06464189727091119,0.055861114721788986
18.927599999999998,1.8927599999999998e-05,0.027448675848755766,0.055529548144430806
18.928399999999996,1.8928399999999997e-05,0.05220242077962112,0.0551600159702603
18.9292,1.89292e-05,0.02159926620966901,0.054754013626162695
18.93,1.893e-05,0.08225802691117878,0.05431323951742436
18.930799999999998,1.89308e-05,0.05722606281110021,0.053839575452057364
18.931599999999996,1.8931599999999997e-05,0.030721485673375848,0.053335066479019075
18.9324,1.8932400000000002e-05,0.07037158406686805,0.05280190029584928
18.9332,1.8933199999999997e-05,0.05545499326419956,0.05224238630715082
18.933999999999997,1.8933999999999995e-05,0.06654990162955354,0.05165893436340826
18.934799999999996,1.8934799999999994e-05,0.08919950805561472,0.051054033167687744
18.9356,1.89356e-05,0.012504849811736052,0.05043022832462637
18.9364,1.8936399999999997e-05,0.0324193600972571,0.04979010003461735
18.937199999999997,1.8937199999999995e-05,0.09706945849073934,0.049136240476263617
18.937999999999995,1.8937999999999994e-05,0.10117144061440464,0.048471230923143184
18.9388,1.89388e-05,0.06870491740019813,0.04779761861417757
18.9396,1.8939599999999997e-05,0.006036586319810078,0.04711789342249757
18.940399999999997,1.8940399999999996e-05,0.052555727077566394,0.046434464496168046
18.941200000000002,1.89412e-05,0.05113739599718847,0.04574963720433401
18.942,1.8942e-05,0.060155212580654704,0.045065590799484516
18.9428,1.8942799999999998e-05,0.07866519906296232,0.04438435718024732
18.943599999999996,1.8943599999999996e-05,-0.0034973824333743853,0.04370780108788705
18.9444,1.89444e-05,0.0681929262647446,0.04303760206011727
18.9452,1.89452e-05,0.010291579560963937,0.04237523848428986
18.945999999999998,1.8945999999999998e-05,0.0336965953316084,0.04172197408033606
18.946799999999996,1.8946799999999996e-05,0.11090154351378789,0.041078847071451804
18.9476,1.89476e-05,0.019123664584015487,0.04044666219447873
18.9484,1.89484e-05,0.01807679662447681,0.039825985623200916
18.949199999999998,1.8949199999999998e-05,0.03276718118662747,0.03921714286301802
18.949999999999996,1.8949999999999996e-05,0.06276869387234219,0.038620219688221435
18.9508,1.89508e-05,0.043534505802662604,0.03803506616409763
18.9516,1.8951599999999997e-05,0.02254116345753443,0.037461303718782875
18.952399999999997,1.8952399999999995e-05,-0.010168210134369304,0.0368983351577355
18.953199999999995,1.8953199999999993e-05,0.07072148567337577,0.03634535746229912
18.954,1.8954e-05,0.013981812395121307,0.035801377135828705
18.9548,1.8954799999999997e-05,0.06778042063236944,0.03526522772966692
18.955599999999997,1.8955599999999995e-05,0.03713489937661163,0.03473558904037806
18.956399999999995,1.8956399999999994e-05,0.050943342368174105,0.034211007380594065
18.9572,1.89572e-05,0.10737131969143165,0.033689916309787106
18.958,1.8957999999999997e-05,0.013776599837502457,0.03317065726147685
18.958799999999997,1.8958799999999995e-05,-0.005749046847092432,0.03265149961512995
18.959600000000002,1.89596e-05,0.03483519455706818,0.032130659908787225
18.9604,1.89604e-05,0.0895486533192652,0.03160631999725894
18.961199999999998,1.8961199999999997e-05,0.053103843347393376,0.031076643970557146
18.961999999999996,1.8961999999999996e-05,0.04533470258963712,0.03053979360763928
18.9628,1.89628e-05,0.03252092611749291,0.029993942165262175
18.9636,1.89636e-05,0.017720653466516856,0.02943728642590572
18.964399999999998,1.8964399999999998e-05,0.041426774094986296,0.02886805707743483
18.965199999999996,1.8965199999999996e-05,0.029664782959532898,0.02828452758662269
18.966,1.8966e-05,0.0612745193203551,0.027685021743731622
18.9668,1.89668e-05,0.028946255092180406,0.027067920038244465
18.967599999999997,1.8967599999999998e-05,0.045439673301300276,0.02643166502767488
18.968399999999995,1.8968399999999996e-05,0.011217400503082509,0.025774765904427364
18.9692,1.89692e-05,0.007328953005655836,0.025095802531808212
18.97,1.897e-05,0.012376993411451376,0.02439342926539783
18.970799999999997,1.8970799999999995e-05,-0.00015705120577480525,0.023666378857431895
18.971599999999995,1.8971599999999993e-05,0.0831602058218085,0.022913466645027452
18.9724,1.8972399999999998e-05,0.01722190177680527,0.022133595078902536
18.9732,1.8973199999999996e-05,-0.0002788545660520336,0.021325758525565962
18.973999999999997,1.8973999999999995e-05,0.009826116145581043,0.02048904822483548
18.974799999999995,1.8974799999999993e-05,0.03244167795445607,0.01962265728349835
18.9756,1.89756e-05,0.05220166443676377,0.018725885563751547
18.976399999999998,1.8976399999999997e-05,0.033804402903286346,0.017798144260068788
18.977199999999996,1.8977199999999995e-05,0.032881230309737774,0.01683895990926143
18.978,1.8978e-05,0.014587615313643498,0.015847977605631038
18.9788,1.89788e-05,0.02953541387352321,0.014824963287389439
18.979600000000005,1.8979600000000004e-05,0.023592948794225244,0.013769805066368468
18.980399999999996,1.8980399999999995e-05,-0.011656143134914254,0.012682513648873189
18.9812,1.89812e-05,-0.008285928324353264,0.011563221932685191
18.982,1.8982e-05,0.026117914999994274,0.010412183859618035
18.982800000000005,1.8982800000000004e-05,0.06692476944184056,0.009229772543975936
18.983599999999996,1.8983599999999996e-05,0.005685928370404936,0.008016477606657392
18.9844,1.89844e-05,0.032290747354104976,0.00677290159532913
18.9852,1.89852e-05,0.015207414020774968,0.005499755421749645
18.985999999999997,1.8985999999999997e-05,-0.00018144958008114997,0.00419785287584855
18.986799999999995,1.8986799999999996e-05,-0.004153306274909507,0.00286810441026934
18.9876,1.89876e-05,0.008498948499691794,0.0015115104763086156
18.9884,1.89884e-05,0.0034552576396259527,0.00012915471821053556
18.989199999999997,1.8989199999999994e-05,0.016848358138808472,-0.0012778026906558534
18.989999999999995,1.8989999999999993e-05,-0.0047042594047712605,-0.002708131327786434
18.9908,1.8990799999999998e-05,-0.01326644732719906,-0.004160536203098955
18.9916,1.8991599999999996e-05,-0.008972492091636863,-0.005633662634534225
18.992399999999996,1.8992399999999995e-05,-0.0195185278443466,-0.007126100121235454
18.993199999999995,1.8993199999999993e-05,-0.012369185793721704,-0.008636385062106906
18.994,1.8993999999999998e-05,0.003931691472148446,-0.010163002252398478
18.994799999999998,1.8994799999999996e-05,0.016843440761656225,-0.011704385196700038
18.995599999999996,1.8995599999999995e-05,0.0069060447875136655,-0.013258915365952882
18.9964,1.89964e-05,-0.04763757020855064,-0.014824920559684093
18.9972,1.8997199999999998e-05,-0.01716038003324072,-0.01640067250373344
18.998000000000005,1.8998000000000003e-05,-0.023460500956213548,-0.017984383764347474
18.998799999999996,1.8998799999999995e-05,-0.007212581473360902,-0.01957420405953355
18.9996,1.89996e-05,-0.006399485480042544,-0.02116821611717849
19.0004,1.90004e-05,-0.026143395656563317,-0.022764431320177674
19.001200000000004,1.9001200000000004e-05,-0.022122174381659754,-0.024360785436976534
19.001999999999995,1.9001999999999995e-05,-0.0418237178724048,-0.025955134752074383
19.0028,1.90028e-05,-0.04089997744750362,-0.027545252917941868
19.0036,1.90036e-05,0.025993463291146823,-0.029128828884664386
19.004400000000004,1.9004400000000004e-05,-0.03768144958008113,-0.03070346633133727
19.005199999999995,1.9005199999999996e-05,0.02211957941371212,-0.03226668508308144
19.006,1.9006e-05,-0.06353010287634064,-0.033815924993432195
19.0068,1.90068e-05,-0.029196429303542604,-0.03534855268945609
19.007599999999996,1.9007599999999994e-05,-0.01704368256155031,-0.03686187146390466
19.008399999999995,1.9008399999999992e-05,-0.009603449727332958,-0.03835313451760228
19.0092,1.9009199999999998e-05,0.02353507363409535,-0.039819561717207165
19.009999999999998,1.9009999999999996e-05,-0.02593061737322211,-0.04125835998260059
19.010799999999996,1.9010799999999994e-05,-0.010307413974723234,-0.04266674728612676
19.011599999999994,1.9011599999999993e-05,-0.02069268437267735,-0.044041980019103255
19.0124,1.9012399999999998e-05,-0.05637792396574093,-0.045381383209400016
19.013199999999998,1.9013199999999996e-05,-0.05252427742832777,-0.046682382825262055
19.013999999999996,1.9013999999999994e-05,-0.060563315286667696,-0.04794253922351101
19.014799999999994,1.9014799999999993e-05,-0.05596333781618834,-0.04915958072100228
19.0156,1.9015599999999998e-05,-0.06458113187020398,-0.05033143628983785
19.016400000000004,1.9016400000000003e-05,-0.0437839236712374,-0.05145626647424009
19.017199999999995,1.9017199999999995e-05,-0.04451644732719906,-0.052532491759546565
19.018,1.9018e-05,-0.08853350756780798,-0.053558817755255665
19.0188,1.9018799999999998e-05,-0.049143660032029746,-0.054534256665006844
19.019600000000004,1.9019600000000003e-05,-0.05380832204551389,-0.05545814461389062
19.020399999999995,1.9020399999999995e-05,-0.04591321689321548,-0.05633015450948777
19.0212,1.90212e-05,-0.05839165537891389,-0.05715030422746501
19.022,1.9022e-05,-0.08019676954304056,-0.057918960007559014
19.022800000000004,1.9022800000000004e-05,-0.07260768662565942,-0.05863683500967799
19.023599999999995,1.9023599999999995e-05,-0.04007572252562064,-0.059304983041940644
19.0244,1.90244e-05,-0.0611935165795362,-0.059924787566735874
19.025199999999998,1.90252e-05,-0.05530533345757582,-0.0604979462089939
19.026000000000003,1.9026000000000004e-05,-0.06672990608933616,-0.0610264510910126
19.026799999999994,1.9026799999999992e-05,-0.042748214640233484,-0.06151256537696443
19.0276,1.9027599999999997e-05,-0.07294586147214999,-0.061958796442193556
19.028399999999998,1.9028399999999996e-05,-0.07618595085387403,-0.062367866109767904
19.029199999999996,1.9029199999999994e-05,-0.06898365102020154,-0.06274267843051942
19.029999999999994,1.9029999999999992e-05,-0.053424375821779946,-0.06308628553573131
19.0308,1.9030799999999997e-05,-0.021811234769520293,-0.06340185217341326
19.031599999999997,1.9031599999999996e-05,-0.06021625054019464,-0.06369261962694556
19.032399999999996,1.9032399999999994e-05,-0.04274480994886598,-0.06396186975593073
19.033199999999994,1.9033199999999993e-05,-0.06279833556320624,-0.06421288986053142
19.034,1.9033999999999998e-05,-0.039182622026438074,-0.06444893897417381
19.034800000000004,1.9034800000000003e-05,-0.025704599644169268,-0.06467321608252162
19.035599999999995,1.9035599999999994e-05,-0.0672188230248032,-0.06488883066820521
19.0364,1.90364e-05,-0.06903169142602694,-0.06509877587452637
19.0372,1.9037199999999998e-05,-0.0652100089887524,-0.06530590446022623
19.038000000000004,1.9038000000000003e-05,-0.05006323942273605,-0.06551290761376825
19.038799999999995,1.9038799999999995e-05,-0.04671250560932938,-0.06572229664667231
19.0396,1.90396e-05,-0.033219919607028525,-0.06593638758089039
19.040399999999998,1.9040399999999998e-05,-0.050779686772911004,-0.0661572886322861
19.041200000000003,1.9041200000000003e-05,-0.09171799081794418,-0.06638689052852904
19.041999999999994,1.9041999999999995e-05,-0.07987391465940918,-0.06662685949300226
19.0428,1.90428e-05,-0.09267936906293384,-0.06687863263516264
19.043599999999998,1.90436e-05,-0.048624671002236663,-0.06714341548076669
19.044400000000003,1.9044400000000004e-05,-0.04052227277521192,-0.06742218147094628
19.045199999999994,1.9045199999999992e-05,-0.047630004482888344,-0.06771567340055007
19.046,1.9045999999999997e-05,-0.03772948998590664,-0.06802440686198893
19.046799999999998,1.9046799999999995e-05,-0.04676962442657184,-0.0683486757526335
19.047600000000003,1.90476e-05,-0.07362050996794178,-0.06868855979786528
19.048399999999994,1.9048399999999992e-05,-0.05995543185102814,-0.06904393388772315
19.0492,1.9049199999999997e-05,-0.07681823266388998,-0.06941447887960014
19.049999999999997,1.9049999999999995e-05,-0.05007988355991555,-0.06979969342399837
19.050800000000002,1.90508e-05,-0.12728010287634062,-0.07019890633735659
19.051599999999993,1.9051599999999992e-05,-0.033999727325988105,-0.07061128906472207
19.0524,1.9052399999999997e-05,-0.056192192405316255,-0.07103586783484749
19.053199999999997,1.9053199999999996e-05,-0.09558563314389668,-0.07147153519856585
19.053999999999995,1.9053999999999994e-05,-0.0992312302636561,-0.07191706072643857
19.0548,1.90548e-05,-0.08496375391961786,-0.07237110070508673
19.0556,1.9055599999999998e-05,-0.051670138923553655,-0.072832206748276
19.056400000000004,1.9056400000000003e-05,-0.0774881522939942,-0.07329883336975954
19.057199999999995,1.9057199999999994e-05,-0.0677726130146098,-0.07376934472475129
19.058,1.9058e-05,-0.06523913622881627,-0.0742420208508236
19.058799999999998,1.9058799999999998e-05,-0.0623343848336082,-0.07471506379994217
19.059600000000003,1.9059600000000003e-05,-0.038921803337271466,-0.07518660406970192
19.060399999999994,1.9060399999999995e-05,-0.036343123005627365,-0.07565470772717654
19.0612,1.90612e-05,-0.08538874265490748,-0.07611738455879309
19.061999999999998,1.9061999999999998e-05,-0.07102669818487306,-0.076572597459937
19.062800000000003,1.9062800000000003e-05,-0.09209153445594098,-0.07701827312367701
19.063599999999994,1.906359999999999e-05,-0.05287909641199784,-0.07745231396207318
19.0644,1.90644e-05,-0.040668474509835684,-0.0778726111414357
19.065199999999997,1.9065199999999995e-05,-0.05095085471330374,-0.07827705861226454
19.066000000000003,1.9066e-05,-0.10414706472349711,-0.07866356799450241
19.066799999999994,1.906679999999999e-05,-0.10780741397472327,-0.07903008409609981
19.0676,1.9067599999999997e-05,-0.09406157500901813,-0.07937460073949776
19.068399999999997,1.9068399999999995e-05,-0.05398573153734876,-0.07969517654019778
19.069200000000002,1.90692e-05,-0.06687459513830507,-0.07998995036798218
19.069999999999993,1.9069999999999992e-05,-0.04108646535075566,-0.08025715636391051
19.0708,1.9070799999999997e-05,-0.07953384780720596,-0.0804951384782794
19.071599999999997,1.9071599999999995e-05,-0.06244502926529105,-0.08070236447975693
19.072400000000002,1.90724e-05,-0.09087217438165973,-0.08087743928785747
19.0732,1.90732e-05,-0.08017104699434419,-0.0810191173644947
19.073999999999998,1.9073999999999997e-05,-0.07757988355991552,-0.08112631382061879
19.074800000000003,1.9074800000000002e-05,-0.04391972282012402,-0.08119811387061848
19.075599999999994,1.9075599999999994e-05,-0.11223697984763725,-0.08123378028194082
19.0764,1.90764e-05,-0.16576152994997695,-0.08123275848707134
19.077199999999998,1.9077199999999998e-05,-0.06478085921916787,-0.08119467905424446
19.078000000000003,1.9078000000000003e-05,-0.054023369357437234,-0.08111935731452959
19.078799999999994,1.9078799999999994e-05,-0.09990739144520266,-0.08100679015370449
19.0796,1.90796e-05,-0.07002503377115521,-0.08085715022517746
19.080399999999997,1.9080399999999998e-05,-0.09787701589485032,-0.08067077801406958
19.081200000000003,1.9081200000000003e-05,-0.06609686793649283,-0.08044817226320011
19.081999999999994,1.908199999999999e-05,-0.026083060659288115,-0.08018997931860505
19.0828,1.90828e-05,-0.06153377194317433,-0.07989698199280618
19.083599999999997,1.9083599999999995e-05,-0.034133257446292586,-0.07957008853788172
19.084400000000002,1.90844e-05,-0.07840565116745324,-0.07921032221866893
19.085199999999993,1.908519999999999e-05,-0.0871834542332971,-0.07881881178546336
19.086,1.9085999999999996e-05,-0.05639948548004259,-0.07839678293026774
19.086799999999997,1.9086799999999995e-05,-0.03710969127877517,-0.07794555064308265
19.087600000000002,1.90876e-05,-0.09372623702250227,-0.0774665122864731
19.088399999999993,1.908839999999999e-05,-0.06819968226704698,-0.07696114114007825
19.089199999999998,1.9089199999999997e-05,-0.09509936455706969,-0.07643098009385084
19.089999999999996,1.9089999999999995e-05,-0.11270093057733543,-0.0758776351076244
19.0908,1.90908e-05,-0.1044226355441304,-0.07530276805860475
19.0916,1.90916e-05,-0.03656989707760783,-0.07470808870111144
19.092399999999998,1.9092399999999997e-05,-0.03908313652331974,-0.07409534564921658
19.093200000000003,1.9093200000000002e-05,-0.054955431851028136,-0.07346631648958683
19.094,1.9094e-05,-0.12667070675494618,-0.07282279723860496
19.0948,1.90948e-05,-0.053749879053951455,-0.07216659133979132
19.095599999999997,1.9095599999999997e-05,-0.03388908289430548,-0.07149949833247136
19.096400000000003,1.9096400000000002e-05,-0.08541446520350393,-0.07082330230782753
19.097199999999994,1.9097199999999994e-05,-0.03900105150030819,-0.07013976030348497
19.098,1.9098e-05,-0.0990942954518843,-0.06945059080355412
19.098799999999997,1.9098799999999997e-05,-0.05695459964416927,-0.06875746248347928
19.099600000000002,1.9099600000000003e-05,-0.06897873364307927,-0.06806198331034602
19.100399999999993,1.9100399999999994e-05,-0.05878468001406478,-0.06736569011892007
19.1012,1.91012e-05,-0.04286926165765326,-0.06667003882628063
19.101999999999997,1.9101999999999994e-05,-0.04227877870202046,-0.06597639548829617
19.102800000000002,1.91028e-05,-0.03471749885048314,-0.06528602840331031
19.103599999999993,1.910359999999999e-05,-0.05520168692016281,-0.06460010141146627
19.1044,1.9104399999999996e-05,-0.10485878320798458,-0.06391966842505759
19.105199999999996,1.9105199999999995e-05,-0.05812383879537775,-0.06324566909381957
19.106,1.9106e-05,-0.07006115890558873,-0.062578925425922
19.106799999999993,1.910679999999999e-05,-0.03403377194317425,-0.06192013919944542
19.107599999999998,1.9107599999999996e-05,-0.061164389339472436,-0.06126989008976726
19.108399999999996,1.9108399999999995e-05,-0.0642584654980074,-0.06062863453178481
19.1092,1.91092e-05,-0.02553910542382609,-0.05999670537880456
19.11,1.9109999999999998e-05,-0.057880420586317816,-0.05937431241556228
19.110799999999998,1.9110799999999997e-05,-0.037809494491870876,-0.0587615437551702
19.111600000000003,1.9111600000000002e-05,-0.030221167917316993,-0.05815836810350783
19.1124,1.91124e-05,-0.06398781205449633,-0.05756463780294557
19.1132,1.91132e-05,-0.06215073379033098,-0.056980092475077036
19.113999999999997,1.9113999999999997e-05,-0.080564071629595,-0.05640436299214344
19.114800000000002,1.9114800000000002e-05,-0.05866514568239978,-0.05583697545729681
19.1156,1.91156e-05,-0.0656593960983185,-0.05527735490001807
19.1164,1.91164e-05,-0.03855242073356957,-0.05472482849580363
19.117199999999997,1.9117199999999997e-05,-0.04868595085387395,-0.054178628258558445
19.118000000000002,1.9118000000000002e-05,-0.029830223799313327,-0.05363789327644511
19.118799999999993,1.9118799999999994e-05,-0.035972416227605386,-0.053101671629767484
19.1196,1.91196e-05,-0.051495566291693384,-0.052568922131778266
19.120399999999997,1.9120399999999994e-05,-0.06580824618158232,-0.052038515983443855
19.1212,1.9121200000000003e-05,-0.03525313201745561,-0.05150923836523982
19.121999999999993,1.912199999999999e-05,-0.064282675360949,-0.050979789945296686
19.122799999999998,1.9122799999999996e-05,-0.03425430446371247,-0.05044878828646562
19.123599999999996,1.9123599999999994e-05,-0.04988374941375362,-0.04991476917279484
19.1244,1.91244e-05,-0.05170002250644479,-0.04937618792043499
19.125199999999992,1.912519999999999e-05,-0.021376599791420814,-0.048831420772173284
19.125999999999998,1.9125999999999996e-05,-0.050982818813342545,-0.04827876649555053
19.126799999999996,1.9126799999999994e-05,-0.00894752588586789,-0.04771644830925936
19.1276,1.91276e-05,-0.07367687244235688,-0.047142616242966125
19.1284,1.9128399999999998e-05,-0.04220501574759872,-0.04655534999003583
19.129199999999997,1.9129199999999996e-05,-0.06939540030977931,-0.045952662262985035
19.130000000000003,1.913e-05,-0.037452594991053245,-0.045332502648545756
19.1308,1.91308e-05,-0.0017091009178619165,-0.04469276200761216
19.1316,1.9131599999999998e-05,-0.04572691750139812,-0.0440312775511076
19.132399999999997,1.9132399999999997e-05,-0.028250559532847164,-0.04334583878372557
19.133200000000002,1.9133200000000002e-05,-0.09452060836149401,-0.0426341945000349
19.134,1.9134e-05,0.010737373467697875,-0.04189406096622538
19.1348,1.91348e-05,-0.020059078388441343,-0.04112313139240929
19.135599999999997,1.9135599999999997e-05,0.018108004381688247,-0.04031908681587634
19.136400000000002,1.9136400000000002e-05,-0.051090626385050464,-0.03947960851174469
19.1372,1.91372e-05,-0.0347592977048663,-0.03860239195077824
19.137999999999998,1.9138e-05,-0.03961593283021747,-0.037685162147702955
19.138799999999996,1.9138799999999997e-05,-0.016252715914026217,-0.03672569007680456
19.1396,1.9139600000000002e-05,-0.014649409616011022,-0.03572180974257047
19.1404,1.9140399999999997e-05,-0.03989906937661303,-0.03467143546726958
19.141199999999998,1.9141199999999996e-05,-0.06908446069763974,-0.033572578939476225
19.141999999999996,1.9141999999999994e-05,-0.038918966477196726,-0.03242336554098432
19.1428,1.91428e-05,-0.07199829050426498,-0.031222049478747946
19.143599999999992,1.914359999999999e-05,-0.03228293973631524,-0.02996702734625288
19.144399999999997,1.9144399999999996e-05,-0.033774277428327726,-0.028656849928865396
19.145199999999996,1.9145199999999994e-05,-0.019331472109601844,-0.02729023230440243
19.146,1.9146e-05,0.03628624608038211,-0.025866062511610183
19.1468,1.9146799999999998e-05,-0.012787932977469274,-0.024383409208204105
19.147599999999997,1.9147599999999996e-05,-0.04354050546207766,-0.022841528774701057
19.148400000000002,1.91484e-05,0.008889892617765294,-0.021239872240845163
19.1492,1.91492e-05,-0.04589657275603609,-0.019578092281132286
19.15,1.9149999999999998e-05,0.014669700336685021,-0.017856050429502338
19.150799999999997,1.9150799999999996e-05,0.05485599972854238,-0.016073824630963025
19.151600000000002,1.91516e-05,-0.010804841490114847,-0.014231717234168877
19.1524,1.91524e-05,-0.02830332880436015,-0.012330263460195475
19.1532,1.9153199999999998e-05,0.0019922908448199994,-0.010370240230424498
19.153999999999996,1.9153999999999997e-05,0.009965319985935195,-0.008352675058226098
19.1548,1.91548e-05,-0.035053404668391575,-0.006278854592455875
19.1556,1.91556e-05,-0.00016272492575442055,-0.004150332369193434
19.156399999999998,1.91564e-05,0.001208322091665548,-0.001968935348039602
19.157199999999996,1.9157199999999997e-05,0.01685876072454573,0.0002632311419417618
19.158,1.9158000000000002e-05,0.02142677409498628,0.002543780354670645
19.1588,1.9158799999999997e-05,0.004891557031513338,0.004870043232423292
19.159599999999998,1.9159599999999995e-05,0.007011015499146733,0.007239069910383338
19.160399999999996,1.9160399999999994e-05,0.010042487631824581,0.009647633897480239
19.1612,1.91612e-05,-0.006904478721196372,0.012092239242252546
19.162,1.9161999999999997e-05,-0.00830408514728731,0.014569130988056714
19.162799999999997,1.9162799999999995e-05,0.006273006634670231,0.017074309163145923
19.163599999999995,1.9163599999999994e-05,0.03898446074369144,0.019603546434065203
19.1644,1.91644e-05,0.02164730661549441,0.022152409390641108
19.1652,1.9165199999999997e-05,0.00041943596128879435,0.024716283269852788
19.165999999999997,1.9165999999999996e-05,0.054399046893213954,0.027290399806076244
19.166800000000002,1.91668e-05,0.05454865331926517,0.02986986781936217
19.1676,1.91676e-05,0.03747080519452006,0.03244970610263391
19.1684,1.9168399999999998e-05,0.022568210180450854,0.03502487814835293
19.169199999999996,1.9169199999999996e-05,0.04414030872119479,0.03759032827896729
19.17,1.917e-05,0.030517597290056986,0.04014101878695778
19.1708,1.91708e-05,0.027426357991556793,0.042671967699383556
19.171599999999998,1.9171599999999998e-05,0.07639745834348766,0.04517828673853658
19.172399999999996,1.9172399999999996e-05,0.07396214288649239,0.04765521897469216
19.1732,1.91732e-05,0.08030463049528114,0.05009817560058008
19.174,1.9174e-05,0.054939597437308696,0.052502771249640465
19.174799999999998,1.9174799999999998e-05,0.06436708279313541,0.05486485735776401
19.175599999999996,1.9175599999999996e-05,0.05529914528669633,0.05718055320213714
19.1764,1.91764e-05,0.05007161487188838,0.05944627437677152
19.1772,1.91772e-05,0.10100935108545883,0.06165875853626861
19.177999999999997,1.9177999999999995e-05,0.06037574510116284,0.06381508825679823
19.178799999999995,1.9178799999999993e-05,0.08203049649637095,0.06591271086073558
19.1796,1.91796e-05,0.0736846800601465,0.06794945506769541
19.1804,1.9180399999999997e-05,0.03945824622763394,0.06992354437886415
19.181199999999997,1.9181199999999995e-05,0.08127641132606767,0.07183360714555347
19.181999999999995,1.9181999999999994e-05,0.08487340020857914,0.07367868327879512
19.1828,1.91828e-05,0.09219674705960146,0.07545822751209783
19.1836,1.9183599999999997e-05,0.06951593287633906,0.07717210906375475
19.184399999999997,1.9184399999999995e-05,0.1370304964963709,0.07882060750649003
19.185200000000002,1.91852e-05,0.07044667119560988,0.08040440466552261
19.186,1.9186e-05,0.1176962550921804,0.08192457242810101
19.186799999999998,1.9186799999999997e-05,0.1094073689618007,0.08338255645017655
19.187599999999996,1.9187599999999996e-05,0.10263705575775062,0.08478015587995676
19.1884,1.91884e-05,0.09561708279313541,0.08611949937077054
19.1892,1.91892e-05,0.03972455012538545,0.08740301781344613
19.189999999999998,1.9189999999999998e-05,0.11711882307085486,0.08863341435311427
19.190799999999996,1.9190799999999996e-05,0.07698321243340289,0.08981363232080893
19.1916,1.91916e-05,0.0952337044008339,0.09094682168433565
19.1924,1.91924e-05,0.10550851887860002,0.092036304540593
19.193199999999997,1.9193199999999998e-05,0.09815320792750881,0.09308554009077599
19.193999999999996,1.9193999999999996e-05,0.092100098416528,0.09409808949053573
19.1948,1.91948e-05,0.08544667119560989,0.09507758094651658
19.1956,1.91956e-05,0.08840286768807093,0.09602767541994939
19.196399999999997,1.9196399999999995e-05,0.12767318089212076,0.09695203327166588
19.197199999999995,1.9197199999999993e-05,0.0797655926369012,0.0978542821288575
19.198,1.9197999999999998e-05,0.14028723001523735,0.09873798619134039
19.1988,1.9198799999999996e-05,0.11159018779821905,0.09960661715830549
19.199599999999997,1.9199599999999995e-05,0.06940888164751835,0.10046352696409327
19.200399999999995,1.9200399999999993e-05,0.11593842499101492,0.10131192255423102
19.2012,1.92012e-05,0.09011417006912892,0.10215484297555286
19.201999999999998,1.9201999999999997e-05,0.10281862628388039,0.10299513905418478
19.202799999999996,1.9202799999999995e-05,0.10127168246035012,0.10383545588017283
19.2036,1.92036e-05,0.11868676057729688,0.10467821823299596
19.2044,1.92044e-05,0.09197489036481332,0.10552561899803002
19.205200000000005,1.9205200000000004e-05,0.12595714964534155,0.10637961055440748
19.205999999999996,1.9205999999999995e-05,0.11080905590500523,0.10724189906323188
19.2068,1.92068e-05,0.10930447876728089,0.10811394155051997
19.2076,1.92076e-05,0.10607195511131629,0.10899694565928979
19.208400000000005,1.9208400000000004e-05,0.10915770920123158,0.10989187193439924
19.209199999999996,1.9209199999999996e-05,0.12053291725294635,0.11079943848821952
19.21,1.921e-05,0.11128965077181963,0.11172012786337959
19.2108,1.92108e-05,0.1062680892574781,0.1126541958656318
19.211599999999997,1.9211599999999997e-05,0.11229623256268983,0.11360168209766525
19.212399999999995,1.9212399999999996e-05,0.13727467104835822,0.1145624218839736
19.2132,1.92132e-05,0.18609767765995266,0.11553605923450469
19.214,1.9214e-05,0.08650394174087561,0.11652206047391371
19.214799999999997,1.9214799999999994e-05,0.09505156604327458,0.11751972820741413
19.215599999999995,1.9215599999999993e-05,0.13635225479767699,0.11852821540271571
19.2164,1.9216399999999998e-05,0.12864987910007286,0.11954653946377919
19.2172,1.9217199999999996e-05,0.13005364656041896,0.12057359618623052
19.217999999999996,1.9217999999999995e-05,0.12319216992188009,0.12160817343944413
19.218799999999995,1.9218799999999993e-05,0.13857195511131626,0.12264896438722639
19.2196,1.9219599999999998e-05,0.10451801339348343,0.12369458006320833
19.220399999999998,1.9220399999999996e-05,0.16363588331146373,0.12474356113511259
19.221199999999996,1.9221199999999995e-05,0.141384975240603,0.12579438870326773
19.222,1.9222e-05,0.12077349860206443,0.12684549398988634
19.2228,1.9222799999999998e-05,0.12441228633895585,0.1278952668076273
19.223600000000005,1.9223600000000003e-05,0.1723247919713311,0.12894206275054695
19.224399999999996,1.9224399999999995e-05,0.1496536240309384,0.1299842091034893
19.2252,1.92252e-05,0.12572148567337582,0.13102000951061732
19.226,1.9226e-05,0.15707494369932418,0.1320477475087104
19.226800000000004,1.9226800000000004e-05,0.0969338478532874,0.13306568912768263
19.227599999999995,1.9227599999999995e-05,0.13269701143503787,0.13407208485127378
19.2284,1.92284e-05,0.14659718569252167,0.13506517126481501
19.2292,1.92292e-05,0.11641485882353131,0.1360431726771698
19.230000000000004,1.9230000000000004e-05,0.14109767765995274,0.13700430291310123
19.230799999999995,1.9230799999999996e-05,0.11984919034566743,0.13794676736812309
19.2316,1.92316e-05,0.1647086623310634,0.13886876531896047
19.2324,1.92324e-05,0.1905836060073418,0.1397684923890951
19.233199999999997,1.9233199999999994e-05,0.20755913176900387,0.14064414300170783
19.233999999999995,1.9233999999999992e-05,0.1115262595980746,0.14149391266980263
19.2348,1.9234799999999998e-05,0.134020585878055,0.14231600011797182
19.235599999999998,1.9235599999999996e-05,0.12155614318099583,0.14310860945424297
19.236399999999996,1.9236399999999994e-05,0.14708761531364356,0.14386995278513637
19.237199999999994,1.9237199999999993e-05,0.11445257250761742,0.1445982536959111
19.238,1.9237999999999998e-05,0.18275677860089046,0.14529175191544413
19.238799999999998,1.9238799999999996e-05,0.13383561066049765,0.14594870933209012
19.239599999999996,1.9239599999999994e-05,0.17060592386454076,0.14656741739270968
19.240399999999994,1.9240399999999993e-05,0.13835501579368015,0.14714620583629712
19.2412,1.9241199999999998e-05,0.15800776253574256,0.1476834526884179
19.242000000000004,1.9242000000000003e-05,0.14078125283922838,0.1481775954480535
19.242799999999995,1.9242799999999995e-05,0.15541395075267384,0.14862714340292707
19.2436,1.92436e-05,0.14593785715958907,0.1490306909958824
19.2444,1.9244399999999998e-05,0.14585009841652796,0.14938693213283358
19.245200000000004,1.9245200000000003e-05,0.14321921664479365,0.1496946752780279
19.245999999999995,1.9245999999999995e-05,0.17336466203655998,0.14995285912824932
19.2468,1.92468e-05,0.13776642484376012,0.15016056859693439
19.2476,1.92476e-05,0.13584253269079571,0.15031705078153568
19.248400000000004,1.9248400000000004e-05,0.1976809351292812,0.15042173054163085
19.249199999999995,1.9249199999999995e-05,0.13410626410396864,0.1504742252779616
19.25,1.925e-05,0.17812464851886767,0.1504743584738816
19.250799999999998,1.92508e-05,0.15567060840754554,0.15042217155760693
19.251600000000003,1.9251600000000004e-05,0.14517469357783885,0.15031793367569557
19.252399999999994,1.9252399999999992e-05,0.16502659983750245,0.15016214901807762
19.2532,1.9253199999999997e-05,0.15278666218381165,0.14995556137745575
19.253999999999998,1.9253999999999996e-05,0.19175019681001026,0.14969915565079953
19.254799999999996,1.9254799999999994e-05,0.2031282417217698,0.1493941560124815
19.255599999999994,1.9255599999999992e-05,0.1445478969764078,0.14904202054621268
19.2564,1.9256399999999997e-05,0.16146289922935986,0.148644432253661
19.257199999999997,1.9257199999999996e-05,0.1330523982501305,0.14820328655129744
19.257999999999996,1.9257999999999994e-05,0.15955281435355995,0.14772067555507082
19.258799999999994,1.9258799999999993e-05,0.1590881072810746,0.14719886956471898
19.2596,1.9259599999999998e-05,0.16068668471330227,0.1466402961870658
19.260400000000004,1.9260400000000003e-05,0.1468052351101452,0.14604751752815068
19.261199999999995,1.9261199999999994e-05,0.12607138727989364,0.14542320588519103
19.262,1.9262e-05,0.1170055302906019,0.14477011838501933
19.2628,1.9262799999999998e-05,0.1840812978981996,0.14409107100808174
19.263600000000004,1.9263600000000003e-05,0.17210425945082297,0.14338891237427318
19.264399999999995,1.9264399999999995e-05,0.13438315909889198,0.14266649757481292
19.2652,1.92652e-05,0.11067552578470075,0.1419266622833321
19.266,1.9265999999999998e-05,0.17555447876727792,0.14117219739699494
19.266800000000003,1.9266800000000003e-05,0.18744243429731355,0.14040582449175992
19.267599999999995,1.9267599999999995e-05,0.1286992436801785,0.1396301723780351
19.2684,1.92684e-05,0.14086466203656,0.13884775504935262
19.269199999999998,1.92692e-05,0.09773313656940441,0.13806095137569624
19.270000000000003,1.9270000000000004e-05,0.1408111364221497,0.13727198696821982
19.270799999999994,1.9270799999999992e-05,0.1187605235317557,0.13648291864634646
19.2716,1.9271599999999997e-05,0.13686708279313542,0.13569562183700348
19.272399999999998,1.9272399999999995e-05,0.1737501209460186,0.13491178107198512
19.273200000000003,1.92732e-05,0.12306771821302986,0.13413288359313738
19.273999999999994,1.9273999999999992e-05,0.12034718569252167,0.13336021597705217
19.2748,1.9274799999999997e-05,0.1504897942242731,0.13259486365971768
19.275599999999997,1.9275599999999995e-05,0.13455773173072216,0.13183771324037824
19.276400000000002,1.92764e-05,0.15057187924732462,0.13108945743029637
19.277199999999993,1.9277199999999992e-05,0.14627792401179252,0.1303506024869354
19.278,1.9277999999999997e-05,0.0877811769752298,0.12962147796837223
19.278799999999997,1.9278799999999996e-05,0.10884752593194946,0.12890224866183506
19.279599999999995,1.9279599999999994e-05,0.12658886362393196,0.12819292854052658
19.2804,1.92804e-05,0.1385191858397734,0.12749339652929587
19.2812,1.9281199999999998e-05,0.14159586151823167,0.12680341370974346
19.282000000000004,1.9282000000000003e-05,0.12163614768690001,0.12612264143457813
19.282799999999995,1.9282799999999994e-05,0.14306015248729753,0.1254506597198741
19.2836,1.92836e-05,0.15292719019841572,0.1247869852559009
19.284399999999998,1.9284399999999998e-05,0.14968710081673176,0.12413108839611907
19.285200000000003,1.9285200000000003e-05,0.11881688600617091,0.1234824085361481
19.285999999999994,1.9285999999999995e-05,0.11897405815795425,0.12284036738386415
19.2868,1.92868e-05,0.16352467104835822,0.12220437973191202
19.287599999999998,1.9287599999999998e-05,0.15618959743730865,0.12157386143777203
19.288400000000003,1.9288400000000003e-05,0.15899145863799113,0.12094823438987488
19.289199999999994,1.928919999999999e-05,0.10191720371611102,0.12032692833871295
19.29,1.929e-05,0.12956529745644452,0.11970937963486467
19.290799999999997,1.9290799999999995e-05,0.15215438037379558,0.11909502710527381
19.291600000000003,1.92916e-05,0.13167510968126828,0.11848330544679817
19.292399999999994,1.929239999999999e-05,0.10026169597804258,0.11787363660502859
19.2932,1.9293199999999997e-05,0.09207305169361157,0.11726541967205173
19.293999999999997,1.9293999999999995e-05,0.10513365106632011,0.1166580198878867
19.294800000000002,1.92948e-05,0.12150469808374298,0.11605075732190379
19.295599999999993,1.9295599999999992e-05,0.10221074284821074,0.11544289571178457
19.2964,1.9296399999999997e-05,0.12903098846379535,0.1148336317824599
19.297199999999997,1.9297199999999995e-05,0.08037158406686806,0.11422208521712222
19.298000000000002,1.9298e-05,0.16887324848058594,0.11360728933607163
19.2988,1.92988e-05,0.1862854897375248,0.11298818245517178
19.299599999999998,1.9299599999999997e-05,0.091147230751496,0.11236359986114658
19.300400000000003,1.9300400000000002e-05,0.08908262207248974,0.11173226640249082
19.301199999999994,1.9301199999999994e-05,0.1128570204468361,0.11109278985320017
19.302,1.9302e-05,0.11894833560932783,0.11044365536398032
19.302799999999998,1.9302799999999998e-05,0.10512740951487776,0.10978322136591041
19.303600000000003,1.9303600000000003e-05,0.08087525313373178,0.10910971723571494
19.304399999999994,1.9304399999999994e-05,0.11800643836145552,0.10842124294067573
19.3052,1.93052e-05,0.12202009391063395,0.10771577078882336
19.305999999999997,1.9305999999999998e-05,0.1281908457475972,0.10699114931063249
19.306800000000003,1.9306800000000003e-05,0.1267460357757153,0.1062451092103591
19.307599999999994,1.930759999999999e-05,0.09307547245018688,0.10547527129222756
19.3084,1.93084e-05,0.09216345878524579,0.10467915630169138
19.309199999999997,1.9309199999999995e-05,0.09532146314389223,0.10385419668154297
19.310000000000002,1.931e-05,0.13561991965315012,0.10299775026342953
19.310799999999993,1.931079999999999e-05,0.1103207068010309,0.10210711587312428
19.3116,1.9311599999999997e-05,0.08711333786226982,0.10117955076101784
19.312399999999997,1.9312399999999995e-05,0.09676627311576691,0.1002122897329964
19.313200000000002,1.93132e-05,0.10205773173071919,0.09920256585615655
19.313999999999993,1.931399999999999e-05,0.10646497974650426,0.098147632604841
19.314799999999998,1.9314799999999997e-05,0.10061084124169606,0.097044787268332
19.315599999999996,1.9315599999999995e-05,0.09483595089992558,0.09589139538272674
19.3164,1.93164e-05,0.11282638052104743,0.09468491590652782
19.3172,1.93172e-05,0.12203049649636788,0.0934229268393748
19.317999999999998,1.9317999999999997e-05,0.09917302916412396,0.09210315098442265
19.318800000000003,1.9318800000000002e-05,0.08701593287633902,0.09072348158683306
19.3196,1.93196e-05,0.058585950899925576,0.08928200764602126
19.3204,1.93204e-05,0.06914806295835185,0.08777703876214156
19.321199999999997,1.9321199999999997e-05,0.0919673246390843,0.08620712937725848
19.322000000000003,1.9322000000000002e-05,0.1003521030696769,0.0845711021775875
19.322799999999994,1.9322799999999994e-05,0.11114439389148811,0.08286807027096406
19.3236,1.93236e-05,0.0842738388414992,0.08109745762415545
19.324399999999997,1.9324399999999997e-05,0.10013989261776224,0.07925901720058066
19.325200000000002,1.9325200000000003e-05,0.11717386137097974,0.07735284628383328
19.325999999999993,1.9325999999999994e-05,0.09796199115849935,0.07537939857112416
19.3268,1.93268e-05,0.05069292626474464,0.07333949274893917
19.327599999999997,1.9327599999999994e-05,0.03332929324505385,0.07123431741013046
19.328400000000002,1.93284e-05,0.09200553029059899,0.06906543229718157
19.329199999999993,1.932919999999999e-05,0.0875738839004706,0.06683476589432598
19.33,1.9329999999999996e-05,0.08456113642214969,0.06454460932867548
19.330799999999996,1.9330799999999995e-05,0.08688372693031476,0.06219760645646151
19.3316,1.93316e-05,0.07909434883251676,0.05979673999876514
19.332399999999993,1.933239999999999e-05,0.08880988811186119,0.05734531367437658
19.333199999999998,1.9333199999999996e-05,0.052171024510974995,0.054846930418898585
19.333999999999996,1.9333999999999995e-05,0.07381972286617566,0.0523054669390296
19.3348,1.93348e-05,0.07934684545309378,0.0497250450043235
19.3356,1.93356e-05,0.032314389385593945,0.047110000011279414
19.336399999999998,1.9336399999999997e-05,0.036306483420433744,0.04446484746442767
19.337200000000003,1.9337200000000002e-05,0.03776453283804737,0.04179424810382684
19.338,1.9338e-05,0.00861659082571431,0.039102972445745246
19.3388,1.93388e-05,-0.0013805723142809034,0.03639586546546425
19.339599999999997,1.9339599999999997e-05,-0.004720147199053226,0.0336778120292678
19.340400000000002,1.9340400000000002e-05,0.05242162912583925,0.030953703479904764
19.3412,1.93412e-05,0.050242214980858346,0.028228405511299418
19.342,1.9342e-05,0.0774624831259304,0.025506727192417145
19.342799999999997,1.9342799999999997e-05,0.03051078790718209,0.022793390815689527
19.343600000000002,1.9343600000000002e-05,0.03207721272790642,0.020093002222566207
19.344399999999993,1.9344399999999994e-05,0.02647065346651689,0.01741002137846822
19.3452,1.93452e-05,0.07047598694710866,0.014748733144434745
19.345999999999997,1.9345999999999994e-05,0.044518769736343944,0.012113218351960338
19.3468,1.9346800000000003e-05,-0.007831623837594948,0.009507325432668346
19.347599999999993,1.934759999999999e-05,-0.04124704219397657,0.006934643020898372
19.348399999999998,1.9348399999999996e-05,0.001418452026396566,0.004398474113319761
19.349199999999996,1.9349199999999994e-05,0.0251741257464162,0.0019018124454483632
19.35,1.935e-05,0.006429610955001053,-0.0005526783224595912
19.350799999999992,1.935079999999999e-05,0.009467324639080954,-0.0029626821644874284
19.351599999999998,1.9351599999999996e-05,-0.03131172673698135,-0.005326244659683033
19.352399999999996,1.9352399999999994e-05,-0.038755364262566205,-0.0076417830771196744
19.3532,1.93532e-05,-0.020903382138870996,-0.009908092295620797
19.354,1.9353999999999998e-05,0.018905212580654696,-0.012124346354867388
19.354799999999997,1.9354799999999996e-05,-0.038153722378369004,-0.01429009558800077
19.355600000000003,1.93556e-05,0.015509275221467278,-0.016405259459770363
19.3564,1.93564e-05,-0.0223572705222298,-0.01847011535891271
19.3572,1.9357199999999998e-05,-0.030970903541950645,-0.020485283649073233
19.357999999999997,1.9357999999999997e-05,-0.020675283892670482,-0.022451709297251606
19.358800000000002,1.9358800000000002e-05,-0.009329959423877043,-0.024370640409954947
19.3596,1.93596e-05,-0.05302151643228459,-0.026243604038054875
19.3604,1.93604e-05,-0.04653017874037202,-0.028072379663451
19.361199999999997,1.9361199999999997e-05,0.04092102451097501,-0.02985897084735216
19.362000000000002,1.9362000000000002e-05,-0.020431109340683373,-0.03160557559595402
19.3628,1.93628e-05,-0.04453233512145105,-0.033314556054535205
19.363599999999998,1.93636e-05,-0.034429444926965314,-0.03498840812516809
19.364399999999996,1.9364399999999997e-05,-0.04753392367123743,-0.0366297315196342
19.3652,1.9365200000000002e-05,-0.04416162834352899,-0.03824120068550022
19.366,1.9365999999999997e-05,0.019872076034288977,-0.0398255370426826
19.366799999999998,1.9366799999999996e-05,-0.003642071482343412,-0.041385483018924474
19.367599999999996,1.9367599999999994e-05,0.007883310826855228,-0.042923778393166606
19.3684,1.93684e-05,-0.06151693929456015,-0.04444313936637404
19.369199999999992,1.936919999999999e-05,-0.0389849751945216,-0.04594624056695383
19.369999999999997,1.9369999999999996e-05,-0.03914422786342242,-0.04743569993904794
19.370799999999996,1.9370799999999994e-05,-0.07665254993201209,-0.048914066263854826
19.3716,1.93716e-05,-0.02718818309898463,-0.05038380897820987
19.3724,1.9372399999999998e-05,-0.05885484976568456,-0.05184730996061353
19.373199999999997,1.9373199999999996e-05,-0.06914914524064453,-0.053306857007337234
19.374000000000002,1.9374e-05,-0.04268977164867083,-0.05476463878679631
19.3748,1.93748e-05,-0.06017237116866414,-0.056222741126940895
19.3756,1.9375599999999998e-05,-0.02876519901691066,-0.05768314455877196
19.376399999999997,1.9376399999999996e-05,-0.0323739146594092,-0.05914772309974585
19.377200000000002,1.93772e-05,-0.049805825424936945,-0.06061824428458536
19.378,1.9378e-05,-0.03844593733618151,-0.06209637041156864
19.3788,1.9378799999999998e-05,-0.07432920308101976,-0.06358366087292298
19.379599999999996,1.9379599999999997e-05,-0.07855714959925708,-0.06508157531422518
19.3804,1.93804e-05,-0.046037100770610184,-0.06659147726876394
19.3812,1.93812e-05,-0.04823032219276557,-0.06811463787242057
19.381999999999998,1.9382e-05,-0.10393069323725379,-0.06965223927675893
19.382799999999996,1.9382799999999997e-05,-0.08550279177795761,-0.07120537740612397
19.3836,1.9383600000000002e-05,-0.07035810272908882,-0.07277506373386915
19.3844,1.9384399999999997e-05,-0.0873635120736721,-0.0743622258140289
19.385199999999998,1.9385199999999995e-05,-0.07716113637606803,-0.07596770642130422
19.385999999999996,1.9385999999999994e-05,-0.06589506007028134,-0.07759226129811819
19.3868,1.93868e-05,-0.054638818518839116,-0.07923655563883437
19.3876,1.9387599999999997e-05,-0.07697256795566854,-0.08090115953131048
19.388399999999997,1.9388399999999995e-05,-0.09066828599840082,-0.08258654261124948
19.389199999999995,1.9389199999999994e-05,-0.10089165537891387,-0.08429306816974351
19.39,1.939e-05,-0.043967574714514734,-0.08602098692605506
19.3908,1.9390799999999997e-05,-0.11341321689321548,-0.08777043067920579
19.391599999999997,1.9391599999999996e-05,-0.035945937336181566,-0.08954140608429606
19.392400000000002,1.93924e-05,-0.09418394620065806,-0.09133378882272877
19.3932,1.93932e-05,-0.06893144958008113,-0.0931473184152643
19.394,1.9393999999999998e-05,-0.09706373139009716,-0.09498159385953246
19.394799999999996,1.9394799999999996e-05,-0.13810984300683837,-0.09683607018099388
19.3956,1.93956e-05,-0.09369559709668362,-0.09871005591015876
19.3964,1.93964e-05,-0.08502768211979528,-0.10060271148776827
19.397199999999998,1.9397199999999998e-05,-0.13169151192642037,-0.10251304867175014
19.397999999999996,1.9397999999999996e-05,-0.04503127532259743,-0.1044399311376866
19.3988,1.93988e-05,-0.036384165517183154,-0.10638207656235578
19.3996,1.93996e-05,-0.09540122575779197,-0.10833806049979194
19.400399999999998,1.9400399999999998e-05,-0.08391196858292693,-0.11030632225669612
19.401199999999996,1.9401199999999996e-05,-0.11452684991293627,-0.1122851727426878
19.402,1.9402e-05,-0.1523411942164431,-0.11427280398291707
19.4028,1.94028e-05,-0.14115114989376054,-0.11626729975301571
19.403599999999997,1.9403599999999995e-05,-0.17201077360714945,-0.11826664671396837
19.404399999999995,1.9404399999999993e-05,-0.09302019225806446,-0.12026874551150048
19.4052,1.94052e-05,-0.1268954003097793,-0.12227142152958545
19.406,1.9405999999999997e-05,-0.09707205345868686,-0.12427243526615064
19.406799999999997,1.9406799999999995e-05,-0.10957621449298172,-0.1262694925250646
19.407599999999995,1.9407599999999994e-05,-0.10790330627493949,-0.12826025472572725
19.4084,1.94084e-05,-0.11400029515738086,-0.13024234962200734
19.4092,1.9409199999999997e-05,-0.10620808019956818,-0.13221338263735047
19.409999999999997,1.9409999999999995e-05,-0.10485935103937738,-0.13417094890201745
19.410800000000002,1.94108e-05,-0.18727934653351314,-0.13611264594331615
19.4116,1.94116e-05,-0.13451020577575684,-0.1380360868485596
19.412399999999998,1.9412399999999997e-05,-0.11434811624678115,-0.13993891363133207
19.413199999999996,1.9413199999999996e-05,-0.12574904684709237,-0.14181881052319845
19.414,1.9414e-05,-0.17169907765218273,-0.1436735169669901
19.4148,1.94148e-05,-0.13210477390165287,-0.14550084013643916
19.415599999999998,1.9415599999999998e-05,-0.0956892796813098,-0.14729866681815912
19.416399999999996,1.9416399999999996e-05,-0.1705555610495706,-0.14906497448881478
19.4172,1.94172e-05,-0.16809111835251167,-0.15079784141108438
19.418,1.9418e-05,-0.16426603122376965,-0.1524954555429601
19.418799999999997,1.9418799999999998e-05,-0.13543886357788038,-0.1541561220334376
19.419599999999996,1.9419599999999996e-05,-0.12582905135305644,-0.15577826911441733
19.4204,1.94204e-05,-0.16659070224908207,-0.157360452282079
19.4212,1.94212e-05,-0.17303816056946397,-0.15890135672082828
19.421999999999997,1.9421999999999995e-05,-0.18938008034681986,-0.16039979792629858
19.422799999999995,1.9422799999999993e-05,-0.16995108230529848,-0.16185472048051042
19.4236,1.9423599999999998e-05,-0.15992119872240718,-0.16326519499417802
19.4244,1.9424399999999997e-05,-0.13919926616361744,-0.16463041337276035
19.425199999999997,1.9425199999999995e-05,-0.16499704219397654,-0.16594968272887364
19.425999999999995,1.9425999999999993e-05,-0.13937100193540286,-0.16722241838093452
19.4268,1.94268e-05,-0.1424900442997068,-0.16844813640996456
19.427599999999998,1.9427599999999997e-05,-0.1825853687684304,-0.1696264462033527
19.428399999999996,1.9428399999999995e-05,-0.13776145408604534,-0.17075704332607225
19.4292,1.94292e-05,-0.15531838439185303,-0.17183970295618856
19.43,1.943e-05,-0.19109894845364017,-0.1728742740245466
19.430800000000005,1.9430800000000004e-05,-0.1807760935700088,-0.17386067411680484
19.431599999999996,1.9431599999999995e-05,-0.18952193253571403,-0.17479888513834246
19.4324,1.94324e-05,-0.15641612961722196,-0.17568894973470867
19.4332,1.94332e-05,-0.1864008096543625,-0.17653096851767464
19.434000000000005,1.9434000000000004e-05,-0.1423419505593705,-0.17732509824064613
19.434799999999996,1.9434799999999996e-05,-0.17116230882232497,-0.1780715511438633
19.4356,1.94356e-05,-0.13377352108550034,-0.17877059571322435
19.4364,1.94364e-05,-0.1435384249449302,-0.1794225590545842
19.437199999999997,1.9437199999999997e-05,-0.12853426391063544,-0.1800278309733617
19.437999999999995,1.9437999999999996e-05,-0.22141537327439448,-0.1805868696650802
19.4388,1.94388e-05,-0.17101194605340636,-0.18110020868571247
19.4396,1.94396e-05,-0.1660579059420843,-0.1815684646440299
19.440399999999997,1.9440399999999994e-05,-0.20419359244356783,-0.18199234491784247
19.441199999999995,1.9441199999999993e-05,-0.22603142705066054,-0.1823726546655383
19.442,1.9441999999999998e-05,-0.18485727052222978,-0.18271030245339953
19.4428,1.9442799999999996e-05,-0.2361155925908196,-0.18300630393199105
19.443599999999996,1.9443599999999995e-05,-0.18346882302480322,-0.1832617831849388
19.444399999999995,1.9444399999999993e-05,-0.1463896507256981,-0.1834779716314464
19.4452,1.9445199999999998e-05,-0.1476827737544011,-0.1836562046346131
19.445999999999998,1.9445999999999996e-05,-0.13088049645024946,-0.183797916167228
19.446799999999996,1.9446799999999995e-05,-0.1989688988887347,-0.18390463193737544
19.4476,1.94476e-05,-0.23461442014456257,-0.18397796126414465
19.4484,1.94484e-05,-0.15379375842548193,-0.184019587806986
19.449200000000005,1.9449200000000003e-05,-0.12267936906293386,-0.18403125912540713
19.449999999999996,1.9449999999999995e-05,-0.18227934653351313,-0.18401477503350197
19.4508,1.94508e-05,-0.24580389663585267,-0.18397197473701699
19.4516,1.94516e-05,-0.2422118251304335,-0.183904722708306
19.452400000000004,1.9452400000000004e-05,-0.1347627023963338,-0.18381489321458308
19.453199999999995,1.9453199999999995e-05,-0.17413382527768523,-0.18370435349463063
19.454,1.9454e-05,-0.1363563624513393,-0.1835749457868204
19.4548,1.94548e-05,-0.21725570450196413,-0.18342846860088227
19.455600000000004,1.9455600000000004e-05,-0.1768689214182555,-0.18326665767422518
19.456399999999995,1.9456399999999996e-05,-0.17587765959027457,-0.18309116699031383
19.4572,1.94572e-05,-0.12432579838955227,-0.1829035501714561
19.458,1.9458e-05,-0.22185568197254352,-0.18270524253910936
19.458799999999997,1.9458799999999994e-05,-0.1905097896723274,-0.18249754412077845
19.459599999999995,1.9459599999999992e-05,-0.15153850080896175,-0.18228160384068134
19.4604,1.9460399999999998e-05,-0.19322672898996335,-0.1820584050959303
19.461199999999998,1.9461199999999996e-05,-0.1370429262186229,-0.18182875292796663
19.461999999999996,1.9461999999999994e-05,-0.19824904684709238,-0.1815932630229014
19.462799999999994,1.9462799999999993e-05,-0.19279965973752633,-0.1813523527653772
19.4636,1.9463599999999998e-05,-0.15475362398481668,-0.18110623452839722
19.464399999999998,1.9464399999999996e-05,-0.18917694830638843,-0.18085491134760506
19.465199999999996,1.9465199999999994e-05,-0.16737958837945882,-0.18059817512869036
19.465999999999994,1.9465999999999993e-05,-0.15638624603433054,-0.18033560755471953
19.4668,1.9466799999999998e-05,-0.1739953777802586,-0.1800665838648317
19.467600000000004,1.9467600000000003e-05,-0.16337557907312716,-0.17979027965094274
19.468399999999995,1.9468399999999995e-05,-0.1657358074013805,-0.1795056807644532
19.4692,1.94692e-05,-0.10200396422431468,-0.1792115963465742
19.47,1.9469999999999998e-05,-0.15473906036478474,-0.17890667489201764
19.470800000000004,1.9470800000000003e-05,-0.16167562413206843,-0.17858942310060408
19.471599999999995,1.9471599999999995e-05,-0.23299371336654073,-0.17825822704295216
19.4724,1.94724e-05,-0.19100362398481668,-0.17791137491019193
19.4732,1.94732e-05,-0.23939672448399923,-0.17754708044897288
19.474000000000004,1.9474000000000004e-05,-0.14475362398481673,-0.17716350619884436
19.474799999999995,1.9474799999999995e-05,-0.2127975792203789,-0.1767587858453828
19.4756,1.94756e-05,-0.1356321608639674,-0.1763310452834375
19.476399999999998,1.94764e-05,-0.1716951051293225,-0.1758784222381262
19.477200000000003,1.9477200000000004e-05,-0.1852287336430793,-0.17539908445135657
19.477999999999994,1.9477999999999992e-05,-0.19675411595227776,-0.1748912465058488
19.4788,1.9478799999999997e-05,-0.14484270690219792,-0.17435318537176447
19.479599999999998,1.9479599999999996e-05,-0.1826188455542238,-0.17378325478238701
19.480399999999996,1.9480399999999994e-05,-0.1466366621377601,-0.1731798985982335
19.481199999999994,1.9481199999999992e-05,-0.1721437358960613,-0.17254166337343618
19.482,1.9481999999999997e-05,-0.15920418354073967,-0.17186721035613306
19.482799999999997,1.9482799999999996e-05,-0.11975646084489144,-0.1711553271309297
19.483599999999996,1.9483599999999994e-05,-0.16521833105734218,-0.17040493905734544
19.484399999999994,1.9484399999999993e-05,-0.1394795658499382,-0.16961512056968955
19.4852,1.9485199999999998e-05,-0.13319968226704693,-0.16878510626948218
19.486000000000004,1.9486000000000003e-05,-0.23642653220295895,-0.1679143015708629
19.486799999999995,1.9486799999999994e-05,-0.18639456810292027,-0.1670022924938637
19.4876,1.94876e-05,-0.16806274745527505,-0.1660488541064888
19.4884,1.9488399999999998e-05,-0.12290689947774164,-0.16505395715413784
19.489200000000004,1.9489200000000003e-05,-0.1876723711686641,-0.1640177725697991
19.489999999999995,1.9489999999999995e-05,-0.18018277375440112,-0.162940673728542
19.4908,1.94908e-05,-0.1380848768010693,-0.16182323641023996
19.4916,1.9491599999999998e-05,-0.15200320788138721,-0.16066623648113096
19.492400000000004,1.9492400000000003e-05,-0.1754227872720936,-0.15947064535134267
19.493199999999995,1.9493199999999995e-05,-0.1492917537723661,-0.15823762331616253
19.494,1.9494e-05,-0.1356147603839606,-0.1569685109229586
19.494799999999998,1.94948e-05,-0.18415330627493953,-0.155664818528117
19.495600000000003,1.9495600000000004e-05,-0.11674938708659022,-0.15432821423164017
19.496399999999994,1.9496399999999992e-05,-0.14986842945079426,-0.1529605103975254
19.4972,1.9497199999999997e-05,-0.15092645633892737,-0.1515636489779629
19.497999999999998,1.9497999999999995e-05,-0.16477234863914347,-0.150139685854357
19.498800000000003,1.94988e-05,-0.12745543185102814,-0.14869077439277043
19.499599999999994,1.9499599999999992e-05,-0.13045059033783746,-0.14721914840598171
19.5004,1.9500399999999997e-05,-0.13601894394777614,-0.1457271047289564
19.501199999999997,1.9501199999999996e-05,-0.12525937356889794,-0.14421698562356236
19.501999999999995,1.9501999999999994e-05,-0.12797706922936136,-0.14269116119939307
19.502799999999993,1.9502799999999992e-05,-0.13786434428053107,-0.1411520119693605
19.5036,1.9503599999999997e-05,-0.17731906487074878,-0.13960191157519888
19.504399999999997,1.9504399999999996e-05,-0.12239074730802324,-0.1380432096508793
19.505199999999995,1.9505199999999994e-05,-0.15881948097417836,-0.1364782147768939
19.506,1.9506e-05,-0.11460893493594781,-0.13490917753538478
19.5068,1.9506799999999998e-05,-0.11568436230408763,-0.13333827378226093
19.507600000000004,1.9507600000000003e-05,-0.12860594634790978,-0.13176758835376207
19.508399999999995,1.9508399999999994e-05,-0.12232190173072366,-0.13019909947731223
19.5092,1.95092e-05,-0.10936551672678796,-0.1286346641516102
19.509999999999998,1.9509999999999998e-05,-0.11401221042887266,-0.12707600472058034
19.510800000000003,1.9510800000000003e-05,-0.08206732459299937,-0.12552469681225528
19.511599999999994,1.9511599999999995e-05,-0.15914782106632458,-0.12398215874572435
19.5124,1.95124e-05,-0.103155046552589,-0.12244964241830882
19.513199999999998,1.9513199999999998e-05,-0.14776485877741286,-0.1209282255900822
19.514000000000003,1.9514000000000003e-05,-0.12461044762170254,-0.11941880542962921
19.514799999999994,1.951479999999999e-05,-0.09028717663464181,-0.1179220932043231
19.5156,1.95156e-05,-0.08968837161041932,-0.11643861007440885
19.516399999999997,1.9516399999999995e-05,-0.09908181234899971,-0.11496868402737102
19.517200000000003,1.95172e-05,-0.12704425039294298,-0.11351244800734832
19.517999999999994,1.951799999999999e-05,-0.07981414749352667,-0.11206983923566509
19.5188,1.9518799999999997e-05,-0.14585893493594781,-0.11064059962447767
19.519599999999997,1.9519599999999995e-05,-0.12779625504605885,-0.109224277116226
19.520400000000002,1.95204e-05,-0.1342688680837445,-0.10782022777327227
19.521199999999993,1.9521199999999992e-05,-0.1028741790348755,-0.10642761851214683
19.522,1.9521999999999997e-05,-0.09659637596903159,-0.10504543052696218
19.522799999999997,1.9522799999999995e-05,-0.039134581620612674,-0.10367246363765636
19.523600000000002,1.95236e-05,-0.1276250871056661,-0.10230734195160451
19.5244,1.95244e-05,-0.06826096211858423,-0.10094852127313479
19.525199999999998,1.9525199999999997e-05,-0.026720259846526373,-0.09959429862766628
19.526000000000003,1.9526000000000002e-05,-0.11063632189826211,-0.09824282413007052
19.526799999999994,1.9526799999999994e-05,-0.07576720367002654,-0.09689211525376822
19.5276,1.95276e-05,-0.11916938258062615,-0.09554007335536618
19.528399999999998,1.9528399999999998e-05,-0.12833529290449874,-0.09418450211583711
19.529200000000003,1.9529200000000003e-05,-0.10189331979263183,-0.09282312744868318
19.529999999999994,1.9529999999999994e-05,-0.05696292171275885,-0.09145361844726876
19.5308,1.95308e-05,-0.07677435329235938,-0.09007360907246138
19.531599999999997,1.9531599999999998e-05,-0.05593685892466449,-0.08868072042877059
19.532400000000003,1.9532400000000003e-05,-0.06868178981957918,-0.0872725835454605
19.533199999999994,1.953319999999999e-05,-0.0832950067357704,-0.08584686253149916
19.534,1.9534e-05,-0.08641821013436923,-0.08440127784660878
19.534799999999997,1.9534799999999995e-05,-0.11967153896180516,-0.08293362929400576
19.535600000000002,1.95356e-05,-0.08096333781618836,-0.0814418182566006
19.536399999999993,1.953639999999999e-05,-0.07454425039294299,-0.07992386870667208
19.5372,1.9537199999999997e-05,-0.044572809801614266,-0.07837794661525736
19.537999999999997,1.9537999999999995e-05,-0.07409845648617919,-0.07680237751473482
19.538800000000002,1.95388e-05,-0.09801678756659715,-0.0751956620505873
19.539599999999993,1.953959999999999e-05,-0.08335893493594781,-0.07355648936782234
19.540399999999998,1.9540399999999997e-05,-0.04087009386451235,-0.07188374816015294
19.541199999999996,1.9541199999999995e-05,-0.09395376743731021,-0.07017653522982513
19.542,1.9542e-05,-0.045950854713303735,-0.06843416147039807
19.5428,1.95428e-05,-0.06635560610851188,-0.0666561552514275
19.543599999999998,1.9543599999999997e-05,-0.07643353009722864,-0.06484226322458304
19.544400000000003,1.9544400000000002e-05,-0.05673690398370568,-0.06299244859342948
19.5452,1.95452e-05,-0.056770192258064456,-0.06110688691338244
19.546,1.9546e-05,-0.0375507563198515,-0.05918595952472392
19.546799999999998,1.9546799999999997e-05,-0.09250271591402615,-0.05723024476351357
19.547600000000003,1.9547600000000002e-05,-0.051757709155179965,-0.05524050712805461
19.548399999999994,1.9548399999999994e-05,-0.057570805148398296,-0.053217684608276694
19.5492,1.95492e-05,0.004907444825765106,-0.05116287443832734
19.549999999999997,1.9549999999999997e-05,-0.060788765184328186,-0.04907731760699902
19.550800000000002,1.9550800000000003e-05,-0.0484188906132651,-0.046962382506897216
19.551599999999993,1.9551599999999994e-05,-0.04928494438953113,-0.0448195480837455
19.5524,1.95524e-05,-0.020948774196156483,-0.042650386792160024
19.553199999999997,1.9553199999999994e-05,-0.06051962442657188,-0.04045654763426
19.554000000000002,1.9554e-05,-0.01750838963397583,-0.03823973957041017
19.554799999999993,1.955479999999999e-05,-0.007779610908879464,-0.03600171562031898
19.5556,1.9555599999999996e-05,-0.008263042635731632,-0.03374425798892442
19.556399999999996,1.9556399999999995e-05,0.005204577160800139,-0.031469164531271604
19.5572,1.95572e-05,-0.04723338664483512,-0.029178236789034098
19.557999999999993,1.955799999999999e-05,-0.037094371315915864,-0.026873269689942036
19.558799999999998,1.9558799999999996e-05,-0.04001179432544333,-0.024556042851821964
19.559599999999996,1.9559599999999995e-05,0.011368898934886351,-0.0222283133483182
19.5604,1.95604e-05,-0.05469801785332895,-0.01989180980590129
19.5612,1.95612e-05,0.07388913627489802,-0.017548227773385862
19.561999999999998,1.9561999999999997e-05,-0.028060666938127587,-0.015199226363058954
19.562800000000003,1.9562800000000002e-05,-0.003081472109601857,-0.01284642615128195
19.5636,1.95636e-05,-0.017510281639688374,-0.01049140823442833
19.5644,1.95644e-05,-0.0022299819533676546,-0.00813571420558502
19.565199999999997,1.9565199999999997e-05,-0.0025528368369991394,-0.005780846719804441
19.566000000000003,1.9566000000000002e-05,0.00030122580384361886,-0.003428270287177548
19.5668,1.95668e-05,0.011552549978163684,-0.0010794119511312837
19.5676,1.95676e-05,-0.013511378222013759,0.0012643384646015936
19.568399999999997,1.9568399999999997e-05,-0.029261870189474792,0.003601628837531628
19.569200000000002,1.9569200000000002e-05,-0.03150521253460303,0.0059311462233751465
19.569999999999993,1.9569999999999994e-05,0.06445465302476172,0.008251619514802314
19.5708,1.95708e-05,0.0072211454339479175,0.010561823317048028
19.571599999999997,1.9571599999999994e-05,0.021524179080927186,0.012860582899583837
19.572400000000002,1.9572400000000003e-05,0.03149278281228107,0.015146779969810084
19.573199999999993,1.957319999999999e-05,0.018149803236071405,0.01741935900123242
19.573999999999998,1.9573999999999996e-05,0.03600310953401664,0.019677333894124956
19.574799999999996,1.9574799999999994e-05,0.05108235769705338,0.021919794800115956
19.5756,1.95756e-05,-0.030962013641868347,0.024145914990709172
19.576399999999992,1.957639999999999e-05,0.01347946750253759,0.026354957694322653
19.577199999999998,1.9577199999999996e-05,0.0008062190449974471,0.028546282838927593
19.577999999999996,1.9577999999999994e-05,0.04614628589720071,0.03071935356648841
19.5788,1.95788e-05,0.08062597269315763,0.032873742218710096
19.5796,1.9579599999999998e-05,0.06843842499101183,0.035009135301648425
19.580399999999997,1.9580399999999996e-05,0.02847530646824281,0.03712533683032662
19.581200000000003,1.95812e-05,0.0029960357756853018,0.03922226949073844
19.582,1.9582e-05,0.06890369989492984,0.04129997318342443
19.5828,1.9582799999999998e-05,0.11628681391180484,0.04335860061601302
19.583599999999997,1.9583599999999997e-05,0.06505705125185646,0.04539840964141658
19.584400000000002,1.9584400000000002e-05,0.07638289472345572,0.047419752069465027
19.5852,1.95852e-05,0.07290203548121188,0.04942305881627519
19.586,1.9586e-05,0.04297447426138368,0.051408821499256546
19.586799999999997,1.9586799999999997e-05,0.08774353915513855,0.05337757084768495
19.587600000000002,1.9587600000000002e-05,0.05365612065151515,0.055329852504727536
19.5884,1.95884e-05,0.07363663965432099,0.057266200934656196
19.589199999999998,1.95892e-05,0.05120264837161581,0.05918711224261049
19.589999999999996,1.9589999999999997e-05,0.03948113191625546,0.06109301678284012
19.5908,1.9590800000000002e-05,0.07381537332044608,0.06298425246887121
19.5916,1.9591599999999997e-05,0.09806412501015771,0.06486103968733747
19.592399999999998,1.9592399999999996e-05,0.05992352113155197,0.06672345866283085
19.593199999999996,1.9593199999999994e-05,0.03603999101124755,0.06857143006755995
19.594,1.9594e-05,0.050851422590818096,0.07040469964849992
19.594799999999992,1.959479999999999e-05,0.031174277474409373,0.07222282762096212
19.595599999999997,1.9595599999999996e-05,0.030070290697598367,0.07402518347651868
19.596399999999996,1.9596399999999994e-05,0.06271573608936454,0.07581094663676423
19.5972,1.95972e-05,0.05583269793649126,0.07757911307342463
19.598,1.9597999999999998e-05,0.09643433982071847,0.07932850766167117
19.598799999999997,1.9598799999999996e-05,0.061956733541909115,0.08105780169786704
19.599600000000002,1.95996e-05,0.15606911825131153,0.08276553474896373
19.6004,1.96004e-05,0.0795541385278501,0.08445013983983302
19.6012,1.9601199999999998e-05,0.12347114543394788,0.08610997093942732
19.601999999999997,1.9601999999999996e-05,0.0871521113452135,0.08774333177295096
19.602800000000002,1.96028e-05,0.09269757926646038,0.08934850512980613
19.6036,1.96036e-05,0.13180712711585463,0.0909237819940276
19.6044,1.9604399999999998e-05,0.0848998791000729,0.09246748994932172
19.605199999999996,1.9605199999999997e-05,0.09548695736426838,0.09397802040321651
19.606,1.9606e-05,0.10575893498202948,0.09545385425347842
19.6068,1.96068e-05,0.10053216091008887,0.09689358568564943
19.607599999999998,1.96076e-05,0.1302921473923936,0.09829594382959318
19.608399999999996,1.9608399999999997e-05,0.10765105154635979,0.09965981202233606
19.6092,1.9609200000000002e-05,0.1247343848796898,0.10098424445605736
19.61,1.9609999999999997e-05,0.08626752142605543,0.10226848005711785
19.610799999999998,1.9610799999999995e-05,0.09833893948793349,0.10351195353461745
19.611599999999996,1.9611599999999994e-05,0.12002849184321818,0.10471430361740139
19.6124,1.96124e-05,0.11495756574877103,0.10587537853127492
19.6132,1.9613199999999997e-05,0.11302591935864337,0.1069952387546241
19.613999999999997,1.9613999999999996e-05,0.09942476944184053,0.10807415706732909
19.614799999999995,1.9614799999999994e-05,0.126266765083198,0.10911261590359908
19.6156,1.96156e-05,0.13887173579486112,0.11011130202827601
19.6164,1.9616399999999997e-05,0.11878832659752958,0.11107109856620556
19.617199999999997,1.9617199999999996e-05,0.12064696637606365,0.11199307443961658
19.618000000000002,1.9618e-05,0.12604755673697643,0.11287847132942029
19.6188,1.96188e-05,0.12603923466838718,0.11372868836368125
19.6196,1.9619599999999998e-05,0.12837582096515454,0.11454526482190082
19.620399999999997,1.9620399999999996e-05,0.12218634447386445,0.11532986121521413
19.6212,1.96212e-05,0.10866652323725234,0.1160842391670577
19.622,1.9622e-05,0.10947413402195594,0.11681024057686104
19.622799999999998,1.9622799999999998e-05,0.10656295256387072,0.11750976658338681
19.623599999999996,1.9623599999999996e-05,0.1001474583434877,0.11818475683171605
19.6244,1.96244e-05,0.11886417006912886,0.11883716947864781
19.6252,1.96252e-05,0.14033243356105496,0.11946896225580346
19.625999999999998,1.9625999999999998e-05,0.11847738698539023,0.1200820747769975
19.626799999999996,1.9626799999999996e-05,0.12437540486172494,0.12067841216640397
19.6276,1.96276e-05,0.13360391921139492,0.12125983002474662
19.6284,1.96284e-05,0.14071013823334666,0.12182812073719572
19.629199999999997,1.9629199999999995e-05,0.15342934657956475,0.12238500113745832
19.629999999999995,1.9629999999999993e-05,0.09592234868526506,0.12293210157380602
19.6308,1.96308e-05,0.12003757025466877,0.1234709564814085
19.6316,1.9631599999999997e-05,0.12000484981173609,0.12400299663051825
19.632399999999997,1.9632399999999995e-05,0.14382029069759839,0.12452954324374649
19.633199999999995,1.9633199999999994e-05,0.14791659910124388,0.1250518041374829
19.634,1.9634e-05,0.08687256800172016,0.12557087198105882
19.6348,1.9634799999999997e-05,0.12374728408600377,0.1260877247324976
19.635599999999997,1.9635599999999995e-05,0.14646554757792984,0.1266032282974636
19.636400000000002,1.96364e-05,0.09731079618272176,0.12711814142181405
19.6372,1.96372e-05,0.15350102901686924,0.1276331227494778
19.637999999999998,1.9637999999999997e-05,0.09967518554527,0.12814873988464537
19.638799999999996,1.9638799999999996e-05,0.12418059488985322,0.12866548021544083
19.6396,1.96396e-05,0.13537290824114812,0.12918376317820865
19.6404,1.96404e-05,0.13094334236817406,0.12970395355150044
19.641199999999998,1.9641199999999998e-05,0.13141561516639177,0.13022637526928404
19.641999999999996,1.9641999999999996e-05,0.18323453660769295,0.13075132515624
19.6428,1.96428e-05,0.13691985206468826,0.13127908594157248
19.6436,1.96436e-05,0.17204373594211286,0.1318099379238235
19.644399999999997,1.9644399999999998e-05,0.12491936009725702,0.13234416874940283
19.645199999999996,1.9645199999999996e-05,0.18440869313608366,0.13288208091808446
19.646,1.9646e-05,0.11613172227716884,0.13342399680110426
19.6468,1.96468e-05,0.10787498875829848,0.1339702611168686
19.647599999999997,1.9647599999999995e-05,0.1398977985829255,0.134521240932191
19.648399999999995,1.9648399999999993e-05,0.13291678761267856,0.13507732331346678
19.6492,1.9649199999999998e-05,0.17406503308101817,0.1356389107233466
19.65,1.9649999999999997e-05,0.16978772198266545,0.13620641418053767
19.650799999999997,1.9650799999999995e-05,0.15102315836263347,0.136780244155105
19.651599999999995,1.9651599999999993e-05,0.1470374943906706,0.13736079922009617
19.6524,1.96524e-05,0.17956246059643977,0.13794845261747185
19.6532,1.9653199999999997e-05,0.17571297509335138,0.13854353707144557
19.653999999999996,1.9653999999999995e-05,0.09710142259081811,0.13914632835743754
19.6548,1.96548e-05,0.13242976268299433,0.13975702830364822
19.6556,1.96556e-05,0.1338842188977457,0.14037574804220143
19.656400000000005,1.9656400000000004e-05,0.12866936009725705,0.14100249238006088
19.657199999999996,1.9657199999999995e-05,0.11834385686508575,0.14163714609719608
19.658,1.9658e-05,0.08881196862900864,0.14227946283608786
19.6588,1.96588e-05,0.12829297959925257,0.14292905706279516
19.659600000000005,1.9659600000000004e-05,0.1559968679825744,0.14358539935206224
19.660399999999996,1.9660399999999996e-05,0.169508178639172,0.14424781497385708
19.6612,1.96612e-05,0.134731548019685,0.1449154854893871
19.662,1.9662e-05,0.13670839795562706,0.14558745288139216
19.662799999999997,1.9662799999999997e-05,0.1837764113260677,0.14626262567093823
19.663599999999995,1.9663599999999996e-05,0.14047031322708903,0.14693978646243339
19.6644,1.96644e-05,0.1563634137262715,0.14761760036033933
19.6652,1.96652e-05,0.20924036205570573,0.14829462371317276
19.665999999999997,1.9665999999999994e-05,0.18898446074369135,0.1489693126839068
19.666799999999995,1.9666799999999993e-05,0.16857535980275362,0.14964003124318984
19.6676,1.9667599999999998e-05,0.17979623256268984,0.15030505835722938
19.6684,1.9668399999999996e-05,0.14278666218381164,0.15096259439092216
19.669199999999996,1.9669199999999995e-05,0.08871248312593039,0.15161076700831325
19.669999999999995,1.9669999999999993e-05,0.18332021483360672,0.15224763704123284
19.6708,1.9670799999999998e-05,0.12416054606123639,0.15287120485117964
19.671599999999998,1.9671599999999996e-05,0.09701668921919637,0.1534794176236283
19.672399999999996,1.9672399999999995e-05,0.14409359248964948,0.15407017785605473
19.673199999999994,1.9673199999999993e-05,0.19171463950706935,0.1546413530780722
19.674,1.9674e-05,0.2139335834778613,0.15519078659643798
19.674800000000005,1.9674800000000003e-05,0.19168135123271057,0.15571630884767634
19.675599999999996,1.9675599999999995e-05,0.1751113332091241,0.15621574887392464
19.6764,1.96764e-05,0.13217102451097507,0.1566869455650985
19.6772,1.96772e-05,0.15569708729903942,0.15712775855536684
19.678000000000004,1.9678000000000004e-05,0.2021110688336878,0.15753607888192808
19.678799999999995,1.9678799999999995e-05,0.15352259053121076,0.15790983962398253
19.6796,1.96796e-05,0.12153590584095142,0.1582470267641614
19.6804,1.96804e-05,0.1548240356284637,0.15854569052091086
19.681200000000004,1.9681200000000004e-05,0.1801141700691289,0.15880395739805916
19.681999999999995,1.9681999999999996e-05,0.17382237121474575,0.15902004314756804
19.6828,1.96828e-05,0.10846414753964528,0.15919226674776749
19.6836,1.96836e-05,0.12887041162057122,0.15931906541448876
19.684399999999997,1.9684399999999994e-05,0.19499652774314635,0.15939901059191666
19.685199999999995,1.9685199999999992e-05,0.16303008039294142,0.15943082475995243
19.686,1.9685999999999998e-05,0.14458685897078605,0.15941339873544744
19.686799999999998,1.9686799999999996e-05,0.16190245158464145,0.15934580900342882
19.687599999999996,1.9687599999999994e-05,0.19245756574876804,0.15922733454015633
19.688399999999994,1.9688399999999993e-05,0.16341478295953282,0.1590574725601909
19.6892,1.9689199999999998e-05,0.1746362235508916,0.15883595260851785
19.689999999999998,1.9689999999999996e-05,0.17313864430747694,0.1585627484397971
19.690799999999996,1.9690799999999994e-05,0.1536031628685275,0.15823808718952953
19.691599999999994,1.9691599999999993e-05,0.21325817863917196,0.15786245542461635
19.6924,1.9692399999999998e-05,0.14419591485274263,0.15743660174263074
19.693200000000004,1.9693200000000003e-05,0.1827490243637233,0.15696153567519266
19.693999999999996,1.9693999999999995e-05,0.20212922565659197,0.15643852275523754
19.6948,1.96948e-05,0.15477467104835818,0.15586907573203687
19.6956,1.9695599999999998e-05,0.17772613867510167,0.1552549420575548
19.696400000000004,1.9696400000000003e-05,0.1298045546312795,0.1545980879209944
19.697199999999995,1.9697199999999995e-05,0.11333553479649605,0.15390067925251089
19.698,1.9698e-05,0.21317193258183564,0.1531650602008298
19.6988,1.96988e-05,0.14431904238730986,0.15239372957742753
19.699600000000004,1.9699600000000004e-05,0.1641276371068755,0.15158931568342557
19.700399999999995,1.9700399999999995e-05,0.1388433648976547,0.15075454987445144
19.7012,1.97012e-05,0.17453390118779843,0.14989223921738576
19.701999999999998,1.9702e-05,0.16341478295953282,0.14900523862242895
19.702800000000003,1.9702800000000004e-05,0.16459234417936097,0.14809642285736868
19.703599999999994,1.9703599999999992e-05,0.11348703322826992,0.14716865887604336
19.7044,1.9704399999999997e-05,0.14391977620068663,0.14622477893436048
19.705199999999998,1.9705199999999996e-05,0.11348362853683247,0.1452675549959699
19.705999999999996,1.9705999999999994e-05,0.1712730066346403,0.14429967489418977
19.706799999999994,1.9706799999999992e-05,0.1271884249910119,0.14332372060310905
19.7076,1.9707599999999997e-05,0.16717386137097978,0.14234214882239946
19.708399999999997,1.9708399999999996e-05,0.1582269708819607,0.1413572739582582
19.709199999999996,1.9709199999999994e-05,0.131814881353015,0.14037125352074548
19.709999999999994,1.9709999999999993e-05,0.14636133320912414,0.13938607595359748
19.7108,1.9710799999999998e-05,0.13581397328216438,0.13840355094063375
19.711600000000004,1.9711600000000003e-05,0.13933776704163658,0.13742530225746022
19.712399999999995,1.9712399999999994e-05,0.12907902886962053,0.13645276323384625
19.7132,1.97132e-05,0.12300927522146732,0.1354871748598709
19.714,1.9713999999999998e-05,0.11063656379032638,0.1345295865141254
19.714800000000004,1.9714800000000003e-05,0.1530440761815408,0.13358085921068194
19.715599999999995,1.9715599999999995e-05,0.11880156604327152,0.13264167114754477
19.7164,1.97164e-05,0.1346494629966435,0.13171252520704585
19.7172,1.9717199999999998e-05,0.16077141808491402,0.13079375793948886
19.718000000000004,1.9718000000000003e-05,0.19437464851886765,0.1298855494818875
19.718799999999995,1.9718799999999995e-05,0.1095777805593291,0.12898793384579887
19.7196,1.97196e-05,0.15046331533278923,0.1281008090771095
19.720399999999998,1.97204e-05,0.12081737797359493,0.12722394694030303
19.721200000000003,1.9721200000000004e-05,0.1840470647695488,0.12635700194794242
19.721999999999994,1.9721999999999992e-05,0.10563032223888424,0.12549951968231107
19.7228,1.9722799999999997e-05,0.11402625959807455,0.12465094444447196
19.723599999999998,1.9723599999999995e-05,0.15630080970041416,0.12381062634726199
19.724400000000003,1.97244e-05,0.11959102000507793,0.12297782803602626
19.725199999999994,1.9725199999999992e-05,0.12563164641316726,0.12215173125207145
19.726,1.9725999999999997e-05,0.08073396877626038,0.12133144345949515
19.726799999999997,1.9726799999999996e-05,0.14199229084485,0.1205160047517381
19.727599999999995,1.9727599999999994e-05,0.11714322144519818,0.11970439522052048
19.728399999999993,1.9728399999999992e-05,0.11680996397586274,0.1188955428887969
19.7292,1.9729199999999997e-05,0.10572564670767359,0.118088332207265
19.729999999999997,1.9729999999999996e-05,0.10820124833333133,0.11728161302752163
19.730799999999995,1.9730799999999994e-05,0.11635792851768667,0.1164742098919403
19.7316,1.97316e-05,0.13366236220295757,0.1156649313955607
19.7324,1.9732399999999998e-05,0.1423998791000729,0.11485257927843652
19.733200000000004,1.9733200000000003e-05,0.13274070229513368,0.11403595683357069
19.733999999999995,1.9733999999999994e-05,0.1533215390078867,0.11321387620829525
19.7348,1.97348e-05,0.1213836510663231,0.11238516425358848
19.735599999999998,1.9735599999999998e-05,0.09798771370712867,0.11154866672021818
19.736400000000003,1.9736400000000003e-05,0.12089870665377911,0.1107032507704812
19.737199999999994,1.9737199999999995e-05,0.12004532449182925,0.10984780591547696
19.738,1.9738e-05,0.10957305169361153,0.10898124356307548
19.738799999999998,1.9738799999999998e-05,0.14112340020857916,0.1081024953801493
19.739600000000003,1.9739600000000003e-05,0.10119300212873616,0.10721051067735794
19.740399999999994,1.974039999999999e-05,0.07868959743730863,0.10630425304854585
19.7412,1.97412e-05,0.138290899082108,0.10538269653524822
19.741999999999997,1.9741999999999995e-05,0.10647330181509695,0.10444482160844722
19.742800000000003,1.97428e-05,0.12284018779821904,0.10348961124683219
19.743599999999994,1.974359999999999e-05,0.07350670273688875,0.10251604736817756
19.7444,1.9744399999999997e-05,0.08836258151941268,0.10152310786913818
19.745199999999997,1.9745199999999995e-05,0.11650602225802598,0.10050976453160518
19.746000000000002,1.9746e-05,0.0627601832923178,0.09947498201409803
19.746799999999993,1.9746799999999992e-05,0.14226351211975374,0.09841771805177917
19.7476,1.9747599999999997e-05,0.11699777605343487,0.09733692487389617
19.748399999999997,1.9748399999999995e-05,0.10476218794547032,0.09623155176225673
19.749200000000002,1.97492e-05,0.08010017428052951,0.09510054865503262
19.75,1.975e-05,0.10924055056714066,0.09394287074752447
19.750799999999998,1.9750799999999997e-05,0.08883920386336308,0.09275748410906387
19.751600000000003,1.9751600000000002e-05,0.0849728857116675,0.09154337236884537
19.752399999999994,1.9752399999999994e-05,0.109459570401921,0.09029954451191312
19.7532,1.97532e-05,0.0727588591180377,0.08902504379216812
19.753999999999998,1.9753999999999998e-05,0.09527550325521716,0.08771895773080793
19.754800000000003,1.9754800000000003e-05,0.09538406716974956,0.0863804291312584
19.755599999999994,1.9755599999999994e-05,0.060164290992101854,0.08500866800414965
19.7564,1.97564e-05,0.08542719019841571,0.08360296425445488
19.757199999999997,1.9757199999999998e-05,0.03256821018045086,0.08216270092869338
19.758000000000003,1.9758000000000003e-05,0.130709570401924,0.08068736773524122
19.758799999999994,1.975879999999999e-05,0.11544950805561471,0.07917657442672643
19.7596,1.97596e-05,0.08181204449301016,0.0776300635072847
19.760399999999997,1.9760399999999995e-05,0.06701385235919166,0.07604772167381771
19.761200000000002,1.97612e-05,0.09860599972854234,0.07442958945437374
19.761999999999993,1.976199999999999e-05,0.09130156604327155,0.07277586861602944
19.7628,1.9762799999999997e-05,0.13087998199944928,0.07108692700814093
19.763599999999997,1.9763599999999995e-05,0.06600102901686922,0.06936330058571728
19.764400000000002,1.97644e-05,0.10868808475158398,0.0676056924766646
19.765199999999993,1.976519999999999e-05,0.03798847004999306,0.06581496913833292
19.766,1.9765999999999997e-05,0.06941644737325081,0.06399215385142931
19.766799999999996,1.9766799999999995e-05,0.054049901629553476,0.06213841795623444
19.7676,1.97676e-05,0.01008844752050253,0.060255070303276814
19.7684,1.97684e-05,0.08198945398484514,0.058343545360646024
19.769199999999998,1.9769199999999997e-05,0.09179407618154378,0.05640539031093635
19.770000000000003,1.9770000000000002e-05,0.012411038028667387,0.054442251323739366
19.7708,1.97708e-05,0.07208818314506604,0.05245585906611171
19.7716,1.97716e-05,0.09056355717873199,0.05044801345172496
19.772399999999998,1.9772399999999997e-05,0.061906044787513714,0.04842056761428554
19.773200000000003,1.9773200000000002e-05,0.0687765998375025,0.04637541110514542
19.773999999999994,1.9773999999999994e-05,0.04418759278415296,0.044314452378897015
19.7748,1.97748e-05,0.023324375867901592,0.04223960074932849
19.775599999999997,1.9775599999999997e-05,0.0771946665424541,0.040152748123229665
19.776400000000002,1.9776400000000003e-05,0.048139968481756945,0.03805575089729984
19.777199999999993,1.9777199999999994e-05,0.011328044934765358,0.03595041243039395
19.778,1.9778e-05,0.02854906942269453,0.03383846651489635
19.778799999999997,1.9778799999999994e-05,0.037255946394031514,0.0317215622808287
19.779600000000002,1.9779600000000003e-05,0.05034850986681172,0.029601250947339276
19.780399999999993,1.978039999999999e-05,0.003050317732953056,0.027478974775947955
19.7812,1.9781199999999996e-05,-0.0017465502265154864,0.02535605850997822
19.781999999999996,1.9781999999999995e-05,0.029479051399108114,0.023233703526096466
19.7828,1.97828e-05,0.0012584430146382886,0.021112984847923795
19.783599999999993,1.978359999999999e-05,0.047434680060146506,0.018994851047776477
19.784399999999998,1.9784399999999996e-05,0.027359592931404553,0.016880126912927878
19.785199999999996,1.9785199999999995e-05,-0.004960160716745654,0.014769518632338056
19.786,1.9786e-05,0.0040325011495169205,0.012663621199760939
19.7868,1.97868e-05,0.04452009391063394,0.010562927709704758
19.787599999999998,1.9787599999999997e-05,0.05076309601632434,0.008467840201612531
19.788400000000003,1.9788400000000002e-05,0.040763852359191666,0.0063786816841233385
19.7892,1.97892e-05,-0.038866008694249055,0.004295709001830054
19.79,1.979e-05,0.010583038175919102,0.0022191263262867325
19.790799999999997,1.9790799999999997e-05,-0.004078975489025027,0.00014909920301305995
19.791600000000003,1.9791600000000002e-05,-0.02115663510237531,-0.001914230833784562
19.7924,1.97924e-05,0.02238531548004108,-0.003970731094125202
19.7932,1.97932e-05,0.008247208222012303,-0.006020262116557664
19.793999999999997,1.9793999999999997e-05,-0.011822393698184719,-0.0080626617921905
19.794800000000002,1.9794800000000002e-05,0.018499704842589115,-0.010097729457234413
19.795599999999993,1.9795599999999994e-05,-0.048827803042768125,-0.012125210172193599
19.7964,1.97964e-05,-0.005135489691433182,-0.014144779370123737
19.797199999999997,1.9797199999999994e-05,0.013841852211969985,-0.016156028036573858
19.798000000000002,1.9798000000000003e-05,-0.06446840692137368,-0.01815844860244668
19.798799999999993,1.979879999999999e-05,-0.012324550079263696,-0.02015142177687202
19.799599999999998,1.9799599999999996e-05,-0.04700396422431463,-0.022134204603009106
19.800399999999996,1.9800399999999994e-05,-0.004043418186084002,-0.02410592009544052
19.8012,1.98012e-05,0.03605247411413204,-0.026065548925774278
19.801999999999992,1.980199999999999e-05,0.00300719470431976,-0.028011923725460817
19.802799999999998,1.9802799999999996e-05,-0.002541677908334483,-0.029943726591158324
19.803599999999996,1.9803599999999995e-05,-0.026674867789240997,-0.03185949025475883
19.8044,1.98044e-05,-0.011059986459231896,-0.03375760314687169
19.8052,1.9805199999999998e-05,-0.04740531092805522,-0.03563631832975194
19.805999999999997,1.9805999999999996e-05,-0.030109767142806776,-0.03749376607967221
19.806800000000003,1.98068e-05,0.00952368711349616,-0.03932796978001684
19.8076,1.98076e-05,-0.03790538679208688,-0.0411368647222012
19.8084,1.9808399999999998e-05,-0.018469579367630495,-0.04291831935614073
19.809199999999997,1.9809199999999997e-05,-0.05467361947895266,-0.044670158442916684
19.810000000000002,1.9810000000000002e-05,-0.09555215635810321,-0.04639018744135676
19.8108,1.98108e-05,-0.06356414749352657,-0.04807621736442434
19.8116,1.98116e-05,-0.03157613862905018,-0.04972608934119012
19.812399999999997,1.9812399999999997e-05,-0.07344101995895935,-0.05133769824068353
19.813200000000002,1.9813200000000002e-05,-0.054333552626749215,-0.052909014905871
19.814,1.9814e-05,-0.06282197759475527,-0.05443810672926625
19.814799999999998,1.98148e-05,-0.0658846574845442,-0.055923156441337184
19.815599999999996,1.9815599999999997e-05,-0.03438499772404213,-0.057362479098221356
19.8164,1.9816400000000002e-05,-0.03641329275724703,-0.05875453736324812
19.8172,1.9817199999999997e-05,-0.04427510963518666,-0.06009795525934137
19.817999999999998,1.9817999999999996e-05,-0.07422498871221384,-0.061391530593637764
19.818799999999996,1.9818799999999994e-05,-0.05173482346655833,-0.06263424621447887
19.8196,1.98196e-05,-0.051118429450794256,-0.06382528019141116
19.820399999999992,1.982039999999999e-05,-0.04986634893364694,-0.06496401495862203
19.821199999999997,1.9821199999999996e-05,-0.04386600869424906,-0.06605004543928195
19.821999999999996,1.9821999999999994e-05,-0.054661136376068065,-0.06708318614085185
19.8228,1.98228e-05,-0.1081272434868451,-0.06806347715363731
19.8236,1.9823599999999998e-05,-0.08056255894384035,-0.06899118891088261
19.824399999999997,1.9824399999999996e-05,-0.0403866621377601,-0.06986682552909063
19.825200000000002,1.98252e-05,-0.08918318985783069,-0.07069112658509646
19.826,1.9826e-05,-0.057062407215877076,-0.07146506728520753
19.8268,1.9826799999999998e-05,-0.04415254993201212,-0.0721898570777557
19.827599999999997,1.9827599999999996e-05,-0.0623427069021979,-0.07286693680889096
19.828400000000002,1.98284e-05,-0.04477310498207088,-0.07349797451643404
19.8292,1.98292e-05,-0.09741495717096493,-0.07408485990199988
19.83,1.9829999999999998e-05,-0.09911642479767857,-0.07462969743207962
19.830799999999996,1.9830799999999997e-05,-0.10909978066049908,-0.07513479794218546
19.8316,1.98316e-05,-0.055149485480042504,-0.0756026686203598
19.8324,1.98324e-05,-0.06785810272908877,-0.0760360013576628
19.833199999999998,1.98332e-05,-0.041817476320962554,-0.07643765962860771
19.833999999999996,1.9833999999999997e-05,-0.08523573153734876,-0.07681066420889975
19.8348,1.9834800000000002e-05,-0.062222984059098096,-0.07715817808430912
19.8356,1.9835599999999997e-05,-0.08383404459421029,-0.07748349086353472
19.836399999999998,1.9836399999999995e-05,-0.060692684372677275,-0.07779000293991827
19.837199999999996,1.9837199999999994e-05,-0.05860310948793501,-0.07808120959942008
19.838,1.9838e-05,-0.05670550771505978,-0.07836068524709872
19.8388,1.9838799999999997e-05,-0.03828800884150074,-0.07863206789039351
19.839599999999997,1.9839599999999996e-05,-0.07547082767791902,-0.07889904394209896
19.840399999999995,1.9840399999999994e-05,-0.050136246034330534,-0.07916533327734224
19.8412,1.98412e-05,-0.05624080064253423,-0.07943467431221957
19.842,1.9841999999999997e-05,-0.14387016972854383,-0.07971080869851416
19.842799999999997,1.9842799999999996e-05,-0.09975438032774409,-0.07999746508698138
19.843600000000002,1.98436e-05,-0.11830332880436012,-0.08029834135225136
19.8444,1.98444e-05,-0.10058355262674923,-0.08061708475098019
19.8452,1.9845199999999998e-05,-0.05732946745648604,-0.08095726970916307
19.845999999999997,1.9845999999999996e-05,-0.0795644877330246,-0.08132237323358314
19.8468,1.98468e-05,-0.09203933301582079,-0.08171574821167998
19.8476,1.98476e-05,-0.08185568197254345,-0.08214059503773855
19.848399999999998,1.9848399999999998e-05,-0.05450188370716713,-0.08259993208690816
19.849199999999996,1.9849199999999996e-05,-0.07799863074366298,-0.08309656559882742
19.85,1.985e-05,-0.11948240270991295,-0.08363305955638442
19.8508,1.98508e-05,-0.05654625504605881,-0.08421170615063324
19.851599999999998,1.9851599999999998e-05,-0.09408654121478721,-0.08483449742381102
19.852399999999996,1.9852399999999996e-05,-0.051309646219833915,-0.08550309870708961
19.8532,1.98532e-05,-0.02998739595106681,-0.08621882450940618
19.854,1.9854e-05,-0.06352442915629097,-0.08698261751372693
19.854799999999997,1.9854799999999995e-05,-0.06904133766893661,-0.08779503124371986
19.855599999999995,1.9855599999999993e-05,-0.1386990017881511,-0.0886562167711125
19.8564,1.98564e-05,-0.0765517402546737,-0.08956591360486775
19.8572,1.9857199999999997e-05,-0.06182579838955227,-0.09052344474010146
19.857999999999997,1.9857999999999995e-05,-0.0910626348078718,-0.09152771580361121
19.858799999999995,1.9858799999999994e-05,-0.06301111384654745,-0.09257721826771585
19.8596,1.98596e-05,-0.13971182513043345,-0.09367003672250457
19.8604,1.9860399999999997e-05,-0.08606963270214152,-0.09480386016517446
19.861199999999997,1.9861199999999995e-05,-0.049142903689202266,-0.09597599722989764
19.862000000000002,1.9862e-05,-0.13122340016252754,-0.09718339528983527
19.8628,1.98628e-05,-0.10915046941486461,-0.09842266339968925
19.863599999999998,1.9863599999999997e-05,-0.02212085020743959,-0.09969009907076173
19.864399999999996,1.9864399999999996e-05,-0.04410810272908883,-0.10098171887016284
19.8652,1.98652e-05,-0.09259444717994747,-0.10229329279778357
19.866,1.9866e-05,-0.11240739144520268,-0.10362038226195514
19.866799999999998,1.9866799999999998e-05,-0.14516121224009965,-0.10495838123152665
19.867599999999996,1.9867599999999996e-05,-0.06115739144520271,-0.10630255989111045
19.8684,1.98684e-05,-0.09030174025467363,-0.10764810999476512
19.8692,1.98692e-05,-0.1515008629888735,-0.10899019111265462
19.869999999999997,1.9869999999999998e-05,-0.0709500983704765,-0.11032397700404731
19.870799999999996,1.9870799999999996e-05,-0.07947048743852114,-0.11164470136239593
19.8716,1.98716e-05,-0.1390190198117076,-0.11294770216910464
19.8724,1.98724e-05,-0.12490114989376055,-0.11422846387244721
19.873199999999997,1.9873199999999995e-05,-0.1595907781130137,-0.11548265657688851
19.873999999999995,1.9873999999999993e-05,-0.12922423236938646,-0.11670617142769231
19.8748,1.9874799999999998e-05,-0.1380591542523728,-0.11789515147147903
19.8756,1.9875599999999997e-05,-0.16278017874037204,-0.11904601747810853
19.876399999999997,1.9876399999999995e-05,-0.09482322590504377,-0.1201554884768049
19.877199999999995,1.9877199999999993e-05,-0.09144601320011314,-0.12122059703603491
19.878,1.9878e-05,-0.15890080965436254,-0.12223869955741153
19.8788,1.9878799999999997e-05,-0.11619635343961099,-0.12320748201649587
19.879599999999996,1.9879599999999995e-05,-0.090902057964651,-0.12412496165915045
19.8804,1.98804e-05,-0.10498872012538685,-0.12498948519248394
19.8812,1.98812e-05,-0.08512716762281347,-0.12579972402307796
19.882000000000005,1.9882000000000004e-05,-0.11666578937782401,-0.12655466706211455
19.882799999999996,1.9882799999999995e-05,-0.13617819661667696,-0.12725361150410014
19.8836,1.98836e-05,-0.16515497068865737,-0.12789615182133168
19.8844,1.98844e-05,-0.13731206697637932,-0.12848216707896049
19.885200000000005,1.9885200000000004e-05,-0.10365871561952278,-0.12901180664031203
19.885999999999996,1.9885999999999996e-05,-0.1198712663108692,-0.129485474413243
19.8868,1.98868e-05,-0.10951985201856662,-0.12990381191900796
19.8876,1.98876e-05,-0.1398635120736721,-0.13026768055087273
19.888399999999997,1.9888399999999997e-05,-0.13866779403093976,-0.1305781433922005
19.889199999999995,1.9889199999999996e-05,-0.10864698885946555,-0.1308364469216678
19.89,1.989e-05,-0.07865039355093306,-0.13104400290363277
19.8908,1.98908e-05,-0.12453101094723107,-0.13120237075096067
19.891599999999997,1.9891599999999994e-05,-0.13908729755761468,-0.13131324060646685
19.892399999999995,1.9892399999999993e-05,-0.14631456359695605,-0.1313784172825586
19.8932,1.9893199999999998e-05,-0.11817736440981785,-0.13139980506814786
19.894,1.9893999999999996e-05,-0.12570441113273445,-0.13137939333707258
19.894799999999996,1.9894799999999995e-05,-0.07495391916527328,-0.131319242897141
19.895599999999995,1.9895599999999993e-05,-0.13070592381848922,-0.1312214730466743
19.8964,1.9896399999999998e-05,-0.16800279177795763,-0.13108824928239007
19.897199999999998,1.9897199999999996e-05,-0.12282122125182782,-0.13092177151485482
19.897999999999996,1.9897999999999995e-05,-0.09767596437156634,-0.13072426255826794
19.898799999999994,1.9898799999999993e-05,-0.1621263354159545,-0.13049795663886238
19.8996,1.98996e-05,-0.16653017874037207,-0.13024508770689366
19.900400000000005,1.9900400000000003e-05,-0.09715130162172358,-0.12996787739669963
19.901199999999996,1.9901199999999995e-05,-0.09156157500901818,-0.12966852255299377
19.902,1.9902e-05,-0.1766852703749781,-0.12934918233779155
19.9028,1.99028e-05,-0.12469934202754906,-0.129011965011199
19.903600000000004,1.9903600000000004e-05,-0.12650445619167572,-0.1286589145078947
19.904399999999995,1.9904399999999995e-05,-0.10540122575779198,-0.12829199694895768
19.9052,1.99052e-05,-0.09424787440083549,-0.12791308727831768
19.906,1.9906e-05,-0.13118235765097164,-0.12752395626122925
19.906800000000004,1.9906800000000004e-05,-0.1298954761737109,-0.12712625806856293
19.907599999999995,1.9907599999999996e-05,-0.10787001800058071,-0.1267215185931092
19.9084,1.99084e-05,-0.11358154797363351,-0.12631112455560164
19.9092,1.99092e-05,-0.1290795433204175,-0.1258963134000611
19.909999999999997,1.9909999999999994e-05,-0.14028566394888697,-0.1254781639450123
19.910799999999995,1.9910799999999992e-05,-0.13366155247949751,-0.12505758773356154
19.9116,1.9911599999999998e-05,-0.13490455458522776,-0.12463532102638089
19.912399999999998,1.9912399999999996e-05,-0.15708245604442395,-0.12421191743553603
19.913199999999996,1.9913199999999994e-05,-0.09190372237836897,-0.12378774130843188
19.913999999999994,1.9913999999999993e-05,-0.1455222727752119,-0.1233629621184177
19.9148,1.9914799999999998e-05,-0.13045267085498496,-0.12293755026936885
19.915599999999998,1.9915599999999996e-05,-0.06533654121478727,-0.12251127484609742
19.916399999999996,1.9916399999999995e-05,-0.0884758209190728,-0.12208370392353399
19.917199999999994,1.9917199999999993e-05,-0.07601686343062852,-0.12165420806544422
19.918,1.9917999999999998e-05,-0.0968899151011644,-0.12122196755978737
19.918800000000005,1.9918800000000003e-05,-0.13532746280327018,-0.12078598373491738
19.919599999999996,1.9919599999999995e-05,-0.09308487680106925,-0.12034509442861217
19.9204,1.99204e-05,-0.0860217808077508,-0.11989799343021587
19.9212,1.9921199999999998e-05,-0.08451436681005164,-0.11944325353645317
19.922000000000004,1.9922000000000003e-05,-0.1628726663491208,-0.11897935272917495
19.922799999999995,1.9922799999999995e-05,-0.09665822365206178,-0.11850470284908758
19.9236,1.99236e-05,-0.10825396422431466,-0.11801768000872144
19.9244,1.99244e-05,-0.12608495266500086,-0.11751665591091363
19.925200000000004,1.9925200000000004e-05,-0.14003676053121228,-0.11700002923073709
19.925999999999995,1.9925999999999995e-05,-0.13705881401297493,-0.1164662562486522
19.9268,1.99268e-05,-0.14773497519452156,-0.11591387998265798
19.927599999999998,1.99276e-05,-0.09129300208265445,-0.11534155718551628
19.928400000000003,1.9928400000000004e-05,-0.1299879637825595,-0.11474808275628601
19.929199999999994,1.9929199999999992e-05,-0.09705881401297489,-0.11413241131896994
19.93,1.9929999999999997e-05,-0.11005756570268643,-0.1134936758846824
19.930799999999998,1.9930799999999996e-05,-0.0952516193317009,-0.11283120360828078
19.931599999999996,1.9931599999999994e-05,-0.11291654572065146,-0.11214452868466186
19.932399999999994,1.9932399999999992e-05,-0.11724114088193227,-0.11143340242555323
19.9332,1.9933199999999997e-05,-0.12781422335755832,-0.11069780053741984
19.933999999999997,1.9933999999999996e-05,-0.07516896647719673,-0.10993792761353463
19.934799999999996,1.9934799999999994e-05,-0.10441355713261335,-0.10915421887855624
19.935599999999994,1.9935599999999993e-05,-0.11526353460319277,-0.10834733926788515
19.9364,1.9936399999999998e-05,-0.08100362398481675,-0.1075181799483503
19.937199999999997,1.9937199999999996e-05,-0.14036434428053113,-0.10666785237597802
19.937999999999995,1.9937999999999994e-05,-0.04524197308879119,-0.10579767996343761
19.9388,1.99388e-05,-0.11996791495391268,-0.10490918741697101
19.9396,1.9939599999999998e-05,-0.06756664411410362,-0.10400408779112741
19.940400000000004,1.9940400000000003e-05,-0.07199280529565022,-0.10308426727121098
19.941199999999995,1.9941199999999995e-05,-0.16055631739239806,-0.10215176761276083
19.942,1.9942e-05,-0.13101478291348112,-0.10120876606406902
19.9428,1.9942799999999998e-05,-0.13507704669984072,-0.10025755253319038
19.943600000000004,1.9943600000000003e-05,-0.13969101995895938,-0.09930050381655321
19.944399999999995,1.9944399999999995e-05,-0.06802435329235934,-0.09834005491900676
19.9452,1.99452e-05,-0.0712547964311736,-0.09737866780999155
19.945999999999998,1.9946e-05,-0.11335817859312036,-0.09641879826204496
19.946800000000003,1.9946800000000004e-05,-0.06656497970038566,-0.09546286160710352
19.947599999999994,1.9947599999999992e-05,-0.0880256774665793,-0.09451319830063086
19.9484,1.9948399999999997e-05,-0.08808638948672409,-0.09357204015453828
19.949199999999998,1.9949199999999995e-05,-0.08241420082803763,-0.09264147804674634
19.950000000000003,1.995e-05,-0.06443020126979282,-0.09172343186102108
19.950799999999994,1.9950799999999992e-05,-0.07597582091907285,-0.09081962335474565
19.9516,1.9951599999999997e-05,-0.09325320788138725,-0.08993155258684762
19.952399999999997,1.9952399999999996e-05,-0.017785852460321716,-0.08906047845290457
19.953199999999995,1.9953199999999994e-05,-0.056210917059642984,-0.08820740376419238
19.953999999999994,1.9953999999999992e-05,-0.047431033476651674,-0.08737306516079799
19.9548,1.9954799999999997e-05,-0.08196424588707885,-0.08655792793950898
19.955599999999997,1.9955599999999996e-05,-0.10747131964538004,-0.08576218560294423
19.956399999999995,1.9956399999999994e-05,-0.0945281740871563,-0.08498576365874477
19.9572,1.99572e-05,-0.07660885907191628,-0.08422832700796383
19.958,1.9957999999999998e-05,-0.09906630387470561,-0.08348929020773257
19.958800000000004,1.9958800000000003e-05,-0.09224795026486698,-0.08276782994787428
19.959599999999995,1.9959599999999994e-05,-0.08671458612647676,-0.08206289918250023
19.9604,1.99604e-05,-0.05116022830517741,-0.08137324246636538
19.961199999999998,1.9961199999999998e-05,-0.12517369534298417,-0.080697412150579
19.962000000000003,1.9962000000000003e-05,-0.09558487680106931,-0.08003378518382195
19.962799999999994,1.9962799999999995e-05,-0.06383688145418509,-0.07938058034550037
19.9636,1.99636e-05,-0.050734483227060534,-0.07873587583274859
19.964399999999998,1.9964399999999998e-05,-0.05252352108550029,-0.07809762723868605
19.965200000000003,1.9965200000000003e-05,-0.06251936005120562,-0.07746368603983839
19.965999999999994,1.996599999999999e-05,-0.10417203092926619,-0.07683181869672503
19.9668,1.99668e-05,-0.04272041157448958,-0.07619972637623955
19.967599999999997,1.9967599999999995e-05,-0.08777734188029729,-0.07556506520084948
19.968400000000003,1.99684e-05,-0.04661926165765329,-0.07492546687317679
19.969199999999994,1.9969199999999992e-05,-0.08716170420746072,-0.07427855950915517
19.97,1.9969999999999997e-05,-0.07669151192642043,-0.07362198850373708
19.970799999999997,1.9970799999999995e-05,-0.04806331528666774,-0.0729534372380392
19.971600000000002,1.99716e-05,-0.0579659103007969,-0.07227064742895256
19.972399999999993,1.9972399999999992e-05,-0.05970217888762386,-0.07157143892225143
19.9732,1.9973199999999997e-05,-0.06743311399379914,-0.07085372871329478
19.973999999999997,1.9973999999999995e-05,-0.10161226376338361,-0.07011554892976286
19.974800000000002,1.99748e-05,-0.08239131513941589,-0.06935506345473075
19.9756,1.99756e-05,-0.026121266310869196,-0.06857058285755992
19.976399999999998,1.9976399999999997e-05,-0.06030174025467361,-0.06776057735842934
19.977200000000003,1.9977200000000002e-05,-0.04555783007815284,-0.06692368763816402
19.977999999999994,1.9977999999999994e-05,-0.07946216536993145,-0.06605873334276467
19.9788,1.99788e-05,-0.0902760177060773,-0.0651647190938058
19.979599999999998,1.9979599999999998e-05,-0.07366703768811245,-0.0642408377545246
19.980400000000003,1.9980400000000003e-05,-0.10768977164867088,-0.0632864706972018
19.981199999999994,1.9981199999999994e-05,-0.05932447421533227,-0.062301184912640035
19.982,1.9982e-05,-0.051288841048359735,-0.061284726985561165
19.982799999999997,1.9982799999999998e-05,-0.06188216086396736,-0.06023701418219699
19.983600000000003,1.9983600000000003e-05,-0.04815447872119627,-0.05915812309560822
19.984399999999994,1.998439999999999e-05,-0.0621062865874078,-0.05804827642419521
19.9852,1.99852e-05,-0.0074359508538740515,-0.056907828515856365
19.985999999999997,1.9985999999999995e-05,-0.06753259949691748,-0.05573725031773216
19.986800000000002,1.99868e-05,-0.07428891691239126,-0.05453711434317523
19.987599999999993,1.998759999999999e-05,0.025272098563779766,-0.05330808021045777
19.9884,1.9988399999999997e-05,-0.07527809822322473,-0.05205088124246878
19.989199999999997,1.9989199999999995e-05,0.002551566043241582,-0.05076631255301495
19.990000000000002,1.999e-05,-0.02042978516636329,-0.049455220956855665
19.990799999999993,1.999079999999999e-05,-0.05789782106632457,-0.04811849690095489
19.9916,1.9991599999999997e-05,-0.02974322139907959,-0.04675706843512355
19.992399999999996,1.9992399999999995e-05,-0.05933355262674922,-0.045371897060071616
19.9932,1.99932e-05,-0.03294094409502779,-0.04396397515369205
19.994,1.9994e-05,-0.03265156599718999,-0.042534324608243704
19.994799999999998,1.9994799999999997e-05,-0.05896549419736741,-0.041083996301497415
19.995600000000003,1.9995600000000002e-05,-0.018324890318761722,-0.03961407004164304
19.9964,1.99964e-05,-0.06888132865710839,-0.038125654648456665
19.9972,1.99972e-05,-0.035792926218622956,-0.03661988786434007
19.997999999999998,1.9997999999999997e-05,-0.04492744027384943,-0.03509793584103567
19.998800000000003,1.9998800000000002e-05,-0.026219239128232652,-0.03356099202951244
19.999599999999994,1.9999599999999994e-05,-0.00043602671783560254,-0.032010275404269935
20.0004,2.00004e-05,-0.01372831753964987,-0.030447028048292114
20.001199999999997,2.0001199999999997e-05,-0.04122548067967491,-0.028872512168993218
20.002000000000002,2.0002000000000003e-05,-0.004421122858375703,-0.027288006589284146
20.002799999999993,2.0002799999999994e-05,-0.04539838889771708,-0.025694802687970995
20.0036,2.00036e-05,-0.037564563596956035,-0.02409419970257365
20.004399999999997,2.0004399999999994e-05,-0.021256120605393614,-0.02248749929265164
20.005200000000002,2.0005200000000003e-05,0.03474403112256963,-0.020875999299982448
20.005999999999993,2.000599999999999e-05,-0.012607686625659364,-0.019260986709364013
20.0068,2.0006799999999996e-05,-0.04892029065151671,-0.017643729854443832
20.007599999999996,2.0007599999999995e-05,-0.03092153896180516,-0.016025469884423816
20.0084,2.00084e-05,-0.07031573604331298,-0.014407411449181591
20.009199999999993,2.000919999999999e-05,-0.014265274880842282,-0.012790712574068485
20.009999999999998,2.0009999999999996e-05,0.025836858970786136,-0.01117647384215648
20.010799999999996,2.0010799999999995e-05,0.026039423179824883,-0.009565727237632085
20.0116,2.00116e-05,0.014548653319265248,-0.007959425211329458
20.0124,2.00124e-05,-0.02392936906293386,-0.0063584306002983934
20.013199999999998,2.0013199999999997e-05,-0.011530935083199467,-0.004763507954855502
20.014000000000003,2.0014000000000002e-05,0.005664366856103276,-0.0031753166902958553
20.0148,2.00148e-05,0.020985141222557124,-0.001594406394054826
20.0156,2.00156e-05,0.02901718118662744,-2.121461033934447e-05
20.016399999999997,2.0016399999999997e-05,0.04891012995780686,0.0015439325659029285
20.017200000000003,2.0017200000000002e-05,0.009639060410906453,0.003100816801968666
20.018,2.0018e-05,-0.003132917206894681,0.004649320600550115
20.0188,2.00188e-05,0.042592608554797295,0.006189417180762989
20.019599999999997,2.0019599999999997e-05,-0.0029074673092042147,0.007721157401060648
20.020400000000002,2.0020400000000002e-05,0.016631986652605235,0.009244654089344568
20.021199999999993,2.0021199999999994e-05,0.03198037557339817,0.010760064223801213
20.022,2.0022e-05,0.05286742303257308,0.012267569459434196
20.022799999999997,2.0022799999999994e-05,0.03336749889656487,0.013767355546431007
20.023600000000002,2.0023600000000003e-05,-0.027758617225970506,0.01525959126737036
20.024399999999993,2.002439999999999e-05,0.006149879100102895,0.016744407639571454
20.025199999999998,2.0025199999999996e-05,0.013809888111861124,0.018221878233960067
20.025999999999996,2.0025999999999994e-05,-0.01860935103937733,0.019692001472215438
20.0268,2.00268e-05,0.004196671195609847,0.021154685654470068
20.027599999999993,2.002759999999999e-05,0.019909713854377342,0.022609737281247183
20.028399999999998,2.0028399999999996e-05,0.003074716107329567,0.024056853011817675
20.029199999999996,2.0029199999999995e-05,0.03734843400281007,0.02549561537336819
20.03,2.003e-05,0.07632312755761317,0.026925492128428836
20.0308,2.0030799999999998e-05,0.01288898454690468,0.028345839056316737
20.031599999999997,2.0031599999999996e-05,0.02902625959807459,0.029755905837555705
20.032400000000003,2.00324e-05,0.004320555073034638,0.031154844746558743
20.0332,2.00332e-05,0.04789238923834227,0.032541721901090524
20.034,2.0033999999999998e-05,0.03555655928442525,0.03391553081381777
20.034799999999997,2.0034799999999997e-05,0.06368335588586638,0.035275207925083575
20.035600000000002,2.0035600000000002e-05,0.03717877874814224,0.03661964971799979
20.0364,2.00364e-05,0.06295083222990483,0.03794773098487131
20.0372,2.00372e-05,0.07356779407702141,0.03925832384464998
20.037999999999997,2.0037999999999997e-05,0.012722733983664303,0.04055031718869562
20.038800000000002,2.0038800000000002e-05,0.026569382626747906,0.04182263633350926
20.0396,2.00396e-05,0.07076385235919169,0.04307426275152653
20.040399999999998,2.00404e-05,0.002367914999964249,0.044304253790112894
20.041199999999996,2.0041199999999997e-05,0.03676343625576217,0.04551176225394055
20.042,2.0042000000000002e-05,0.061945006781891854,0.04669605563707378
20.0428,2.0042799999999997e-05,0.00339114092808368,0.04785653467332861
20.043599999999998,2.0043599999999996e-05,0.10441304268181628,0.04899275073886966
20.044399999999996,2.0044399999999994e-05,0.09817684995898779,0.05010442151164971
20.0452,2.00452e-05,0.08237340020857908,0.05119144421347088
20.045999999999992,2.004599999999999e-05,0.08294591485274261,0.052253905789343955
20.046799999999998,2.0046799999999996e-05,0.07889197313491281,0.0532920895453675
20.047599999999996,2.0047599999999994e-05,0.056633310826885164,0.054306478032040584
20.0484,2.00484e-05,0.054711499191068214,0.055297752240562166
20.0492,2.0049199999999998e-05,0.022687176680723398,0.05626678740576774
20.049999999999997,2.0049999999999996e-05,0.028946255092180406,0.057214645842130596
20.050800000000002,2.00508e-05,0.08494300212873618,0.05814256725587054
20.0516,2.00516e-05,0.05011417006912888,0.059051956880253956
20.0524,2.0052399999999998e-05,0.08097038909109056,0.059944371625051764
20.053199999999997,2.0053199999999996e-05,0.09455829956214479,0.06082150429707814
20.054000000000002,2.0054e-05,0.03058303817591912,0.061685165892496806
20.0548,2.00548e-05,0.0387062415744881,0.06253726598055243
20.0556,2.0055599999999998e-05,0.09055863980157275,0.06337979124207417
20.056399999999996,2.0056399999999997e-05,0.09199229084485006,0.06421478223167651
20.0572,2.0057200000000002e-05,0.10787990613545473,0.06504430838650706
20.058,2.0058e-05,0.07198529295055045,0.06587044127326226
20.058799999999998,2.00588e-05,0.05490404013436789,0.06669522612635412
20.059599999999996,2.0059599999999997e-05,0.12360599972853903,0.06752065187966262
20.0604,2.0060400000000002e-05,0.07413690402975737,0.068348620060529
20.0612,2.0061199999999997e-05,0.09121323946878768,0.069180913050926
20.061999999999998,2.0061999999999995e-05,0.07655746735528601,0.07001916234432581
20.062799999999996,2.0062799999999994e-05,0.04858519455706811,0.0708648175622533
20.0636,2.00636e-05,0.06273805394656362,0.0717191171202495
20.0644,2.0064399999999997e-05,0.06933568652448929,0.07258306150041217
20.065199999999997,2.0065199999999996e-05,0.034413610513245985,0.0734573900676988
20.065999999999995,2.0065999999999994e-05,0.04591270244238532,0.07434256226563155
20.0668,2.00668e-05,0.052163458785242756,0.07523874386321061
20.0676,2.0067599999999997e-05,0.0507472082220124,0.076145798706142
20.068399999999997,2.0068399999999996e-05,0.06576668921919637,0.07706328615652075
20.069200000000002,2.00692e-05,0.1295200939106339,0.07799046411279989
20.07,2.007e-05,0.06361375396569946,0.07892629723716636
20.0708,2.0070799999999998e-05,0.08313372693031473,0.07986946983581028
20.071599999999997,2.0071599999999996e-05,0.13008561066049762,0.08081840276607105
20.072400000000002,2.00724e-05,0.0649549174001981,0.0817712737588095
20.0732,2.00732e-05,0.09245907843449286,0.08272604059885723
20.073999999999998,2.0073999999999998e-05,0.09695616571048649,0.08368046667530568
20.074799999999996,2.0074799999999996e-05,0.10704165542496547,0.08463214848216749
20.0756,2.00756e-05,0.0871481388223535,0.08557854470530253
20.0764,2.00764e-05,0.08049187474142061,0.08651700657986826
20.077199999999998,2.0077199999999998e-05,0.09023729760369614,0.08744480925674304
20.077999999999996,2.0077999999999996e-05,0.07986791499999435,0.08835918396236946
20.0788,2.00788e-05,0.08002868035464994,0.08925735074587207
20.0796,2.00796e-05,0.11292775802984834,0.09013655157205858
20.080399999999997,2.0080399999999995e-05,0.10127016977462544,0.09099408345645764
20.081199999999995,2.0081199999999993e-05,0.05988607182289851,0.09182733127810314
20.082,2.0082e-05,0.11758277380048587,0.09263379986998695
20.0828,2.0082799999999997e-05,0.11639329730919579,0.09341114497122105
20.083599999999997,2.0083599999999995e-05,0.07110183869424758,0.0941572026087197
20.084399999999995,2.0084399999999994e-05,0.1022183085739431,0.09487001646094605
20.0852,2.00852e-05,0.11510717217482913,0.09554786275572359
20.086,2.0085999999999997e-05,0.13587090358800213,0.09618927226108691
20.086799999999997,2.0086799999999995e-05,0.0889400135407381,0.09679304893804773
20.087600000000002,2.00876e-05,0.09511208955198447,0.09735828486395076
20.0884,2.00884e-05,0.11799603577571827,0.09788437111959997
20.089199999999998,2.0089199999999997e-05,0.12795839795563013,0.09837100442781369
20.089999999999996,2.0089999999999996e-05,0.10999860826029395,0.09881818940058634
20.0908,2.00908e-05,0.11794383433559807,0.09922623631409075
20.0916,2.00916e-05,0.12622780308881965,0.09959575442334868
20.092399999999998,2.0092399999999998e-05,0.1071606219252379,0.09992764095643236
20.093199999999996,2.0093199999999996e-05,0.08572980774196548,0.10022306606856966
20.094,2.0094e-05,0.10156314107530251,0.10048345416502594
20.0948,2.00948e-05,0.11228791049410014,0.10071046209193435
20.095599999999997,2.0095599999999998e-05,0.0937535256374461,0.10090595472522326
20.096399999999996,2.0096399999999996e-05,0.09365347230293808,0.10107197846809049
20.0972,2.00972e-05,0.12064412951605474,0.10121073312804452
20.098,2.0098e-05,0.09517677409498926,0.10132454260413999
20.098799999999997,2.0098799999999995e-05,0.08994035378016607,0.10141582477607478
20.099599999999995,2.0099599999999993e-05,0.14348287219397504,0.10148706095238413
20.1004,2.0100399999999998e-05,0.0866291497925904,0.10154076520893131
20.1012,2.0101199999999997e-05,0.07267753043785374,0.10157945393380591
20.101999999999997,2.0101999999999995e-05,0.08599894849972178,0.1016056158880396
20.102799999999995,2.0102799999999993e-05,0.11859559714280199,0.10162168306581146
20.1036,2.01036e-05,0.13634601324623474,0.10163000255701955
20.1044,2.0104399999999997e-05,0.1551300578634509,0.10163280949933967
20.105199999999996,2.0105199999999995e-05,0.09253076087180068,0.10163220114351659
20.106,2.0106e-05,0.11082153900788971,0.10163011211598406
20.1068,2.01068e-05,0.09152342273806968,0.10162829112525792
20.107600000000005,2.0107600000000004e-05,0.08681355717873496,0.10162827952678695
20.108399999999996,2.0108399999999995e-05,0.11529782111240616,0.10163139224995613
20.1092,2.01092e-05,0.09842877874813916,0.10163870158393085
20.11,2.011e-05,0.07937767389031025,0.10165102425366469
20.110800000000005,2.0110800000000004e-05,0.09196373143621883,0.10166891213663909
20.111599999999996,2.0111599999999996e-05,0.1084376686481544,0.10169264688652814
20.1124,2.01124e-05,0.09518793302358775,0.10172223862830479
20.1132,2.01132e-05,0.1205155167729095,0.10175742877025994
20.113999999999997,2.0113999999999997e-05,0.07034794203537897,0.10179769686933986
20.114799999999995,2.0114799999999996e-05,0.13459102000508094,0.10184227140907717
20.1156,2.01156e-05,0.10670158857276213,0.101890144297757
20.1164,2.01164e-05,0.07987491289430393,0.10194008885451224
20.117199999999997,2.0117199999999994e-05,0.12031446524958844,0.10199068102311275
20.117999999999995,2.0117999999999993e-05,0.10092802240527776,0.10204032353637307
20.1188,2.0118799999999998e-05,0.10218010292242519,0.10208727273348701
20.1196,2.0119599999999996e-05,0.09499104253456159,0.10212966770068976
20.120399999999997,2.0120399999999995e-05,0.10398729760369951,0.102165561370212
20.121199999999995,2.0121199999999993e-05,0.07896781660651198,0.10219295317360301
20.122,2.0121999999999998e-05,0.11927591935864368,0.10220982279065202
20.122799999999998,2.0122799999999996e-05,0.11042019230411615,0.10221416445897798
20.123599999999996,2.0123599999999995e-05,0.11253340922037436,0.10220402122597189
20.124399999999994,2.0124399999999993e-05,0.11423903788141576,0.10217751846320737
20.1252,2.01252e-05,0.1352191407808021,0.10213289594822383
20.126000000000005,2.0126000000000003e-05,0.1239420940578857,0.10206853785404303
20.126799999999996,2.0126799999999995e-05,0.12907694835247308,0.10198300006782954
20.1276,2.01276e-05,0.1204222728212635,0.10187503438651896
20.1284,2.01284e-05,0.08740536430864787,0.10174360930242375
20.129200000000004,2.0129200000000004e-05,0.10070124833333127,0.10158792726680442
20.129999999999995,2.0129999999999995e-05,0.1124889620174171,0.10140743845897257
20.1308,2.01308e-05,0.10852126635692072,0.10120185115904684
20.1316,2.01316e-05,0.1105155167729065,0.10097113883078501
20.132400000000004,2.0132400000000004e-05,0.08755780759471377,0.10071554400836343
20.133199999999995,2.0133199999999996e-05,0.08771214288649232,0.10043557907886047
20.134,2.0134e-05,0.09548355267283393,0.10013202405048698
20.1348,2.01348e-05,0.11588981675376375,0.09980592136382854
20.135599999999997,2.0135599999999994e-05,0.12272273398366429,0.09945856773128607
20.136399999999995,2.0136399999999992e-05,0.084220313227089,0.09909150291236497
20.1372,2.0137199999999998e-05,0.13053707828724115,0.09870649529557801
20.137999999999998,2.0137999999999996e-05,0.10976218794547066,0.0983055241748525
20.138799999999996,2.0138799999999994e-05,0.12282902886962055,0.09789075865936692
20.139599999999994,2.0139599999999993e-05,0.1036423133743406,0.09746453322622431
20.1404,2.0140399999999998e-05,0.1080204341500618,0.0970293200185611
20.141199999999998,2.0141199999999996e-05,0.10293135123271357,0.09658769810234387
20.141999999999996,2.0141999999999995e-05,0.09844674705960144,0.09614232000013186
20.142799999999994,2.0142799999999993e-05,0.09499312305170904,0.09569587589878084
20.1436,2.0143599999999998e-05,0.12182812079876693,0.09525105597531955
20.144400000000005,2.0144400000000003e-05,0.11963697989375899,0.0948105113099059
20.145199999999996,2.0145199999999995e-05,0.12391353464924437,0.09437681388064792
20.146,2.0146e-05,0.0966278256183073,0.093952416196245
20.1468,2.0146799999999998e-05,0.08303083673579892,0.0935396112361976
20.147600000000004,2.0147600000000003e-05,0.048955333503627574,0.09314049350645226
20.148399999999995,2.0148399999999995e-05,0.09073472511912473,0.0927569221129387
20.1492,2.01492e-05,0.07674887263573016,0.0923904867430443
20.15,2.015e-05,0.09200893498202944,0.09204247731534489
20.150800000000004,2.0150800000000004e-05,0.1042327963299734,0.09171385786343968
20.151599999999995,2.0151599999999995e-05,0.10849554380829429,0.09140524503487363
20.1524,2.01524e-05,0.052600930623387,0.09111689145923314
20.1532,2.01532e-05,0.058402299856648354,0.09084867417373316
20.154000000000003,2.0154000000000004e-05,0.08352750790836305,0.09060008824566404
20.154799999999994,2.0154799999999992e-05,0.11651302015233267,0.09037024563225228
20.1556,2.0155599999999997e-05,0.11038123030974079,0.09015787914910807
20.156399999999998,2.0156399999999996e-05,0.07990120327435302,0.08996135124266463
20.157199999999996,2.0157199999999994e-05,0.09254116345753749,0.08977866716497321
20.157999999999994,2.0157999999999992e-05,0.12835766414225724,0.0896074921446745
20.1588,2.0158799999999997e-05,0.08492144061440454,0.08944517218376564
20.159599999999998,2.0159599999999996e-05,0.09929540035583073,0.0892887581489795
20.160399999999996,2.0160399999999994e-05,0.038448259745326396,0.0891350328731123
20.161199999999994,2.0161199999999993e-05,0.115100930623387,0.08898054102648872
20.162,2.0161999999999998e-05,0.125587199210214,0.08882162151975552
20.162799999999997,2.0162799999999996e-05,0.07032430000390011,0.08865444214192428
20.163599999999995,2.0163599999999994e-05,0.13593350761385958,0.08847503607595587
20.1644,2.01644e-05,0.08034510517537419,0.08827933993335366
20.1652,2.0165199999999998e-05,0.07135509165768184,0.0880632330139821
20.166000000000004,2.0166000000000003e-05,0.0541896733013002,0.08782257757991839
20.166799999999995,2.0166799999999995e-05,0.09823188825911588,0.08755325997450832
20.1676,2.01676e-05,0.1138397716947892,0.08725123237819647
20.1684,2.0168399999999998e-05,0.060412626578383866,0.08691255487993838
20.169200000000004,2.0169200000000003e-05,0.12552175832435186,0.08653343742337323
20.169999999999995,2.0169999999999995e-05,0.07143093512928123,0.08611028112087296
20.1708,2.01708e-05,0.10715513671665311,0.08563971841831385
20.171599999999998,2.01716e-05,0.10938448327317896,0.08511865161113173
20.172400000000003,2.0172400000000004e-05,0.07111659082571431,0.08454428924497323
20.173199999999994,2.0173199999999992e-05,0.09390653675494465,0.08391417998333599
20.174,2.0173999999999997e-05,0.07183644286735658,0.08322624358224999
20.174799999999998,2.0174799999999995e-05,0.11024353915514151,0.08247879865487964
20.175600000000003,2.01756e-05,0.07956605379931192,0.08167058692026152
20.176399999999994,2.0176399999999992e-05,0.07564356168462916,0.08080079362298692
20.1772,2.0177199999999997e-05,0.07668551226700537,0.07986906380921929
20.177999999999997,2.0177999999999996e-05,0.11451460870204899,0.07887551415072598
20.178799999999995,2.0178799999999994e-05,0.0817252306042412,0.07782074000817642
20.179599999999994,2.0179599999999992e-05,0.12330905590500219,0.07670581742663225
20.1804,2.0180399999999997e-05,0.06428083673579887,0.07553229979562993
20.181199999999997,2.0181199999999996e-05,0.11467594188812735,0.07430220900463158
20.181999999999995,2.0181999999999994e-05,0.08278042063236946,0.07301802106505316
20.1828,2.01828e-05,0.06397065346651687,0.07168264632019158
20.1836,2.0183599999999998e-05,0.07400394174087555,0.07029940450193738
20.184400000000004,2.0184400000000003e-05,0.06774505184086332,0.06887199500166168
20.185199999999995,2.0185199999999994e-05,0.06555655928442528,0.0674044627831844
20.186,2.0186e-05,0.09790222399264958,0.06590116037368249
20.186799999999998,2.0186799999999998e-05,0.03429407618154079,0.06436670634711611
20.187600000000003,2.0187600000000003e-05,0.10921539584993367,0.06280594069716035
20.188399999999994,2.0188399999999995e-05,0.06382388390047056,0.061223877499698855
20.1892,2.01892e-05,0.12223287219397205,0.059625655292025
20.189999999999998,2.0189999999999998e-05,0.03792662236699318,0.05801648565887305
20.190800000000003,2.0190800000000003e-05,0.07247931577454447,0.05640160063161517
20.191599999999994,2.019159999999999e-05,0.043108760724545614,0.05478619966263387
20.1924,2.01924e-05,0.038331373762201304,0.05317539707615088
20.193199999999997,2.0193199999999995e-05,0.015386147686899942,0.051574170963295765
20.194000000000003,2.0194e-05,0.056510939635185276,0.04998731446166393
20.194799999999994,2.0194799999999992e-05,0.045838371656500954,0.04841939024658263
20.1956,2.0195599999999997e-05,0.05995416105734064,0.04687468889382141
20.196399999999997,2.0196399999999995e-05,0.037271266356920685,0.04535719160545495
20.197200000000002,2.01972e-05,0.03476786166548329,0.0438705376705689
20.197999999999993,2.0197999999999992e-05,0.013437100816731773,0.04241799696368611
20.1988,2.0198799999999997e-05,0.05515313206350725,0.041002447725301615
20.199599999999997,2.0199599999999995e-05,0.012966908535651522,0.03962635977812587
20.200400000000002,2.02004e-05,0.05952709180493365,0.03829178320266645
20.2012,2.02012e-05,0.05918418809272541,0.037000342355654456
20.201999999999998,2.0201999999999997e-05,0.044115342515425815,0.03575323500407769
20.202800000000003,2.0202800000000002e-05,-0.011268035876885518,0.03455123629444408
20.203599999999994,2.0203599999999994e-05,0.026345445414802215,0.03339470727647329
20.2044,2.02044e-05,0.052707414020774945,0.0322836076993722
20.205199999999998,2.0205199999999998e-05,0.07960709631082774,0.03121751273908223
20.206000000000003,2.0206000000000003e-05,0.02155122580384361,0.03019563321411059
20.206799999999994,2.0206799999999994e-05,0.0340054544266003,0.02921683879358532
20.2076,2.02076e-05,0.007424277474409324,0.028279683742940973
20.208399999999997,2.0208399999999998e-05,0.013606188239977057,0.02738243483711755
20.209200000000003,2.0209200000000003e-05,0.04825136925630713,0.02652310110767893
20.209999999999994,2.020999999999999e-05,0.03640105154635975,0.025699465044648605
20.2108,2.02108e-05,0.031964487779076234,0.02490911478730241
20.211599999999997,2.0211599999999995e-05,0.061143637548630725,0.02414947677800247
20.212400000000002,2.02124e-05,0.014947351674465703,0.02341784835734622
20.213199999999993,2.021319999999999e-05,0.025747208222012374,0.022711429840475375
20.214,2.0213999999999997e-05,0.03110127086281489,0.022027355701090313
20.214799999999997,2.0214799999999995e-05,0.018133159098892015,0.02136272456483216
20.215600000000002,2.02156e-05,0.0230523982501305,0.02071462775346262
20.216399999999993,2.021639999999999e-05,0.028930935129281243,0.020080176127262414
20.2172,2.0217199999999997e-05,0.060929346579564725,0.01945652496342208
20.217999999999996,2.0217999999999995e-05,0.0029056286840841716,0.018840896604934508
20.2188,2.02188e-05,0.014564729625021866,0.018230600639745985
20.2196,2.02196e-05,0.029348358138808428,0.01762305142625308
20.220399999999998,2.0220399999999997e-05,0.05240139178578773,0.01701578283723139
20.221200000000003,2.0221200000000002e-05,0.027315713559873944,0.016406460124105855
20.222,2.0222e-05,0.05813656379032939,0.015792888832437207
20.2228,2.02228e-05,0.01317760630184528,0.015173020776648142
20.223599999999998,2.0223599999999997e-05,0.00992711433442428,0.01454495721924191
20.224400000000003,2.0224400000000002e-05,0.007680367297858481,0.01390694955882261
20.225199999999994,2.0225199999999994e-05,-0.017118013347364736,0.013257397953484473
20.226,2.0226e-05,0.017741458637991148,0.01259484834577706
20.226799999999997,2.0226799999999997e-05,0.025976819153967545,0.011917988302674211
20.227600000000002,2.0227600000000003e-05,0.00724346329114689,0.011225641971120514
20.228399999999993,2.0228399999999994e-05,0.007495203568826381,0.010516764333543968
20.2292,2.02292e-05,0.029110425138263674,0.009790434871062173
20.229999999999997,2.0229999999999994e-05,0.04007861276618807,0.009045850708087446
20.230800000000002,2.0230800000000003e-05,-0.0009389394418418684,0.008282319307067791
20.231599999999993,2.023159999999999e-05,0.05806280083586768,0.0074992508105247106
20.2324,2.0232399999999996e-05,-0.002432357650971606,0.006696150200070578
20.233199999999997,2.0233199999999995e-05,-0.014863512073672092,0.005872609548290551
20.234,2.0234e-05,-0.04652526136314983,0.005028300745598751
20.234799999999993,2.023479999999999e-05,0.016535338009521672,0.004162969136653918
20.235599999999998,2.0235599999999996e-05,0.018264608702048934,0.0032764284455311034
20.236399999999996,2.0236399999999995e-05,0.003373172616584319,0.0023685572101773463
20.2372,2.02372e-05,0.016919284233255616,0.001439296769486015
20.238,2.0238e-05,-0.011318724631251054,0.0004886507391246749
20.238799999999998,2.0238799999999997e-05,-0.005094447179917472,-0.00048331411317554304
20.239600000000003,2.0239600000000002e-05,-0.012011529949976896,-0.001476465677314221
20.2404,2.02404e-05,-0.018887570208550586,-0.0024906030975761226
20.2412,2.02412e-05,0.008800241868991532,-0.0035254523210055634
20.241999999999997,2.0241999999999997e-05,0.01435668020739811,-0.0045806608616947245
20.242800000000003,2.0242800000000002e-05,0.010488470049993093,-0.0056557921503906415
20.2436,2.02436e-05,0.011229883605967106,-0.0067503199046912475
20.2444,2.02444e-05,0.007754698083742961,-0.007863622950537053
20.245199999999997,2.0245199999999997e-05,-0.013763118499763305,-0.008994980855576835
20.246000000000002,2.0246000000000002e-05,-0.007156975341773175,-0.010143570633992835
20.246799999999993,2.0246799999999994e-05,-0.00688424138114474,-0.011308464690945434
20.2476,2.02476e-05,-0.003858442968486697,-0.012488630119867814
20.248399999999997,2.0248399999999994e-05,0.0004710695699463585,-0.013682929449044142
20.249200000000002,2.0249200000000003e-05,-0.001392487585772817,-0.014890122932588738
20.249999999999993,2.024999999999999e-05,-0.010484634955093552,-0.016108872467275083
20.250799999999998,2.0250799999999996e-05,0.024500045082016975,-0.01733774717677148
20.251599999999996,2.0251599999999994e-05,-0.028194008546997273,-0.01857523063897054
20.2524,2.02524e-05,-0.03877560160264781,-0.01981972964532658
20.253199999999993,2.025319999999999e-05,-0.04330881401297493,-0.02106958429021829
20.253999999999998,2.0253999999999996e-05,0.03853242528551526,-0.022323079134030668
20.254799999999996,2.0254799999999995e-05,-0.03405249659750109,-0.023578455198250116
20.2556,2.02556e-05,-0.00924579388368807,-0.024833922602998153
20.2564,2.0256399999999998e-05,-0.020161212240099702,-0.026087673673998016
20.257199999999997,2.0257199999999996e-05,-0.05091662158468302,-0.02733789630117657
20.258000000000003,2.0258e-05,-0.05739131513941598,-0.02858278727172122
20.2588,2.02588e-05,-0.06319684540697201,-0.029820565290172827
20.2596,2.0259599999999998e-05,0.01586825523943214,-0.03104948347546887
20.260399999999997,2.0260399999999997e-05,0.001895642201776404,-0.032267841283932515
20.261200000000002,2.0261200000000002e-05,-0.01878392367123749,-0.03347399597694429
20.262,2.0262e-05,-0.026633825277685208,-0.03466637382752765
20.2628,2.02628e-05,-0.02738923462226861,-0.035843481196849776
20.263599999999997,2.0263599999999997e-05,-0.008501543467669292,-0.03700391546687088
20.264400000000002,2.0264400000000002e-05,-0.048693516579536245,-0.038146375674794356
20.2652,2.02652e-05,-0.03666446520350397,-0.03926967259198441
20.266,2.0266e-05,-0.08054175377236605,-0.040372737918215246
20.266799999999996,2.0266799999999997e-05,-0.013851445074217095,-0.04145463222921286
20.2676,2.0267600000000002e-05,-0.07177359694943186,-0.04251455134519743
20.2684,2.0268399999999997e-05,-0.011884997724042168,-0.04355183087869516
20.269199999999998,2.0269199999999996e-05,-0.034396156652606646,-0.04456594883036733
20.269999999999996,2.0269999999999994e-05,-0.054281919018021596,-0.04555652618358611
20.2708,2.02708e-05,-0.07225570450196417,-0.04652332548033818
20.271599999999992,2.027159999999999e-05,-0.05943568647840758,-0.047466247362842516
20.272399999999998,2.0272399999999996e-05,-0.05061476038396051,-0.048385325089798044
20.273199999999996,2.0273199999999994e-05,-0.015291337668936644,-0.04928071712355201
20.274,2.0274e-05,-0.02366363299664498,-0.050152698013194504
20.2748,2.0274799999999998e-05,-0.04595142254469653,-0.051001647894972774
20.275599999999997,2.0275599999999996e-05,-0.07266612961722196,-0.05182804093576495
20.276400000000002,2.02764e-05,-0.01900369984884831,-0.05263243296849052
20.2772,2.02772e-05,-0.06246564592533044,-0.053415448478523246
20.278,2.0277999999999998e-05,-0.056593539109056845,-0.05417776705089819
20.278799999999997,2.0278799999999996e-05,-0.10410867056048145,-0.05492010937893192
20.279600000000002,2.02796e-05,-0.023970411574489647,-0.05564322295433853
20.2804,2.02804e-05,-0.014388402415409618,-0.05634786762076511
20.2812,2.0281199999999998e-05,-0.061199758130978554,-0.05703480127025073
20.281999999999996,2.0281999999999997e-05,-0.04082129711585947,-0.05770476602991357
20.2828,2.0282800000000002e-05,-0.07066280078978604,-0.05835847526421774
20.2836,2.02836e-05,-0.015006120605393525,-0.058996601628637194
20.284399999999998,2.02844e-05,-0.06884860821424232,-0.05961976632071052
20.285199999999996,2.0285199999999997e-05,-0.05451644732719907,-0.0602285296106735
20.286,2.0286000000000002e-05,-0.06426319436369488,-0.060823382678306004
20.2868,2.0286799999999997e-05,-0.06278225925751957,-0.06140474073070032
20.287599999999998,2.0287599999999995e-05,-0.08008744928557776,-0.06197293734977307
20.288399999999996,2.0288399999999994e-05,-0.07755964621983391,-0.0625282200362596
20.2892,2.02892e-05,-0.036787592738071306,-0.06307074697878208
20.29,2.0289999999999997e-05,-0.030299659737526352,-0.06360058516992412
20.290799999999997,2.0290799999999996e-05,-0.06773913622881633,-0.06411771008059684
20.291599999999995,2.0291599999999994e-05,-0.030308738148943304,-0.06462200713521232
20.2924,2.02924e-05,-0.04143353009722861,-0.06511327517583358
20.2932,2.0293199999999997e-05,-0.058628832036531464,-0.0655912319864237
20.293999999999997,2.0293999999999996e-05,-0.05516121224009962,-0.0660555218058454
20.294800000000002,2.02948e-05,-0.06757988355991551,-0.06650572461304446
20.2956,2.02956e-05,-0.08272173574880959,-0.0669413668414578
20.2964,2.0296399999999998e-05,-0.07262924813996097,-0.06736193309951323
20.297199999999997,2.0297199999999996e-05,-0.07397173574880955,-0.06776687845825703
20.298000000000002,2.0298e-05,-0.06316053176120384,-0.06815564091443033
20.2988,2.02988e-05,-0.07811059934966569,-0.06852765372641272
20.299599999999998,2.0299599999999998e-05,-0.06941620548125338,-0.0688823574194151
20.300399999999996,2.0300399999999996e-05,-0.082737055711669,-0.06921921134414373
20.3012,2.03012e-05,-0.04902393718892972,-0.06953770475110903
20.302,2.0302e-05,-0.041207512368175436,-0.06983736741794432
20.302799999999998,2.0302799999999998e-05,-0.05284770014335172,-0.07011777992661546
20.303599999999996,2.0303599999999996e-05,-0.08118859920241406,-0.07037858369790671
20.3044,2.03044e-05,-0.06190580289551628,-0.0706194908353229
20.3052,2.03052e-05,-0.07836517648739005,-0.07084029374172211
20.305999999999997,2.0305999999999995e-05,-0.06304723898098086,-0.07104087440676402
20.306799999999996,2.0306799999999993e-05,-0.052797579220378865,-0.07122121324890099
20.3076,2.03076e-05,-0.1031913601984572,-0.07138139741417047
20.3084,2.0308399999999997e-05,-0.03379432625697454,-0.07152162845581111
20.309199999999997,2.0309199999999995e-05,-0.04679799532380835,-0.0716422293326482
20.309999999999995,2.0309999999999994e-05,-0.06709569549023586,-0.07174365066743368
20.3108,2.03108e-05,-0.05934811624678116,-0.07182647618040106
20.3116,2.0311599999999997e-05,-0.0859973824333744,-0.07189142714186887
20.312399999999997,2.0312399999999995e-05,-0.07120391916527324,-0.07193936559464771
20.313200000000002,2.03132e-05,-0.07547914974650871,-0.07197129603330255
20.314,2.0314e-05,-0.05704841142723782,-0.07198836522163726
20.314799999999998,2.0314799999999997e-05,-0.08797498871221388,-0.07199185986947106
20.315599999999996,2.0315599999999996e-05,-0.06492403558238213,-0.07198320194296438
20.3164,2.03164e-05,-0.0930952793868064,-0.07196394143022766
20.3172,2.03172e-05,-0.04335477390165288,-0.07193574643147958
20.317999999999998,2.0317999999999998e-05,-0.10105431273928223,-0.07190039050266268
20.318799999999996,2.0318799999999996e-05,-0.0851027692485371,-0.07185973725073351
20.3196,2.03196e-05,-0.06792619196356109,-0.071815722251699
20.3204,2.03204e-05,-0.05176811174091711,-0.07177033244726698
20.321199999999997,2.0321199999999998e-05,-0.07833169970159648,-0.07172558327656094
20.321999999999996,2.0321999999999996e-05,-0.07072672898996335,-0.07168349388930065
20.3228,2.03228e-05,-0.05858154797363346,-0.07164606083589936
20.3236,2.03236e-05,-0.08362883203653149,-0.07161523064405251
20.324399999999997,2.0324399999999995e-05,-0.06310643831537088,-0.07159287169869924
20.325199999999995,2.0325199999999993e-05,-0.05389248758577281,-0.07158074585706031
20.326,2.0325999999999998e-05,-0.06674863074366288,-0.0715804802486235
20.3268,2.0326799999999997e-05,-0.051173279239554725,-0.07159353971806155
20.327599999999997,2.0327599999999995e-05,-0.09480923011640441,-0.0716212003525875
20.328399999999995,2.0328399999999993e-05,-0.07267029065151676,-0.07166452449630122
20.3292,2.03292e-05,-0.0610857090079282,-0.07172433762078945
20.33,2.0329999999999997e-05,-0.07725986553625896,-0.07180120742460255
20.330799999999996,2.0330799999999995e-05,-0.021637418480587423,-0.07189542557325952
20.3316,2.03316e-05,-0.06741779403093984,-0.07200699252805037
20.3324,2.03324e-05,-0.08688840241540963,-0.0721356059018948
20.333200000000005,2.0333200000000004e-05,-0.04557655473247957,-0.07228065271180881
20.333999999999996,2.0333999999999995e-05,-0.03054383428951357,-0.07244120580177991
20.3348,2.03348e-05,-0.07118859920241405,-0.07261602462346242
20.3356,2.03356e-05,-0.07919775347786262,-0.07280356047756698
20.336399999999998,2.0336399999999997e-05,-0.0633025724615327,-0.07300196620992927
20.337199999999996,2.0337199999999996e-05,-0.05372207598820744,-0.0732091102402641
20.338,2.0338e-05,-0.06597298405909802,-0.07342259472141399
20.3388,2.03388e-05,-0.06334569549023583,-0.07363977758448965
20.339599999999997,2.0339599999999998e-05,-0.0596318206245694,-0.07385779818473748
20.340399999999995,2.0340399999999996e-05,-0.060025601602647805,-0.07407360620386035
20.3412,2.03412e-05,-0.08493443816811919,-0.07428399339445765
20.342,2.0342e-05,-0.08335817859312034,-0.0744856276848043
20.342799999999997,2.0342799999999994e-05,-0.04097998195336772,-0.07467508911225729
20.343599999999995,2.0343599999999993e-05,-0.10386317183427429,-0.07484890703641395
20.3444,2.0344399999999998e-05,-0.0651661296172219,-0.07500359809628918
20.3452,2.0345199999999996e-05,-0.08548671547227094,-0.0751357044011038
20.345999999999997,2.0345999999999995e-05,-0.10019809371726052,-0.07524183147793478
20.346799999999995,2.0346799999999993e-05,-0.05477518549921834,-0.0753186855567767
20.3476,2.0347599999999998e-05,-0.07398081416022662,-0.07536310986166934
20.348399999999998,2.0348399999999996e-05,-0.038954335268702844,-0.07537211967675801
20.349199999999996,2.0349199999999995e-05,-0.07270717212877775,-0.07534293602875766
20.349999999999994,2.0349999999999993e-05,-0.06003808470553229,-0.07527301783564744
20.3508,2.03508e-05,-0.08036093958906354,-0.07516009231282299
20.351600000000005,2.0351600000000003e-05,-0.05071765057844635,-0.07500218333756156
20.352399999999996,2.0352399999999995e-05,-0.08171439761504196,-0.07479763739204123
20.3532,2.03532e-05,-0.09050146760373767,-0.07454514665186737
20.354,2.0354e-05,-0.08502276474257298,-0.07424376876057759
20.354800000000004,2.0354800000000004e-05,-0.07343477840751711,-0.07389294283894346
20.355599999999995,2.0355599999999995e-05,-0.08206297504726978,-0.07349250133649564
20.3564,2.03564e-05,-0.06484346324502532,-0.07304267743538144
20.3572,2.03572e-05,-0.09787890790056297,-0.07254410783186829
20.358000000000004,2.0358000000000004e-05,-0.050934022064689666,-0.07199783082307011
20.358799999999995,2.0358799999999996e-05,-0.07204216987579559,-0.07140527971408554
20.3596,2.03596e-05,-0.0901591317229522,-0.07076827163908853
20.3604,2.03604e-05,-0.08110235314510761,-0.0700889919574661
20.361199999999997,2.0361199999999994e-05,-0.07253184315409,-0.06936997444923912
20.361999999999995,2.0361999999999992e-05,-0.034862187899352026,-0.06861407761401017
20.3628,2.0362799999999998e-05,-0.07390080965436252,-0.06782445747772947
20.363599999999998,2.0363599999999996e-05,-0.05063632189826217,-0.0670045373945071
20.364399999999996,2.0364399999999994e-05,-0.07532405811190268,-0.06615797535750668
20.365199999999994,2.0365199999999993e-05,-0.06037417903487552,-0.0652886293103514
20.366,2.0365999999999998e-05,-0.05469310047610676,-0.06440052091965003
20.366799999999998,2.0366799999999996e-05,-0.08864755669085833,-0.06349779826026558
20.367599999999996,2.0367599999999995e-05,-0.03979466649637242,-0.06258469788023353
20.368399999999994,2.0368399999999993e-05,-0.02802775798372681,-0.06166550674269758
20.3692,2.0369199999999998e-05,-0.08211725700453743,-0.0607445245733943
20.370000000000005,2.0370000000000003e-05,-0.02590697534177322,-0.059826027148565754
20.370799999999996,2.0370799999999995e-05,-0.06081505556441713,-0.0589142310225025
20.3716,2.03716e-05,-0.043505704501964115,-0.058013260130671596
20.3724,2.0372399999999998e-05,-0.016626259552022904,-0.05712711463792184
20.373200000000004,2.0373200000000003e-05,-0.03473206247051508,-0.056259642331293276
20.373999999999995,2.0373999999999995e-05,-0.07940655923834372,-0.055414512762799295
20.3748,2.03748e-05,-0.0350889619713326,-0.054595194220470634
20.3756,2.03756e-05,-0.04433071576677439,-0.05380493347412623
20.376400000000004,2.0376400000000004e-05,-0.008040429598045962,-0.05304673814917404
20.377199999999995,2.0377199999999995e-05,-0.056258201122540985,-0.05232336152788963
20.378,2.0378e-05,-0.04323240270991302,-0.051637289514734494
20.3788,2.03788e-05,-0.11422631288653384,-0.050990729402510065
20.379600000000003,2.0379600000000004e-05,-0.05658446069763978,-0.050385599982383476
20.380399999999995,2.0380399999999992e-05,-0.057803064428993745,-0.049823522533541706
20.3812,2.0381199999999997e-05,-0.021154554585227747,-0.049305812346684345
20.381999999999998,2.0381999999999996e-05,-0.04715073379033097,-0.04883347063049977
20.382799999999996,2.0382799999999994e-05,-0.07210269338450559,-0.04840717682090509
20.383599999999994,2.0383599999999992e-05,-0.03445176278419426,-0.04802728139904165
20.3844,2.0384399999999997e-05,-0.06782330176897533,-0.047693799351945516
20.385199999999998,2.0385199999999996e-05,-0.03761884555422379,-0.0474064044418665
20.385999999999996,2.0385999999999994e-05,-0.010442268269247879,-0.04716442451220043
20.386799999999994,2.0386799999999993e-05,-0.04595633992191861,-0.04696683812495314
20.3876,2.0387599999999998e-05,-0.05294226826924786,-0.046812272854331205
20.388399999999997,2.0388399999999996e-05,-0.05000271591402616,-0.04669900553463127
20.389199999999995,2.0389199999999994e-05,-0.021327046699840757,-0.046624964705869694
20.39,2.039e-05,-0.05018977164867089,-0.046587735464851475
20.3908,2.0390799999999998e-05,-0.03610727052222973,-0.04658456692366298
20.391600000000004,2.0391600000000003e-05,0.0019255257846677587,-0.046612382472192265
20.392399999999995,2.0392399999999995e-05,-0.06551867957230972,-0.046667793008681964
20.3932,2.03932e-05,-0.044440603855529726,-0.04674711323546506
20.394,2.0393999999999998e-05,-0.0822918296363977,-0.046846381028911394
20.394800000000004,2.0394800000000003e-05,-0.029156143134914325,-0.04696137982548075
20.395599999999995,2.0395599999999995e-05,-0.02908105600617239,-0.04708766396834101
20.3964,2.03964e-05,-0.044969995471060176,-0.04722058702900561
20.397199999999998,2.03972e-05,-0.012303744907789627,-0.04735533319339996
20.398000000000003,2.0398000000000004e-05,-0.02029625504605881,-0.04748695181874068
20.398799999999994,2.0398799999999992e-05,-0.022097776007383385,-0.04761039520830214
20.3996,2.0399599999999997e-05,-0.018859010799979314,-0.047720559526477795
20.400399999999998,2.0400399999999995e-05,-0.033149561344073986,-0.04781232860146065
20.401200000000003,2.04012e-05,-0.03649745829740603,-0.04788062015832374
20.401999999999994,2.0401999999999992e-05,-0.05600362398481673,-0.04792043382187624
20.4028,2.0402799999999997e-05,-0.06706448773302454,-0.04792690005934813
20.403599999999997,2.0403599999999996e-05,-0.04454425039294296,-0.047895329127806696
20.404399999999995,2.0404399999999994e-05,-0.045835292904498726,-0.047821259069064107
20.405199999999994,2.0405199999999992e-05,-0.02530798180611593,-0.047700501845314956
20.406,2.0405999999999997e-05,-0.0737519595710987,-0.047529186787577685
20.406799999999997,2.0406799999999996e-05,-0.09046231709789465,-0.04730380059113355
20.407599999999995,2.0407599999999994e-05,-0.023278930430083666,-0.04702122313942459
20.4084,2.04084e-05,-0.036142827825170865,-0.0466787585160182
20.4092,2.0409199999999998e-05,-0.05432163735525741,-0.04627416069320571
20.410000000000004,2.0410000000000003e-05,-0.09552359694943191,-0.04580565352040863
20.410799999999995,2.0410799999999994e-05,-0.06608987004222311,-0.045271944733710115
20.4116,2.04116e-05,-0.03663666213776018,-0.04467223380497823
20.412399999999998,2.0412399999999998e-05,-0.04379924363409693,-0.044006213608891245
20.413200000000003,2.0413200000000003e-05,-0.0844356864784076,-0.04327406610230862
20.413999999999994,2.0413999999999995e-05,-0.028249046847092396,-0.04247645241688406
20.4148,2.04148e-05,-0.0217792706694816,-0.04161449792797256
20.415599999999998,2.0415599999999998e-05,0.012849266209669086,-0.04068977299286253
20.416400000000003,2.0416400000000003e-05,-0.05312383879537774,-0.03970427013820687
20.417199999999994,2.041719999999999e-05,0.005889816753763766,-0.03866037847259989
20.418,2.0418e-05,-0.007008125258609388,-0.03756085599104313
20.418799999999997,2.0418799999999995e-05,-0.023807565702686495,-0.0364088002666376
20.419600000000003,2.04196e-05,-0.07068360596126022,-0.035207617837069424
20.420399999999994,2.0420399999999992e-05,-0.010136813865723182,-0.03396099241526696
20.4212,2.0421199999999997e-05,-0.025200174234408013,-0.03267285192174441
20.421999999999997,2.0421999999999995e-05,-0.07553891691239123,-0.03134733428505529
20.422800000000002,2.04228e-05,-0.05493727502809398,-0.02998875197753962
20.423599999999993,2.0423599999999992e-05,-0.014921198722377182,-0.028601555322324782
20.4244,2.0424399999999997e-05,-0.012595203522774767,-0.027190294728226354
20.425199999999997,2.0425199999999995e-05,-0.028242048952822785,-0.02575958217233977
20.426000000000002,2.0426e-05,0.009195347021319855,-0.024314052393678898
20.4268,2.04268e-05,0.017318550419888834,-0.022858324323738903
20.427599999999998,2.0427599999999997e-05,-0.014004456191675674,-0.021396963250794595
20.428400000000003,2.0428400000000002e-05,-0.08293186568351063,-0.019934444113008702
20.429199999999994,2.0429199999999994e-05,-0.01737050996794176,-0.018475116180311675
20.43,2.043e-05,-0.01754016522267976,-0.0170231692968459
20.430799999999998,2.0430799999999998e-05,-0.02217494365327255,-0.015582601889181364
20.431600000000003,2.0431600000000003e-05,0.09433644286735665,-0.01415719108077233
20.432399999999994,2.0432399999999994e-05,-0.02966662158468303,-0.012750465378611218
20.4332,2.04332e-05,0.012621167963438484,-0.011365680403170174
20.433999999999997,2.0433999999999998e-05,-0.02108778952507573,-0.010005797989528043
20.434800000000003,2.0434800000000003e-05,-0.05581713608156469,-0.008673468771498414
20.435599999999994,2.043559999999999e-05,0.0012264789145296495,-0.007371018196524484
20.4364,2.04364e-05,0.017875745101162854,-0.006100435887578876
20.437199999999997,2.0437199999999995e-05,0.006448335609327893,-0.004863368354548835
20.438000000000002,2.0438e-05,0.013327212727906379,-0.0036611151731456505
20.438799999999993,2.043879999999999e-05,0.043969897123659396,-0.0024946288010971713
20.4396,2.0439599999999997e-05,0.00213149468517404,-0.0013645181548718735
20.440399999999997,2.0440399999999995e-05,-0.007132576967396886,-0.0002710559478207985
20.441200000000002,2.04412e-05,-0.0037930020826544286,0.0007858103656487262
20.441999999999993,2.044199999999999e-05,0.0385441520455424,0.0018064443350831955
20.4428,2.0442799999999997e-05,0.025514192598619534,0.0027915033268288638
20.443599999999996,2.0443599999999995e-05,-0.03858703318214829,0.003741918822381246
20.4444,2.04444e-05,0.027877825618310204,0.004658874661796691
20.4452,2.04452e-05,0.0009802238453949785,0.005543783744839534
20.445999999999998,2.0445999999999997e-05,0.03904574059525878,0.006398263727926708
20.446800000000003,2.0446800000000002e-05,0.010110765377701392,0.007224112241552297
20.4476,2.04476e-05,-0.033146724483999246,0.008023282142483225
20.4484,2.04484e-05,-0.013612187899352035,0.008797857332631834
20.449199999999998,2.0449199999999997e-05,-0.009868997282256986,0.009550029678670927
20.450000000000003,2.0450000000000002e-05,-0.018929936894396482,0.01028207748318664
20.450799999999994,2.0450799999999994e-05,0.04594126185102665,0.010996345770623903
20.4516,2.04516e-05,-0.004531010947201097,0.011695228411981352
20.452399999999997,2.0452399999999998e-05,0.016282841388944758,0.01238115189880741
20.453200000000002,2.0453200000000003e-05,0.02918967330130029,0.013056560437938021
20.453999999999994,2.0453999999999994e-05,0.06344825974532631,0.01372390197384344
20.4548,2.04548e-05,-0.004296671149488396,0.014385614736067023
20.455599999999997,2.0455599999999994e-05,0.02372231788023471,0.015044113952051666
20.456400000000002,2.0456400000000003e-05,0.024700340262473697,0.01570177845566267
20.457199999999993,2.045719999999999e-05,0.014818550419888887,0.016360937018849164
20.458,2.0457999999999996e-05,0.05166811178696873,0.017023854294753504
20.458799999999997,2.0458799999999995e-05,0.02218918133387926,0.017692716288428997
20.459600000000002,2.04596e-05,0.04678159307865637,0.01836961530401937
20.460399999999993,2.046039999999999e-05,-0.015307981806115922,0.019056534381922962
20.461199999999998,2.0461199999999996e-05,0.017638568443475222,0.019755331327361514
20.461999999999996,2.0461999999999995e-05,0.04970298861104383,0.02046772250149497
20.4628,2.04628e-05,0.01961541837941727,0.021195266559888116
20.4636,2.04636e-05,0.052694174575033115,0.021939348293101058
20.464399999999998,2.0464399999999997e-05,0.04125844301460824,0.02270116270711987
20.465200000000003,2.0465200000000002e-05,0.014197427538467311,0.02348169951938806
20.466,2.0466e-05,0.0064977001894033215,0.024281728331856482
20.4668,2.04668e-05,0.0199131185458149,0.025101784831438906
20.467599999999997,2.0467599999999997e-05,0.026193758471603656,0.02594215840722587
20.468400000000003,2.0468400000000002e-05,0.05223230436254234,0.02680288153689967
20.4692,2.04692e-05,0.02941512319896078,0.02768372121095701
20.47,2.047e-05,0.019465811953366274,0.028584172593311037
20.470799999999997,2.0470799999999997e-05,0.03881896652331829,0.0295034550955374
20.471600000000002,2.0471600000000002e-05,0.042346353485662735,0.030440511052502003
20.472399999999993,2.0472399999999994e-05,0.008257610807749338,0.03139400719326974
20.4732,2.04732e-05,0.04087033575657961,0.0323623390894388
20.473999999999997,2.0473999999999994e-05,0.02048638953284565,0.03334363873683116
20.474800000000002,2.0474800000000003e-05,0.03158262207248974,0.03433578538152163
20.475599999999993,2.047559999999999e-05,0.012881986652605204,0.0353364196308955
20.476399999999998,2.0476399999999996e-05,0.07421407167564675,0.03634296079932396
20.477199999999996,2.0477199999999994e-05,0.031892805341771746,0.03735262733896189
20.478,2.0478e-05,0.06439772271892386,0.038362460121966986
20.478799999999993,2.047879999999999e-05,0.03628832659752956,0.03936934830163665
20.479599999999998,2.0479599999999996e-05,0.041017105322625924,0.04037005749775242
20.480399999999996,2.0480399999999995e-05,-0.001383409174285699,0.04136126009924058
20.4812,2.04812e-05,0.04337449679087446,0.042339567505947334
20.482,2.0481999999999998e-05,0.04900885911803776,0.04330156409671216
20.482799999999997,2.0482799999999996e-05,0.039097942035378974,0.04424384260260282
20.483600000000003,2.04836e-05,0.04827009391063386,0.04516304042085655
20.4844,2.04844e-05,0.030926698230994698,0.046055876282684406
20.4852,2.0485199999999998e-05,0.05194160209045462,0.046919186606380954
20.485999999999997,2.0485999999999997e-05,0.07719750340246889,0.047749960805746665
20.486800000000002,2.0486800000000002e-05,0.0648491903456675,0.048545374768010595
20.4876,2.04876e-05,0.10920707378134376,0.04930282168727252
20.4884,2.04884e-05,0.06856722624559886,0.05001993948183042
20.489199999999997,2.0489199999999997e-05,0.06353166894265783,0.05069463416253682
20.490000000000002,2.0490000000000002e-05,0.023443342368174025,0.051325098737032254
20.4908,2.04908e-05,0.0816208277240007,0.051909827467842284
20.4916,2.04916e-05,0.07180447876727791,0.052447625474463175
20.492399999999996,2.0492399999999997e-05,0.05696524412193349,0.05293761375307798
20.4932,2.0493200000000002e-05,0.07206246059643973,0.05337922972690091
20.494,2.0493999999999997e-05,0.07545707378134714,0.05377222349513766
20.494799999999998,2.0494799999999996e-05,0.053662362202957614,0.05411665003471588
20.495599999999996,2.0495599999999994e-05,0.032477235257396986,0.054412857707566896
20.4964,2.04964e-05,0.04702576763064359,0.054661473512787474
20.497199999999992,2.049719999999999e-05,0.07598362853683249,0.05486338556674933
20.497999999999998,2.0497999999999996e-05,0.09874804042886831,0.05501972327496538
20.498799999999996,2.0498799999999994e-05,0.02013856844347528,0.055131835607745115
20.4996,2.04996e-05,0.07886700692914372,0.05520126787322738
20.5004,2.0500399999999998e-05,0.04294459067846257,0.05522973742066929
20.501199999999997,2.0501199999999996e-05,0.04052799987579414,0.05521910875881982
20.502000000000002,2.0502e-05,0.0446621346109628,0.05517136858477499
20.5028,2.05028e-05,0.06611451030856674,0.055088601173984286
20.5036,2.0503599999999998e-05,0.035912702442385314,0.05497296449529542
20.504399999999997,2.0504399999999996e-05,0.09853034476837086,0.05482666730942146
20.505200000000002,2.05052e-05,0.05208969583079093,0.05465194741719165
20.506,2.0506e-05,0.05277134222092239,0.05445105117528374
20.5068,2.0506799999999998e-05,0.09690680113037409,0.05422621440261772
20.507599999999996,2.0507599999999997e-05,0.01909037630965671,0.05397964484587587
20.5084,2.0508400000000002e-05,0.05430031773298305,0.05371350642976036
20.5092,2.05092e-05,0.059237713707125605,0.053429905559825866
20.509999999999998,2.051e-05,0.019954917400198058,0.05313087974926225
20.510799999999996,2.0510799999999997e-05,0.04556072031872016,0.052818388792037305
20.5116,2.0511600000000002e-05,0.05303159307865635,0.05249430860866885
20.5124,2.0512399999999997e-05,0.03925379001288254,0.05216042776163274
20.513199999999998,2.0513199999999995e-05,0.06710842048511767,0.051818446491920016
20.513999999999996,2.0513999999999994e-05,0.06882577590618322,0.05146997799316221
20.5148,2.05148e-05,0.08796255898992189,0.05111655154483627
20.5156,2.0515599999999997e-05,0.014238470049993124,0.050759617093316126
20.516399999999997,2.0516399999999996e-05,0.046931010993282674,0.05040055090205102
20.517199999999995,2.0517199999999994e-05,0.12430239825013045,0.050040661955818515
20.518,2.0518e-05,0.015956581813915904,0.04968119884901842
20.51879999999999,2.051879999999999e-05,0.02439772271892393,0.04932335691042697
20.519599999999997,2.0519599999999996e-05,0.05586409420513738,0.04896828534808218
20.520400000000002,2.05204e-05,0.10063864430747393,0.04861709422541319
20.5212,2.05212e-05,0.007900143475499277,0.04827086106206098
20.522,2.0521999999999998e-05,0.055928022405274724,0.047930636808504755
20.522799999999997,2.0522799999999996e-05,0.0889922149808553,0.04759745092643008
20.523600000000002,2.05236e-05,0.08460709631082775,0.047272315321785725
20.5244,2.05244e-05,0.07343218343956948,0.04695622691212866
20.525199999999998,2.0525199999999998e-05,-0.0226632927572471,0.04665016869437878
20.525999999999996,2.0525999999999996e-05,0.011055310974136923,0.04635510932387303
20.5268,2.05268e-05,0.08241387488867236,0.04607200133387253
20.5276,2.05276e-05,0.08911458617255841,0.04580177810696452
20.528399999999998,2.0528399999999998e-05,0.07575061291343976,0.045545349572459114
20.529199999999996,2.0529199999999997e-05,0.09845790598820603,0.045303596498319526
20.53,2.053e-05,-0.004328635249627011,0.04507736330163539
20.5308,2.05308e-05,-0.009439279681309865,0.04486744949945269
20.531599999999997,2.0531599999999995e-05,0.09096206702250076,0.04467460012440822
20.532399999999996,2.0532399999999993e-05,0.01677175832435185,0.04449949550044944
20.5332,2.05332e-05,0.036750953152877575,0.04434274068683939
20.534,2.0533999999999997e-05,0.08191644737325077,0.04420485474415256
20.534799999999997,2.0534799999999995e-05,0.07171123481564179,0.04408625985305097
20.535599999999995,2.0535599999999994e-05,0.025797329144985004,0.0439872702613444
20.5364,2.05364e-05,0.09910342724396393,0.0439080810515407
20.5372,2.0537199999999997e-05,0.07197148567337575,0.04384875680362272
20.537999999999997,2.0537999999999995e-05,-0.006361091317096834,0.043809220351811645
20.538800000000002,2.05388e-05,0.03094201819388409,0.043789241971052696
20.5396,2.05396e-05,0.0859711454339479,0.04378842943981151
20.540399999999998,2.0540399999999997e-05,0.011436608849300756,0.04380621945763195
20.541199999999996,2.0541199999999996e-05,0.046962975093351345,0.04384187084228005
20.542,2.0542e-05,0.050399387132641915,0.043894459850572734
20.5428,2.05428e-05,0.030200416126475393,0.04396287790236128
20.543599999999998,2.0543599999999998e-05,0.03346490388250578,0.044045831929026884
20.544399999999996,2.0544399999999996e-05,0.007192018193884042,0.044141847497887035
20.5452,2.05452e-05,0.10820748988477358,0.04424927477333945
20.546,2.0546e-05,0.03724894849972182,0.04436629726220881
20.546799999999998,2.0546799999999998e-05,0.02340721723380057,0.04449094318343013
20.547599999999996,2.0547599999999996e-05,0.0482903312506755,0.04462109924804331
20.5484,2.05484e-05,0.07643585250644336,0.044754526633424524
20.5492,2.05492e-05,0.0120208502534912,0.04488887893429744
20.549999999999997,2.0549999999999995e-05,0.05425511418717244,0.045021721847483626
20.550799999999995,2.0550799999999993e-05,0.08638365106632306,0.0451505543170996
20.5516,2.0551599999999998e-05,0.018936608849300707,0.04527283084599188
20.5524,2.0552399999999997e-05,0.03809968231309857,0.04538598466960088
20.553199999999997,2.0553199999999995e-05,0.05374520356885637,0.04548745149304705
20.553999999999995,2.0553999999999993e-05,0.05413406716975255,0.045574693493794484
20.5548,2.05548e-05,0.08899978070658077,0.04564522326724134
20.5556,2.0555599999999997e-05,0.05803915880438859,0.04569662736194089
20.556399999999996,2.0556399999999995e-05,0.009621659930859616,0.04572658906832651
20.5572,2.05572e-05,0.06566512319896078,0.04573291020528497
20.558,2.0558e-05,0.08193044316186004,0.04571353174262028
20.558800000000005,2.0558800000000004e-05,0.003296572802117703,0.04566655314726323
20.559599999999996,2.0559599999999995e-05,0.03409642934966428,0.04559025034784884
20.5604,2.05604e-05,0.03390880578352684,0.04548309220317422
20.5612,2.05612e-05,0.07209593738223319,0.04534375532111018
20.561999999999998,2.0561999999999997e-05,0.07285134672681648,0.04517113698256595
20.562799999999996,2.0562799999999996e-05,0.04889897102921237,0.04496436582078866
20.5636,2.05636e-05,0.0968873201331869,0.04472280986810468
20.5644,2.05644e-05,0.058563633042726715,0.04444608164524778
20.565199999999997,2.0565199999999998e-05,0.021890724824624286,0.04413404010959993
20.565999999999995,2.0565999999999996e-05,0.028612429791419314,0.043786789451988536
20.5668,2.05668e-05,0.09678575411295409,0.04340467488060661
20.5676,2.05676e-05,0.06729566473126714,0.04298827560750124
20.568399999999997,2.0568399999999994e-05,0.04200136925630704,0.04253839527465072
20.569199999999995,2.0569199999999993e-05,0.008741798877428986,0.042056050098821345
20.57,2.0569999999999998e-05,0.016543660078111366,0.04154245510717766
20.5708,2.0570799999999996e-05,0.027859668795406134,0.0409990089069988
20.571599999999997,2.0571599999999995e-05,0.04233178986563069,0.04042727739334016
20.572399999999995,2.0572399999999993e-05,0.04158886362393199,0.03982897664409177
20.5732,2.0573199999999998e-05,0.09246588781735787,0.03920595506030553
20.573999999999998,2.0573999999999996e-05,0.07764348582063052,0.03856017467053185
20.574799999999996,2.0574799999999995e-05,0.06438732013318682,0.03789369149130837
20.575599999999994,2.0575599999999993e-05,0.02327425494492863,0.03720863494360097
20.5764,2.05764e-05,0.040745127704864825,0.0365071865337223
20.577200000000005,2.0577200000000003e-05,0.03347398229395271,0.03579155822799513
20.577999999999996,2.0577999999999995e-05,0.014113261998278448,0.03506397109340464
20.5788,2.05788e-05,0.013138076476044258,0.034326634811681724
20.5796,2.05796e-05,-0.00494276023670881,0.03358172862136904
20.580400000000004,2.0580400000000004e-05,0.05273313656940137,0.032831384120256275
20.581199999999995,2.0581199999999995e-05,0.018037078287241215,0.03207767017886821
20.582,2.0582e-05,0.030757610807749303,0.03132258000609795
20.5828,2.05828e-05,0.02684835813880848,0.03056802022281418
20.583600000000004,2.0583600000000004e-05,0.024360841241693132,0.029815801667367928
20.584399999999995,2.0584399999999996e-05,0.09077009391063395,0.029067631567253355
20.5852,2.05852e-05,0.032495959911723826,0.028325106651866147
20.586,2.0586e-05,0.03655822369814332,0.02758970677387282
20.586799999999997,2.0586799999999994e-05,0.07956397328216447,0.0268627886790534
20.587599999999995,2.0587599999999992e-05,0.03831113642214967,0.026145579705690387
20.5884,2.0588399999999998e-05,0.03709461320794316,0.025439171367831307
20.589199999999998,2.0589199999999996e-05,-0.026208836542495506,0.02474451295855933
20.589999999999996,2.0589999999999994e-05,0.03731363304272661,0.02406240547345726
20.590799999999994,2.0590799999999993e-05,0.03395741402077501,0.023393496245666105
20.5916,2.0591599999999998e-05,0.01655481900671585,0.022738274667077386
20.592399999999998,2.0592399999999996e-05,0.0014046447492320757,0.022097069284154152
20.593199999999996,2.0593199999999995e-05,0.057292071528394994,0.021470046471149907
20.593999999999994,2.0593999999999993e-05,0.02403117697522683,0.02085721082354304
20.5948,2.0594799999999998e-05,0.0121390604109064,0.02025840737227044
20.595600000000005,2.0595600000000003e-05,-0.01905382077182116,0.01967332569792963
20.596399999999996,2.0596399999999995e-05,0.05860959293140455,0.019101506018019892
20.5972,2.05972e-05,0.015539915147245953,0.018542347292579336
20.598,2.0597999999999998e-05,-0.03213390114171688,0.01799511732494979
20.598800000000004,2.0598800000000003e-05,0.030240134463710988,0.017458964751613425
20.599599999999995,2.0599599999999995e-05,0.056865002275987786,0.01693293273506433
20.6004,2.06004e-05,0.025022438803207647,0.016415974083770216
20.6012,2.06012e-05,-0.006266523191160722,0.015906967443316076
20.602000000000004,2.0602000000000004e-05,0.05521573608936459,0.015404734184799426
20.602799999999995,2.0602799999999995e-05,0.0008612573450925698,0.014908055661971257
20.6036,2.06036e-05,-0.0249351945109465,0.014415690562837487
20.6044,2.06044e-05,0.017277507908363132,0.013926392102224213
20.605200000000004,2.0605200000000004e-05,0.049814389385593905,0.013438924772395028
20.605999999999995,2.0605999999999992e-05,0.026218156845939977,0.012952080287971535
20.6068,2.0606799999999997e-05,0.00848570905397994,0.012464692272710335
20.607599999999998,2.0607599999999996e-05,0.04675019681001025,0.011975649209146918
20.608399999999996,2.0608399999999994e-05,0.043165879541828045,0.011483905227559389
20.609199999999994,2.0609199999999992e-05,-0.001172711408062077,0.010988488412743955
20.61,2.0609999999999997e-05,0.060673445267550474,0.010488506429644245
20.610799999999998,2.0610799999999996e-05,0.03267469357783881,0.00998314940965959
20.611599999999996,2.0611599999999994e-05,-0.007307149599257157,0.009471690193542506
20.612399999999994,2.0612399999999993e-05,0.007555727077566465,0.008953482184706686
20.6132,2.0613199999999998e-05,-0.004866348933646902,0.00842795520863785
20.613999999999997,2.0613999999999996e-05,0.03730947200843171,0.007894609859675104
20.614799999999995,2.0614799999999994e-05,-0.01929307794668622,0.007353010822248742
20.6156,2.06156e-05,0.014114586172558341,0.006802779608615635
20.6164,2.0616399999999998e-05,0.006900559578928878,0.006243587104166948
20.617200000000004,2.0617200000000003e-05,-0.010657883412663716,0.005675146265862134
20.617999999999995,2.0617999999999995e-05,0.008809320280438682,0.005097205266636078
20.6188,2.06188e-05,0.005948259745326312,0.004509541312947972
20.6196,2.0619599999999998e-05,-0.014793910153515055,0.003911955287979412
20.620400000000004,2.0620400000000003e-05,0.04135168696624436,0.0033042672958472252
20.621199999999995,2.0621199999999995e-05,0.003915047334969168,0.002686313112829802
20.622,2.0622e-05,0.007077212727906401,0.0020579415064149046
20.622799999999998,2.06228e-05,0.050360425138263665,0.0014190123795678642
20.623600000000003,2.0623600000000004e-05,0.0007298077419655158,0.0007693957423638422
20.624399999999994,2.0624399999999992e-05,-0.028712997576790356,0.0001089715980070302
20.6252,2.0625199999999997e-05,0.03155065797242096,-0.0005623690641822065
20.625999999999998,2.0625999999999995e-05,-0.0382622862929044,-0.0012447218875066756
20.626800000000003,2.06268e-05,-0.007127659590274504,-0.0019381650663741522
20.627599999999994,2.0627599999999992e-05,-0.041910720272638424,-0.002642753291649603
20.6284,2.0628399999999997e-05,-0.02441904234122816,-0.003358509549795349
20.629199999999997,2.0629199999999996e-05,-0.006375087105666144,-0.004085414762755194
20.629999999999995,2.0629999999999994e-05,-0.01401769563748756,-0.004823395471295705
20.630799999999994,2.0630799999999992e-05,0.023005114187172437,-0.005572310001017277
20.6316,2.0631599999999997e-05,-0.004295158463803461,-0.006331933752371921
20.632399999999997,2.0632399999999996e-05,0.020002201463166003,-0.007101944380083031
20.633199999999995,2.0633199999999994e-05,0.015979467502537648,-0.00788190765971561
20.634,2.0634e-05,0.03524770018943324,-0.008671264791198445
20.6348,2.0634799999999998e-05,-0.0026856106143761105,-0.009469321777377679
20.635600000000004,2.0635600000000003e-05,-0.03432579838955219,-0.010275241352653874
20.636399999999995,2.0636399999999994e-05,-0.04271133316307241,-0.011088037752214525
20.6372,2.06372e-05,-0.01825812525860937,-0.011906574474098963
20.637999999999998,2.0637999999999998e-05,0.02951876973634393,-0.012729565164559234
20.638800000000003,2.0638800000000003e-05,0.020420948646973525,-0.013555577849357863
20.639599999999994,2.0639599999999995e-05,-0.00036510062335848303,-0.014383042842650394
20.6404,2.06404e-05,-0.0027843397746369902,-0.015210264677938784
20.641199999999998,2.0641199999999998e-05,0.03494167795445613,-0.01603543829226537
20.642000000000003,2.0642000000000003e-05,0.013145642201776497,-0.016856669509991446
20.642799999999994,2.064279999999999e-05,0.003226970881960778,-0.017671999668384706
20.6436,2.06436e-05,-0.025710084852784032,-0.018479434007188877
20.644399999999997,2.0644399999999995e-05,-0.03153717663464173,-0.019276973210454643
20.645200000000003,2.06452e-05,0.004829709348483369,-0.02006264728662935
20.645999999999994,2.0645999999999992e-05,0.024632818859464,-0.020834550853158343
20.6468,2.0646799999999997e-05,-0.052238304021957394,-0.021590878845232538
20.647599999999997,2.0647599999999995e-05,-0.04838125279317673,-0.022329961632287152
20.648400000000002,2.06484e-05,0.00033545893249453673,-0.02305029847001143
20.649199999999993,2.0649199999999992e-05,-0.03630132415124421,-0.023750588184423094
20.65,2.0649999999999997e-05,-0.0430493194981284,-0.02442975602448497
20.650799999999997,2.0650799999999995e-05,-0.08153850080896174,-0.02508697571337663
20.651600000000002,2.06516e-05,-0.04342361947895268,-0.02572168584784028
20.6524,2.06524e-05,-0.06118178981957911,-0.026333599964707056
20.6532,2.0653199999999997e-05,-0.055972416227605404,-0.026922709849387348
20.654000000000003,2.0654000000000002e-05,-0.050357346386261326,-0.027489281987219383
20.654799999999994,2.0654799999999994e-05,5.440290328628805e-05,-0.028033847404118222
20.6556,2.06556e-05,0.009796988905547255,-0.028557185460237233
20.656399999999998,2.0656399999999998e-05,-0.031901641861221575,-0.02906030240010103
20.657200000000003,2.0657200000000003e-05,-0.03430839790954532,-0.02954440557461392
20.657999999999994,2.0657999999999994e-05,-0.002325306422191198,-0.03001087423226289
20.6588,2.06588e-05,-0.03271965523166209,-0.03046122769581696
20.659599999999998,2.0659599999999998e-05,-0.014496966329944905,-0.030897091668491878
20.660400000000003,2.0660400000000003e-05,-0.040241216745963704,-0.03132016336475166
20.661199999999994,2.066119999999999e-05,-0.03570233061558703,-0.03173217611946179
20.662,2.0662e-05,-0.01881115890558871,-0.032134864096941336
20.662799999999997,2.0662799999999995e-05,-0.02943152544411287,-0.03252992771415831
20.663600000000002,2.06636e-05,0.006215319985935164,-0.03291900040695142
20.664399999999993,2.066439999999999e-05,-0.028281010947231122,-0.03330361737547435
20.6652,2.0665199999999997e-05,-0.040549319498128455,-0.03368518691212349
20.665999999999997,2.0665999999999995e-05,-0.03193568647840761,-0.0340649648369657
20.666800000000002,2.06668e-05,-0.02958661707871879,-0.034444032476417155
20.667599999999993,2.066759999999999e-05,0.004862429791419376,-0.034823278564242215
20.6684,2.0668399999999997e-05,0.0024375169201612534,-0.035203385422583
20.669199999999996,2.0669199999999995e-05,-0.004314639460987757,-0.035584819744242324
20.67,2.067e-05,-0.08134028614565258,-0.035967828189133494
20.6708,2.06708e-05,-0.010929293199002155,-0.03635243782823313
20.671599999999998,2.0671599999999997e-05,-0.045739968435675404,-0.03673846128979126
20.672400000000003,2.0672400000000002e-05,-0.039511529949976865,-0.03712550636482412
20.6732,2.06732e-05,0.024611257345122595,-0.037512989821452104
20.674,2.0674e-05,-0.01992271140806212,-0.03790015519940393
20.674799999999998,2.0674799999999997e-05,-0.057990308675073154,-0.03828609433472504
20.675600000000003,2.0675600000000002e-05,0.004789991011247552,-0.03866977226655861
20.676399999999994,2.0676399999999994e-05,-0.02667694830638845,-0.03905005502852667
20.6772,2.06772e-05,-0.08415822365206171,-0.03942573968375824
20.677999999999997,2.0677999999999998e-05,-0.03549030867507319,-0.03979558585848162
20.678800000000003,2.0678800000000003e-05,-0.023504380327744157,-0.04015834797617918
20.679599999999994,2.0679599999999994e-05,-0.02559811624678121,-0.04051280740676271
20.6804,2.06804e-05,-0.04867327923955478,-0.04085780380600588
20.681199999999997,2.0681199999999994e-05,-0.04587974010742202,-0.04119226497061512
20.682000000000002,2.0682000000000003e-05,-0.06962141803883226,-0.041515234543592634
20.682799999999993,2.068279999999999e-05,-0.040840778113013676,-0.04182589691012863
20.6836,2.0683599999999996e-05,-0.04777393718892975,-0.04212359867813684
20.684399999999997,2.0684399999999995e-05,-0.04342986103039492,-0.04240786624868914
20.685200000000002,2.06852e-05,-0.04723906036478476,-0.04267841911680836
20.685999999999993,2.068599999999999e-05,-0.046959328509856735,-0.04293517866496643
20.686799999999998,2.0686799999999996e-05,-0.057980473920828834,-0.04317827230854176
20.687599999999996,2.0687599999999995e-05,-0.0677482146402335,-0.04340803293800119
20.6884,2.06884e-05,-0.05153642029181449,-0.04362499369935182
20.6892,2.06892e-05,-0.026133749413753682,-0.04382987828024315
20.689999999999998,2.0689999999999997e-05,-0.03014248758577287,-0.04402358702001576
20.690800000000003,2.0690800000000002e-05,-0.04313424138111477,-0.04420717930076985
20.6916,2.06916e-05,-0.002405310928055293,-0.044381852755105866
20.6924,2.06924e-05,-0.06747207598820748,-0.0445489198267413
20.693199999999997,2.0693199999999997e-05,-0.06853426391063544,-0.04470978216552069
20.694000000000003,2.0694000000000002e-05,-0.034718823024803225,-0.04486590327459769
20.6948,2.06948e-05,-0.07167486778924104,-0.045018779807564496
20.6956,2.06956e-05,-0.0659937892305722,-0.04516991196883191
20.696399999999997,2.0696399999999997e-05,-0.01754300208265447,-0.04532077358974975
20.697200000000002,2.0697200000000002e-05,0.02434760179595119,-0.045472782595989185
20.697999999999993,2.0697999999999994e-05,-0.012593879348454795,-0.04562727269351604
20.6988,2.06988e-05,-0.06695932850985675,-0.0457854671065163
20.699599999999997,2.0699599999999994e-05,-0.028795082599801902,-0.04594845505843698
20.700400000000002,2.0700400000000003e-05,-0.017460917059642922,-0.046117171457193434
20.701199999999993,2.070119999999999e-05,-0.0681745275498431,-0.0462923800442956
20.701999999999998,2.0701999999999996e-05,-0.04682163735525735,-0.04647466014930662
20.702799999999996,2.0702799999999994e-05,-0.024149901583471967,-0.04666439713216015
20.7036,2.07036e-05,-0.006804993218078037,-0.04686177656890444
20.704399999999993,2.070439999999999e-05,-0.04953933301582081,-0.047066782222568104
20.705199999999998,2.0705199999999996e-05,-0.03723962819627735,-0.04727919780060552
20.705999999999996,2.0705999999999995e-05,-0.031041829636397678,-0.04749861240640025
20.7068,2.07068e-05,-0.061094031076517896,-0.047724429471572384
20.7076,2.0707599999999998e-05,-0.015943856819034097,-0.04795587885592649
20.708399999999997,2.0708399999999996e-05,-0.02246432175101054,-0.048192031737387446
20.709200000000003,2.07092e-05,-0.0801222502456912,-0.0484318178646546
20.71,2.071e-05,-0.05999363750250897,-0.048674044687485485
20.7108,2.0710799999999998e-05,-0.08380964621983389,-0.04891741782498158
20.711599999999997,2.0711599999999997e-05,-0.031706831889279696,-0.04916056233306659
20.712400000000002,2.0712400000000002e-05,-0.055172371168664136,-0.049402044326576744
20.7132,2.07132e-05,-0.06671307344072197,-0.04964039266969369
20.714,2.0714e-05,-0.037028930430083706,-0.04987412060324848
20.714799999999997,2.0714799999999997e-05,0.012049409662132526,-0.05010174728990138
20.715600000000002,2.0715600000000002e-05,-0.04557787890669962,-0.050321819321738834
20.7164,2.07164e-05,0.002068134316459358,-0.050532932228276164
20.7172,2.07172e-05,-0.02661642479767856,-0.05073375191351316
20.717999999999996,2.0717999999999997e-05,-0.08395225475155554,-0.05092303574611399
20.7188,2.0718800000000002e-05,-0.04721390564758088,-0.0510996527872582
20.7196,2.0719599999999997e-05,-0.10509860821424233,-0.05126260244753926
20.720399999999998,2.0720399999999996e-05,-0.05685984300683833,-0.05141103078815066
20.721199999999996,2.0721199999999994e-05,-0.05435076459532129,-0.05154424375086309
20.722,2.0722e-05,-0.08951152994997691,-0.05166171678392349
20.722799999999992,2.072279999999999e-05,-0.05988091255367889,-0.051763100560252476
20.723599999999998,2.0723599999999996e-05,-0.037468482785305235,-0.05184822270888942
20.724399999999996,2.0724399999999994e-05,-0.029771592296316096,-0.05191708568352105
20.7252,2.07252e-05,-0.04407821914619747,-0.05196986105807973
20.726,2.0725999999999998e-05,-0.05984403107651792,-0.0520068806345333
20.726799999999997,2.0726799999999996e-05,-0.04109478741934536,-0.05202862475737969
20.727600000000002,2.07276e-05,-0.08067528389267042,-0.052035708191861374
20.7284,2.07284e-05,-0.05892861272010641,-0.05202886389951882
20.7292,2.0729199999999998e-05,-0.027756536708823165,-0.05200892507115151
20.729999999999997,2.0729999999999996e-05,-0.026220563302452704,-0.05197680585027531
20.730800000000002,2.07308e-05,-0.0441094269034088,-0.05193348125972096
20.7316,2.07316e-05,-0.058408299516093276,-0.0518799668731926
20.7324,2.0732399999999998e-05,-0.04056463946098776,-0.0518172987300603
20.733199999999997,2.0733199999999997e-05,0.0062397183602815876,-0.0517465139119944
20.734,2.0734000000000002e-05,-0.04467910468756742,-0.05166863212562722
20.7348,2.07348e-05,-0.04846541833333573,-0.05158463855328575
20.735599999999998,2.07356e-05,-0.05598130612768781,-0.051495468108610894
20.736399999999996,2.0736399999999997e-05,-0.08619692127100376,-0.051401991083258415
20.7372,2.0737200000000002e-05,-0.009738304021957411,-0.051305000065061834
20.738,2.0737999999999997e-05,-0.07667278727209359,-0.051205197993963406
20.738799999999998,2.0738799999999995e-05,-0.05982246956211634,-0.051103187278614466
20.739599999999996,2.0739599999999994e-05,-0.0341330689348579,-0.0509994599705507
20.7404,2.07404e-05,-0.06461025911026785,-0.050894389057684106
20.7412,2.0741199999999997e-05,-0.011677704649215914,-0.05078822099860515
20.741999999999997,2.0741999999999996e-05,-0.02761184765995417,-0.05068106966787954
20.742799999999995,2.0742799999999994e-05,-0.021767355397989574,-0.05057291189032669
20.7436,2.07436e-05,-0.07706373139009715,-0.050463584681760626
20.74439999999999,2.074439999999999e-05,-0.08007212932271857,-0.050352784193089535
20.745199999999997,2.0745199999999996e-05,-0.021508617225970417,-0.050240066233937355
20.746000000000002,2.0746e-05,-0.0753983888977171,-0.050124848207521056
20.7468,2.07468e-05,-0.03269185216581827,-0.05000641234043531
20.7476,2.0747599999999998e-05,-0.047270268121996084,-0.04988391018649328
20.748399999999997,2.0748399999999996e-05,-0.005710084852784014,-0.04975636846083097
20.749200000000002,2.07492e-05,-0.052153382138870996,-0.049622696291073534
20.75,2.075e-05,-0.061582380180492335,-0.049481693947313644
20.750799999999998,2.0750799999999998e-05,0.0010519062827094583,-0.049332063037951644
20.751599999999996,2.0751599999999996e-05,-0.08450188370716716,-0.0491724180673297
20.7524,2.07524e-05,-0.061491216745963695,-0.04900129917952014
20.7532,2.07532e-05,-0.05528225925751962,-0.048817185875457546
20.753999999999998,2.0753999999999998e-05,-0.035118089211396475,-0.048618511500599586
20.754799999999996,2.0754799999999997e-05,-0.04000612060539355,-0.04840367836714425
20.7556,2.07556e-05,-0.05125612060539364,-0.04817107346943282
20.7564,2.07564e-05,-0.037053328804360075,-0.047919084819737987
20.757199999999997,2.0757199999999995e-05,-0.020504872295105225,-0.047646118452031185
20.757999999999996,2.0757999999999993e-05,-0.018479225610540384,-0.04735061612737186
20.7588,2.07588e-05,-0.0349087156195228,-0.047031073731252995
20.7596,2.0759599999999997e-05,-0.046766031223769655,-0.046686060265636445
20.760399999999997,2.0760399999999995e-05,-0.020276017706077343,-0.0463142372079325
20.761199999999995,2.0761199999999994e-05,-0.09858079163070599,-0.045914377872180126
20.762,2.0762e-05,-0.027275185499218257,-0.04548538630998125
20.7628,2.0762799999999997e-05,-0.03774329726311132,-0.04502631525895426
20.763599999999997,2.0763599999999995e-05,-0.05386317183427425,-0.04453638268600104
20.764400000000002,2.07644e-05,-0.037954751372132334,-0.04401498654947437
20.7652,2.07652e-05,-0.09689256344970443,-0.0434617174754613
20.766,2.0765999999999997e-05,-0.03193644282123498,-0.04287636910392677
20.766799999999996,2.0766799999999996e-05,-0.017844106940479443,-0.042258945946512805
20.7676,2.07676e-05,-0.01603634442778279,-0.041609668725255684
20.7684,2.07684e-05,-0.03125479643117357,-0.04092897728173359
20.769199999999998,2.0769199999999998e-05,-0.04697956584993823,-0.04021753118665335
20.769999999999996,2.0769999999999996e-05,-0.020196013200113105,-0.03947620812552191
20.7708,2.07708e-05,-0.07038590579483262,-0.038706100044359724
20.7716,2.07716e-05,-0.02051811174091711,-0.03790850697669805
20.772399999999998,2.0772399999999998e-05,-0.012216742507655698,-0.0370849284636235
20.773199999999996,2.0773199999999996e-05,-0.061981646367085697,-0.03623705250671782
20.774,2.0774e-05,-0.05246923912823265,-0.035366742026946764
20.7748,2.07748e-05,-0.048583628490780906,-0.03447601882681949
20.775599999999997,2.0775599999999995e-05,-0.001884997724042159,-0.033567045095814395
20.776399999999995,2.0776399999999993e-05,-0.022717574714514743,-0.03264210258787055
20.7772,2.0777199999999998e-05,-0.04636808921139646,-0.031703569704615735
20.778,2.0777999999999997e-05,-0.08015705120580485,-0.030753896780711817
20.778799999999997,2.0778799999999995e-05,-0.016618505314825893,-0.029795579888709213
20.779599999999995,2.0779599999999993e-05,-0.0007586930900022049,-0.02883113352769989
20.7804,2.07804e-05,-0.0325144426739834,-0.027863062672213803
20.7812,2.0781199999999997e-05,-0.014393319792631809,-0.026893834783646334
20.781999999999996,2.0781999999999995e-05,0.011818474555887137,-0.025925852447557265
20.782799999999995,2.0782799999999994e-05,-0.012932433514973418,-0.024961427278181805
20.7836,2.07836e-05,-0.010953503061873815,-0.024002755653869907
20.784400000000005,2.0784400000000004e-05,-0.0381732033755231,-0.02305189673409048
20.785199999999996,2.0785199999999995e-05,0.03238947651433588,-0.022110753079077273
20.786,2.0786e-05,-0.036361847659954205,-0.021181054078419883
20.7868,2.07868e-05,-0.026460008988752448,-0.02026434230774707
20.787599999999998,2.0787599999999997e-05,-0.022502715914026195,-0.019361962860276926
20.788399999999996,2.0788399999999996e-05,-0.0373983130337856,-0.0184750556464437
20.7892,2.07892e-05,0.01586693106514203,-0.017604550649339187
20.79,2.079e-05,0.01954657280211769,-0.016751166171123995
20.790799999999997,2.0790799999999998e-05,0.010850098416527953,-0.015915410157074684
20.791599999999995,2.0791599999999996e-05,0.0020548948706774484,-0.015097584668844952
20.7924,2.07924e-05,-0.03949620998711756,-0.014297793463296769
20.7932,2.07932e-05,-0.026469655231662115,-0.013515952457729193
20.793999999999997,2.0793999999999994e-05,-0.00657878697759029,-0.01275180271620744
20.794799999999995,2.0794799999999993e-05,-0.016637986311980102,-0.01200492554468726
20.7956,2.0795599999999998e-05,-0.009396724484029284,-0.011274759332607551
20.7964,2.0796399999999996e-05,0.013851686966244392,-0.010560617867270026
20.797199999999997,2.0797199999999995e-05,0.007920192304116114,-0.009861709917138493
20.797999999999995,2.0797999999999993e-05,0.00783961996678928,-0.009177159902810154
20.7988,2.0798799999999998e-05,0.00461485054799482,-0.00850602944008334
20.799599999999998,2.0799599999999996e-05,-0.015213981511612462,-0.00784733945388995
20.800399999999996,2.0800399999999995e-05,0.03399013446371102,-0.007200092452003948
20.801199999999994,2.0801199999999993e-05,-0.028004115952277697,-0.006563294446178783
20.802,2.0802e-05,-0.03962557907312714,-0.005935975930809547
20.802800000000005,2.0802800000000004e-05,-0.008353449727332873,-0.005317211282638396
20.803599999999996,2.0803599999999995e-05,-0.05097090354195066,-0.004706135956429892
20.8044,2.08044e-05,-0.015228733643079306,-0.004101960954634088
20.8052,2.08052e-05,0.011259199357465777,-0.0035039842418869973
20.806000000000004,2.0806000000000004e-05,0.025630322238887282,-0.0029115990115153164
20.806799999999996,2.0806799999999995e-05,-0.05577893043008364,-0.0023242989242796917
20.8076,2.08076e-05,0.018177038470422624,-0.0017416805772419797
20.8084,2.08084e-05,0.022625328997733396,-0.0011634435273246728
20.809200000000004,2.0809200000000004e-05,0.02022140980938425,-0.0005893882388310553
20.809999999999995,2.0809999999999996e-05,-0.01890629486290729,-1.9412362975904443e-05
20.8108,2.08108e-05,0.008393977788058615,0.0005464942424923888
20.8116,2.08116e-05,0.016337123346212512,0.001108255389822052
20.812399999999997,2.0812399999999994e-05,0.02130648342043373,0.0016657150151640331
20.813199999999995,2.0813199999999992e-05,0.0005274320443613423,0.0022186439130561127
20.814,2.0813999999999998e-05,0.0055941971045136984,0.002766746478422924
20.814799999999998,2.0814799999999996e-05,0.05997156153737748,0.003309667230536441
20.815599999999996,2.0815599999999994e-05,-0.007762021917438022,0.003846996957898843
20.816399999999994,2.0816399999999993e-05,0.0065332574923743225,0.004378278401388263
20.8172,2.0817199999999998e-05,0.011356604343406684,0.004903011492220802
20.817999999999998,2.0817999999999996e-05,-0.007752375674528245,0.0054206582621422125
20.818799999999996,2.0818799999999995e-05,0.004305235110145245,0.005930647603969474
20.819599999999994,2.0819599999999993e-05,0.014131418821172526,0.006432380062697052
20.8204,2.0820399999999998e-05,0.0034162956452575832,0.006925232797047466
20.821199999999997,2.0821199999999996e-05,-0.00716737792751021,0.0074085647945065225
20.821999999999996,2.0821999999999995e-05,0.052146814648063367,0.00788172236787495
20.8228,2.08228e-05,0.012995467944292849,0.008344044917376118
20.8236,2.0823599999999998e-05,-0.011231154399624632,0.008794870920883666
20.824400000000004,2.0824400000000003e-05,0.016898479061781324,0.00923354412926268
20.825199999999995,2.0825199999999995e-05,0.03675795104717727,0.009659419981096243
20.826,2.0826e-05,0.0013607653777013562,0.01007187227489896
20.8268,2.08268e-05,-0.032609767142806834,0.010470300137098834
20.827600000000004,2.0827600000000004e-05,0.057061136422149716,0.010854135316907525
20.828399999999995,2.0828399999999995e-05,0.0061708727829820065,0.011222849819044171
20.8292,2.08292e-05,-0.006920366515518306,0.011575963837549288
20.83,2.083e-05,0.009681615608146954,0.011913053898783681
20.830800000000004,2.0830800000000004e-05,0.03676910997577165,0.012233761082382916
20.831599999999995,2.0831599999999992e-05,0.01124879677172863,0.012537799152499755
20.8324,2.0832399999999997e-05,0.016340528037649737,0.012824962389163946
20.833199999999998,2.0833199999999996e-05,0.028830881794770225,0.013095132884550192
20.833999999999996,2.0833999999999994e-05,0.01935384334739343,0.01334828707679118
20.834799999999994,2.0834799999999992e-05,0.04488399130575094,0.01358450132269129
20.8356,2.0835599999999997e-05,-0.03009161031987262,0.01380395635075686
20.836399999999998,2.0836399999999996e-05,0.04426551677290946,0.014006940486283358
20.837199999999996,2.0837199999999994e-05,0.039294076181540794,0.014193851585239968
20.837999999999994,2.0837999999999993e-05,0.015272098563779757,0.014365197635291246
20.8388,2.0838799999999998e-05,0.04702784814779082,0.014521595997464436
20.839599999999997,2.0839599999999996e-05,0.00018868936644811374,0.014663771309794522
20.840399999999995,2.0840399999999994e-05,-0.0006989259241495516,0.01479255216114607
20.8412,2.08412e-05,0.011022022699778145,0.014908866729255324
20.842,2.0841999999999998e-05,0.05375012094601861,0.015013737613774007
20.842800000000004,2.0842800000000003e-05,-0.00856131063355181,0.015108276070439613
20.843599999999995,2.0843599999999995e-05,0.0011646312315395368,0.015193675802606435
20.8444,2.08444e-05,0.03248555732598657,0.015271206432122621
20.8452,2.0845199999999998e-05,0.02645741402077495,0.015342206747788245
20.846000000000004,2.0846000000000003e-05,0.009246035775715367,0.01540807779205974
20.846799999999995,2.0846799999999995e-05,0.016006702736888756,0.015470275805748206
20.8476,2.08476e-05,0.033481736531119854,0.01553030503140266
20.848399999999998,2.08484e-05,0.02122364205452476,0.015589710375301755
20.849200000000003,2.0849200000000004e-05,0.02125295780602343,0.015650069931104058
20.849999999999994,2.0849999999999992e-05,-0.005858934935947802,0.015712987378645727
20.8508,2.0850799999999997e-05,0.022085534796495998,0.015780084289857978
20.851599999999998,2.0851599999999995e-05,0.062087615313643596,0.015852992379239428
20.852400000000003,2.08524e-05,0.0014818123951213513,0.01593334571713162
20.853199999999994,2.0853199999999992e-05,0.018405136716653114,0.016022772908924714
20.854,2.0853999999999997e-05,-0.0015065367088531456,0.016122889266021543
20.854799999999997,2.0854799999999996e-05,0.012089127999368232,0.016235289036342263
20.855599999999995,2.0855599999999994e-05,0.03395325298648011,0.01636153776859114
20.856399999999994,2.0856399999999992e-05,0.0035394231798249187,0.016503164833884528
20.8572,2.0857199999999997e-05,0.04224554380829426,0.016661656053013993
20.857999999999997,2.0857999999999996e-05,0.023304894870707527,0.016838446321266704
20.858799999999995,2.0858799999999994e-05,0.016592456826804103,0.017034912104272174
20.8596,2.08596e-05,0.03509752593194948,0.017252363694033282
20.8604,2.0860399999999998e-05,0.001332962311917596,0.01749203715022146
20.861200000000004,2.0861200000000003e-05,-0.0215509839118464,0.0177550858871319
20.861999999999995,2.0861999999999994e-05,0.07214605830520604,0.018042571874893224
20.8628,2.08628e-05,0.06901226380946524,0.018355456387361684
20.863599999999998,2.0863599999999998e-05,0.02466062192523788,0.018694590177238582
20.864400000000003,2.0864400000000003e-05,0.041118671342861624,0.019060702971743726
20.865199999999994,2.0865199999999995e-05,0.013914290992101841,0.01945439231189906
20.866,2.0866e-05,-0.0022710244649235545,0.019876111956258047
20.866799999999998,2.0866799999999998e-05,0.01902569176665181,0.0203261602331275
20.867600000000003,2.0867600000000003e-05,0.035144242163494877,0.02080466879069688
20.868399999999994,2.086839999999999e-05,0.03253416556323485,0.02131159216711835
20.8692,2.08692e-05,0.038510863771183734,0.021846698535787693
20.869999999999997,2.0869999999999995e-05,0.013700000023045833,0.022409561938504154
20.870800000000003,2.08708e-05,0.012805575349573162,0.022999556328070443
20.871599999999994,2.0871599999999992e-05,-0.00028982498321183936,0.023615851775111503
20.8724,2.0872399999999997e-05,0.005894734130915902,0.024257413197594686
20.873199999999997,2.0873199999999995e-05,0.03663406716975259,0.024923001906611304
20.874000000000002,2.0874e-05,0.003059396144440174,0.02561118012913567
20.874799999999993,2.0874799999999992e-05,0.017281668942657813,0.026320318504424914
20.8756,2.0875599999999997e-05,0.05356646990274139,0.027048606396116535
20.876399999999997,2.0876399999999995e-05,0.03175587053002982,0.027794064734704565
20.877200000000002,2.08772e-05,0.04587525313373175,0.028554561012564896
20.878,2.0878e-05,0.009215584361371487,0.029327826011800305
20.8788,2.0878799999999997e-05,0.08937616120458935,0.030111471857490475
20.879600000000003,2.0879600000000002e-05,0.031250120946018645,0.030903011032714905
20.880399999999995,2.0880399999999994e-05,0.045181691472148455,0.03169987605129337
20.8812,2.08812e-05,0.0382090025704912,0.03249943957001001
20.881999999999998,2.0881999999999998e-05,-0.0071861025818370505,0.03329903483266166
20.882800000000003,2.0882800000000003e-05,0.02364931126864034,0.03409597643134521
20.883599999999994,2.0883599999999994e-05,0.018920532543543978,0.03488758139014323
20.8844,2.08844e-05,0.07098154801968504,0.035671190497708956
20.885199999999998,2.0885199999999998e-05,0.023556067317004326,0.03644418966838221
20.886000000000003,2.0886000000000003e-05,0.07498139629169187,0.03720403096992182
20.886799999999994,2.088679999999999e-05,0.05011417006912888,0.0379482528849001
20.8876,2.08876e-05,0.01758636700335503,0.03867449938635142
20.888399999999997,2.0888399999999995e-05,0.047708170363632285,0.03938053747592896
20.889200000000002,2.08892e-05,0.01709045217364835,0.040064272904848056
20.889999999999993,2.088999999999999e-05,0.1165784610381948,0.04072376382886029
20.8908,2.0890799999999997e-05,0.1310747919713311,0.041357232137939084
20.891599999999997,2.0891599999999995e-05,0.021680027058430418,0.04196307222325814
20.892400000000002,2.08924e-05,-0.005330299663344973,0.04253985709430134
20.893199999999993,2.089319999999999e-05,0.04729358421411978,0.04308634203134228
20.894,2.0893999999999997e-05,0.026021266356920703,0.043601466204010356
20.894799999999996,2.0894799999999995e-05,0.06131896652331825,0.04408435275752487
20.8956,2.08956e-05,0.0247455438082943,0.04453430777223802
20.8964,2.08964e-05,0.015231056052253944,0.04495081835585138
20.897199999999998,2.0897199999999997e-05,0.09353582997695264,0.04533355000632515
20.898000000000003,2.0898000000000002e-05,0.02487642558001868,0.04568234328276604
20.8988,2.08988e-05,0.04109086827707775,0.04599720972939406
20.8996,2.08996e-05,0.058393221445201204,0.046278326930522674
20.900399999999998,2.0900399999999997e-05,0.06860335137996232,0.046526032539424424
20.901200000000003,2.0901200000000002e-05,0.08555731562728974,0.046740817106321775
20.901999999999994,2.0901999999999994e-05,0.07481646990274138,0.04692331553858059
20.9028,2.09028e-05,0.05873896201741413,0.04707429709798376
20.903599999999997,2.0903599999999998e-05,-0.0007371315756704577,0.047194653989964794
20.904400000000003,2.0904400000000003e-05,0.030861257345122572,0.04728538877814957
20.905199999999994,2.0905199999999994e-05,0.05853166894265782,0.04734760097171341
20.906,2.0906e-05,0.08176211208147222,0.04738247311849116
20.906799999999997,2.0906799999999994e-05,0.05361167344855189,0.047391256625505786
20.907600000000002,2.0907600000000003e-05,0.04960785265369505,0.047375257428846726
20.908399999999993,2.090839999999999e-05,0.05326177184204417,0.04733582162470968
20.9092,2.0909199999999996e-05,0.029947351674465716,0.04727432123424569
20.909999999999997,2.0909999999999995e-05,0.07718993767673665,0.04719214033688339
20.910800000000002,2.09108e-05,0.040917619819537565,0.04709066182864552
20.911599999999993,2.091159999999999e-05,0.039164707095531215,0.04697125505304586
20.912399999999998,2.0912399999999996e-05,0.017233817048267208,0.04683526453802319
20.913199999999996,2.0913199999999995e-05,0.03420707378134713,0.04668400005144694
20.914,2.0914e-05,0.07131896652331826,0.04651872812747104
20.9148,2.09148e-05,0.05474970484258912,0.046340665100507085
20.915599999999998,2.0915599999999997e-05,0.07010452382625909,0.0461509715533934
20.916400000000003,2.0916400000000002e-05,0.031172196957261922,0.0459507480093911
20.9172,2.09172e-05,0.0631846041961549,0.045741031702166646
20.918,2.0918e-05,0.04090721723380064,0.04552279431048493
20.918799999999997,2.0918799999999997e-05,0.015452344915619531,0.045296940591721735
20.919600000000003,2.0919600000000002e-05,0.019260031564324653,0.04506430785806782
20.9204,2.09204e-05,0.06234919034566744,0.04482566619466829
20.9212,2.09212e-05,0.09285418358682429,0.044581719212371335
20.921999999999997,2.0921999999999997e-05,0.08360543189710978,0.04433310499421832
20.922800000000002,2.0922800000000002e-05,0.04870000002304575,0.04408039682408002
20.923599999999993,2.0923599999999994e-05,-0.021345771354197463,0.04382410334913146
20.9244,2.09244e-05,0.09040846554409199,0.04356466798785807
20.925199999999997,2.0925199999999994e-05,0.0967870782872412,0.04330246752971266
20.926000000000002,2.0926000000000003e-05,0.007427114334424223,0.04303780991140112
20.926799999999993,2.092679999999999e-05,0.12118827326301873,0.04277093115849874
20.927599999999998,2.0927599999999996e-05,0.02302043415006183,0.042501991545885895
20.928399999999996,2.0928399999999994e-05,0.04450893498202946,0.042231071168646696
20.9292,2.09292e-05,0.052884823512610035,0.04195816527222379
20.929999999999993,2.092999999999999e-05,0.025728483567685423,0.04168317981622856
20.930799999999998,2.0930799999999996e-05,0.014582886447926047,0.041405927812402085
20.931599999999996,2.0931599999999995e-05,0.043297329144985075,0.04112612697479013
20.9324,2.09324e-05,0.06947640305053815,0.04084339915504994
20.9332,2.0933199999999998e-05,0.03708345427934856,0.040557271929607494
20.933999999999997,2.0933999999999996e-05,0.02445692205334382,0.040267182604478896
20.934800000000003,2.09348e-05,0.01707513221075896,0.03997248484925078
20.9356,2.09356e-05,0.011171629125839244,0.03967245814597877
20.9364,2.0936399999999998e-05,0.016140989200050693,0.0393663201751581
20.937199999999997,2.0937199999999997e-05,0.06533753944964193,0.03905324211539228
20.938000000000002,2.0938000000000002e-05,0.029148062958351817,0.03873236662537344
20.9388,2.09388e-05,0.032267861665483344,0.03840282807022016
20.9396,2.09396e-05,0.024760863771183694,0.03806377440534707
20.940399999999997,2.0940399999999997e-05,0.061757951047177184,0.03771439004332294
20.941200000000002,2.0941200000000002e-05,0.025663042681813297,0.03735391896520529
20.942,2.0942e-05,0.08342877874813925,0.036981687277197105
20.9428,2.09428e-05,0.06403741852666911,0.03659712437714432
20.943599999999996,2.0943599999999997e-05,0.04326385235919161,0.03619978191751346
20.9444,2.0944400000000002e-05,0.029399803236071387,0.03578934984724909
20.945199999999993,2.094519999999999e-05,0.06011208955198144,0.03536566896230989
20.945999999999998,2.0945999999999996e-05,0.08098022384539494,0.03492873954136429
20.946799999999996,2.0946799999999994e-05,0.02599630015115173,0.03447872575694806
20.9476,2.09476e-05,0.07832021483360674,0.03401595565779146
20.948399999999992,2.094839999999999e-05,0.07519209405788563,0.03354091665567235
20.949199999999998,2.0949199999999996e-05,-0.005333704354742452,0.03305424662567778
20.949999999999996,2.0949999999999994e-05,0.037420872782982006,0.03255672091949815
20.9508,2.09508e-05,0.05030689952386325,0.03204923576080044
20.9516,2.0951599999999998e-05,0.045709002570491264,0.031532788595549796
20.952399999999997,2.0952399999999996e-05,0.02287234040972541,0.0310084559998475
20.953200000000002,2.09532e-05,0.07993543640301393,0.03047736975261068
20.954,2.0954e-05,0.03591837616240512,0.02994069171172359
20.9548,2.0954799999999998e-05,-0.011119753625114415,0.02939958820098811
20.955599999999997,2.0955599999999996e-05,0.0022205776025252533,0.028855204702273186
20.956400000000002,2.09564e-05,0.005771606596348677,0.02830864170328927
20.9572,2.09572e-05,0.022537758766107086,0.027760932507306192
20.958,2.0957999999999998e-05,0.04432395976447212,0.0272130236450032
20.958799999999997,2.0958799999999997e-05,0.04164938713264199,0.026665758304457523
20.959600000000002,2.0959600000000002e-05,0.037859100963983594,0.0261198630103949
20.9604,2.09604e-05,0.010519109975771657,0.025575937695408082
20.961199999999998,2.09612e-05,0.03194916781618684,0.025034449304761203
20.961999999999996,2.0961999999999997e-05,-0.004647140587458853,0.024495729107034125
20.9628,2.0962800000000002e-05,0.022319306762746183,0.02395997388593227
20.9636,2.0963599999999997e-05,-0.02147514044020704,0.023427251133851523
20.964399999999998,2.0964399999999995e-05,0.016012187945473655,0.022897508252187115
20.965199999999996,2.0965199999999994e-05,0.04298147215568349,0.022370585594338025
20.966,2.0966e-05,0.030791087593542876,0.021846232986414645
20.9668,2.0966799999999997e-05,0.01030273848956853,0.021324129176538923
20.967599999999997,2.0967599999999996e-05,-0.0027544561917056676,0.020803903547441556
20.968399999999995,2.0968399999999994e-05,0.04122572257167223,0.020285159377964143
20.9692,2.09692e-05,0.021520018046632283,0.019767497903297064
20.96999999999999,2.096999999999999e-05,0.06713981675376379,0.01925054236651584
20.970799999999997,2.0970799999999996e-05,0.017836783106784493,0.018733961205331745
20.971600000000002,2.09716e-05,0.03588565571946889,0.01821748953184866
20.9724,2.09724e-05,0.0266091009639835,0.017700948152763563
20.9732,2.0973199999999998e-05,0.043629073928598716,0.017184259506156832
20.973999999999997,2.0973999999999996e-05,0.035566394038739846,0.01666746001651602
20.974800000000002,2.09748e-05,0.07775810277517048,0.01615070848543369
20.9756,2.09756e-05,0.009504206116311975,0.01563429026874951
20.976399999999998,2.0976399999999998e-05,0.007146058305206093,0.015118617167674158
20.977199999999996,2.0977199999999996e-05,0.03982422413989839,0.014604223169366413
20.978,2.0978e-05,0.0030767966244769074,0.014091756357205668
20.9788,2.09788e-05,0.025382742995462504,0.013581967424709067
20.979599999999998,2.0979599999999998e-05,0.019277432044361387,0.01307569527422854
20.980399999999996,2.0980399999999997e-05,0.013104599690250684,0.012573850198724893
20.9812,2.09812e-05,0.04022481450081172,0.012077395156937435
20.982,2.0982e-05,0.010944098711031414,0.011587325668980405
20.982799999999997,2.0982799999999995e-05,0.03565680113037106,0.011104648890280297
20.983599999999996,2.0983599999999993e-05,-0.004487887918527833,0.010630362473932254
20.9844,2.09844e-05,-0.04291370886067658,0.010165433896214611
20.9852,2.0985199999999997e-05,-0.025540997429538748,0.009710780960075896
20.985999999999997,2.0985999999999995e-05,0.024420608407545563,0.009267254146963402
20.986799999999995,2.0986799999999994e-05,0.02446032674478138,0.008835621322014374
20.9876,2.09876e-05,-0.003071637355287371,0.008416555056562611
20.9884,2.0988399999999997e-05,0.005990058599709469,0.008010622621395498
20.989199999999997,2.0989199999999995e-05,0.00846357970821554,0.007618278588936154
20.990000000000002,2.099e-05,0.01907221948675253,0.007239859935160097
20.9908,2.09908e-05,-0.044878075693704056,0.006875583495352565
20.9916,2.0991599999999997e-05,0.013862089551981427,0.006525545575982998
20.992399999999996,2.0992399999999996e-05,0.03288690402975747,0.006189723448805189
20.9932,2.09932e-05,0.018670116440114515,0.005867978347553681
20.994,2.0994e-05,0.03243259954299904,0.005560059483963324
20.994799999999998,2.0994799999999998e-05,0.017948183881324797,0.005265608561280527
20.995599999999996,2.0995599999999996e-05,0.03841761981953762,0.004984164319847504
20.9964,2.09964e-05,0.023242290844850078,0.0047151667746492204
20.9972,2.09972e-05,0.0357770918049336,0.004457960962016752
20.997999999999998,2.0997999999999998e-05,-0.04110310948793505,0.004211800184893345
20.998799999999996,2.0998799999999996e-05,0.024540331250675562,0.003975848915880523
20.9996,2.09996e-05,0.014246035775715371,0.0037491856456098966
21.0004,2.10004e-05,-0.006864760383960555,0.003530806016145422
21.001199999999997,2.1001199999999995e-05,-0.020404062617766727,0.0033196265671575674
21.001999999999995,2.1001999999999993e-05,-0.009655462656048552,0.0031144893852205354
21.0028,2.1002799999999998e-05,0.05805447876727787,0.002914167891491715
21.0036,2.1003599999999997e-05,-0.04577609357000878,0.002717373918151024
21.004399999999997,2.1004399999999995e-05,0.017340868277077814,0.0025227661319599855
21.005199999999995,2.1005199999999993e-05,0.012254622219741385,0.002328959802409884
21.006,2.1006e-05,-0.013907051205804821,0.0021345378783261286
21.0068,2.1006799999999997e-05,0.0017189890527988805,0.001938063301114623
21.007599999999996,2.1007599999999995e-05,0.00817628212756516,0.0017380924372282906
21.008399999999995,2.1008399999999994e-05,0.00788406716975254,0.0015331894630371758
21.0092,2.10092e-05,0.03647613867510169,0.0013219414867973365
21.010000000000005,2.1010000000000004e-05,-0.02474946295052194,0.001102974161474269
21.010799999999996,2.1010799999999995e-05,-0.006817476320962523,0.0008749675485629814
21.0116,2.10116e-05,0.01586825523943214,0.0006366720249900105
21.0124,2.10124e-05,-0.016084196322173505,0.000386924039959722
21.013199999999998,2.1013199999999997e-05,-0.0012039191653032688,0.00012466149922973164
21.013999999999996,2.1013999999999996e-05,0.019361597584560464,-0.00015106150498156098
21.0148,2.10148e-05,0.016813557178735006,-0.00044106096094067
21.0156,2.10156e-05,0.042749780706580864,-0.0007460105831452657
21.016399999999997,2.1016399999999998e-05,-0.0002954987032315337,-0.0010664312094505646
21.017199999999995,2.1017199999999996e-05,-0.015847019664485984,-0.0014026822416248969
21.018,2.1018e-05,-0.010212657337322573,-0.0017549552891442037
21.0188,2.10188e-05,-0.00599322139907954,-0.002123270058155177
21.019599999999997,2.1019599999999994e-05,0.034622416273726975,-0.0025074724856836367
21.020399999999995,2.1020399999999993e-05,0.022724058157954308,-0.002907235150745159
21.0212,2.1021199999999998e-05,-0.029635981658864274,-0.0033220600316499777
21.022,2.1021999999999996e-05,-0.005996626090547075,-0.003751283659691541
21.022799999999997,2.1022799999999995e-05,0.00498139629169192,-0.004194084653488508
21.023599999999995,2.1023599999999993e-05,-0.0037088365424955416,-0.004649493571254205
21.0244,2.1024399999999998e-05,0.008444098711031356,-0.005116405027155369
21.025199999999998,2.1025199999999996e-05,0.0479056286840841,-0.005593592051969867
21.025999999999996,2.1025999999999995e-05,-0.03192112285837578,-0.006079722683005334
21.026799999999994,2.1026799999999993e-05,0.04132312755761314,-0.006573378713418256
21.0276,2.10276e-05,0.004827628831335917,-0.007073076421353956
21.028400000000005,2.1028400000000004e-05,-0.006595619626204363,-0.007577288962872382
21.029199999999996,2.1029199999999995e-05,-0.008836125111357673,-0.008084469975888745
21.03,2.103e-05,0.024345521278803628,-0.008593077820066089
21.0308,2.10308e-05,-0.05726610708770119,-0.009101599784204866
21.031600000000005,2.1031600000000004e-05,-0.05462425489880718,-0.00960857554181968
21.032399999999996,2.1032399999999995e-05,0.02733462672563547,-0.010112619142346738
21.0332,2.10332e-05,-0.016018943947776143,-0.010612438912069727
21.034,2.1034e-05,-0.02342437582177992,-0.011106854795149565
21.034800000000004,2.1034800000000004e-05,-0.018882085000035742,-0.011594812823141945
21.035599999999995,2.1035599999999996e-05,-0.004252791777957676,-0.01207539650634508
21.0364,2.10364e-05,-0.017913708860676558,-0.012547835009377239
21.0372,2.10372e-05,-0.004931033476651692,-0.013011508043222233
21.037999999999997,2.1037999999999994e-05,-0.06499912271112396,-0.013465947477655154
21.038799999999995,2.1038799999999992e-05,-0.036010621879186355,-0.013910835746753144
21.0396,2.1039599999999998e-05,0.011975646707670706,-0.014346001214162988
21.040399999999998,2.1040399999999996e-05,0.04036174931255365,-0.014771410813098709
21.041199999999996,2.1041199999999994e-05,0.01265937361494951,-0.015187160441352605
21.041999999999994,2.1041999999999993e-05,-0.002594447179917414,-0.015593463669717648
21.0428,2.1042799999999998e-05,-0.0029999549179829943,-0.01599063924113955
21.043599999999998,2.1043599999999996e-05,-0.06610935103937732,-0.01637909763976864
21.044399999999996,2.1044399999999995e-05,0.013266689219196381,-0.016759326811416925
21.045199999999994,2.1045199999999993e-05,-0.03496659077959263,-0.017131877014223067
21.046,2.1045999999999998e-05,-0.04351894394777611,-0.017497344788731287
21.046799999999998,2.1046799999999996e-05,-0.010459668749354445,-0.017856356119002277
21.047599999999996,2.1047599999999995e-05,0.041798237215835754,-0.01820954896391327
21.0484,2.10484e-05,-0.002415713513792328,-0.018557555437658767
21.0492,2.1049199999999998e-05,-0.05001803587688547,-0.018900983964175163
21.050000000000004,2.1050000000000003e-05,-0.0339600089887524,-0.019240401682077773
21.050799999999995,2.1050799999999995e-05,-0.08003184315409007,-0.01957631727809175
21.0516,2.10516e-05,0.014377485378872401,-0.019909164394855815
21.0524,2.10524e-05,-8.555727986514494e-05,-0.02023928586496082
21.053200000000004,2.1053200000000004e-05,-0.00040330627490947624,-0.020566919215708995
21.053999999999995,2.1053999999999995e-05,-0.0038709260713712945,-0.020892184043420282
21.0548,2.10548e-05,0.0020722953507841257,-0.021215071885132792
21.0556,2.10556e-05,0.01928424142723628,-0.021535439126721234
21.056400000000004,2.1056400000000004e-05,-0.04378676053121233,-0.021853003337029903
21.057199999999995,2.1057199999999992e-05,-0.012248706607694504,-0.022167343250133552
21.058,2.1057999999999997e-05,0.004023422738099747,-0.022477902459991386
21.058799999999998,2.1058799999999996e-05,-0.011576894971877416,-0.022783996772804026
21.059599999999996,2.1059599999999994e-05,-0.018739476468214278,-0.023084825086690585
21.060399999999994,2.1060399999999992e-05,-0.03047007133509161,-0.023379483604545465
21.0612,2.1061199999999998e-05,-0.014355114141050729,-0.02366698311437078
21.061999999999998,2.1061999999999996e-05,0.014429686818992704,-0.023946269010579738
21.062799999999996,2.1062799999999994e-05,-0.007311310633551837,-0.024216243693848966
21.063599999999994,2.1063599999999993e-05,-0.020391579514882352,-0.024475790947710456
21.0644,2.1064399999999998e-05,-0.03713541382747165,-0.02472380180871449
21.065199999999997,2.1065199999999996e-05,-0.0515670602175331,-0.024959201333649705
21.065999999999995,2.1065999999999994e-05,0.010370827724000664,-0.025180975582664182
21.0668,2.10668e-05,-0.0610857090079282,-0.02538819813106729
21.0676,2.1067599999999998e-05,-0.021708344575034455,-0.025580055485586443
21.068400000000004,2.1068400000000003e-05,-0.0184779014362203,-0.025755870867559295
21.069199999999995,2.1069199999999995e-05,-0.021275601602647853,-0.025915125908402777
21.07,2.107e-05,-0.007551324151244154,-0.026057479876261426
21.0708,2.1070799999999998e-05,-0.05240871561952276,-0.026182786104895578
21.071600000000004,2.1071600000000003e-05,-0.018935610614376097,-0.02629110531578521
21.072399999999995,2.1072399999999995e-05,-0.02586309597024261,-0.02638271552974591
21.0732,2.10732e-05,-0.03181880049528263,-0.026458118287392498
21.073999999999998,2.1074e-05,-0.04061967776108277,-0.02651804094862117
21.074800000000003,2.1074800000000004e-05,-0.050979981953367726,-0.026563434907874384
21.075599999999994,2.1075599999999992e-05,-0.027445597096683705,-0.026595469642877824
21.0764,2.1076399999999997e-05,-0.03503884104835975,-0.026615522625642856
21.077199999999998,2.1077199999999995e-05,0.015943342368174074,-0.026625165267256123
21.078000000000003,2.1078e-05,-0.002227901436220203,-0.026626145206779164
21.078799999999994,2.1078799999999992e-05,-0.04040330627493949,-0.026620365332813457
21.0796,2.1079599999999997e-05,-0.0023642684164995043,-0.02660985990941058
21.080399999999997,2.1080399999999996e-05,-0.05595217888762383,-0.02659676808974854
21.081199999999995,2.1081199999999994e-05,-0.042639650725698086,-0.02658330501020724
21.081999999999994,2.1081999999999992e-05,-0.04832205345868679,-0.026571730625968945
21.0828,2.1082799999999997e-05,0.012255946394031492,-0.0265643165008743
21.083599999999997,2.1083599999999996e-05,-0.05580748983865491,-0.026563310883239426
21.084399999999995,2.1084399999999994e-05,-0.04439748082692663,-0.026570902536435008
21.0852,2.10852e-05,-0.051885565555434665,-0.026589183903959333
21.086,2.1085999999999998e-05,-0.008425699996099878,-0.026620114284275947
21.086800000000004,2.1086800000000003e-05,0.05262873368916077,-0.026665483809913727
21.087599999999995,2.1087599999999994e-05,-0.021428612720106432,-0.026726879149008724
21.0884,2.10884e-05,-0.06362675151938402,-0.02680565188707129
21.089199999999998,2.1089199999999998e-05,-0.0036413151394458776,-0.026902890451800825
21.090000000000003,2.1090000000000003e-05,0.04263573158347045,-0.02701939628261253
21.090799999999994,2.1090799999999995e-05,-0.0026897716487008783,-0.02715566482037252
21.0916,2.10916e-05,0.008568550419888799,-0.027311871793742056
21.092399999999998,2.1092399999999998e-05,-0.032773937188929736,-0.027487865115068087
21.093200000000003,2.1093200000000003e-05,-0.031196353439611024,-0.027683162445579026
21.093999999999994,2.109399999999999e-05,-0.03805707373522538,-0.027896954228840604
21.0948,2.10948e-05,0.009074867835292544,-0.028128111816164765
21.095599999999997,2.1095599999999995e-05,-0.04457545815015429,-0.028375200240129676
21.096400000000003,2.10964e-05,-0.06346806668187588,-0.028636495188355295
21.097199999999994,2.1097199999999992e-05,-0.021906559238343726,-0.028910003742024903
21.098,2.1097999999999997e-05,0.020442510161315153,-0.029193488473750553
21.098799999999997,2.1098799999999995e-05,-0.012038008841500747,-0.029484494562443057
21.099600000000002,2.10996e-05,-0.03302151643228457,-0.029780379637160997
21.100399999999993,2.1100399999999992e-05,-0.02823164636708564,-0.03007834603742179
21.1012,2.1101199999999997e-05,-0.018084120458141895,-0.03037547507391541
21.101999999999997,2.1101999999999995e-05,-0.03936684090110798,-0.030668762764682906
21.102800000000002,2.11028e-05,-0.004004456191705752,-0.030955156462412474
21.1036,2.11036e-05,-0.06530590128896863,-0.03123159177117587
21.1044,2.1104399999999997e-05,-0.07293943140927295,-0.03149502915114235
21.105200000000004,2.1105200000000003e-05,-0.0342291497465087,-0.031742489635934776
21.105999999999995,2.1105999999999994e-05,-0.027605606108511926,-0.031971089177195364
21.1068,2.11068e-05,0.017268429496915982,-0.03217807129678901
21.107599999999998,2.1107599999999998e-05,0.007639892617765209,-0.03236083790710837
21.108400000000003,2.1108400000000003e-05,-0.032767695637487604,-0.032516978249235454
21.109199999999994,2.1109199999999994e-05,-0.053565471667846754,-0.03264429583966019
21.11,2.111e-05,-0.07655382077182116,-0.032740833156364404
21.110799999999998,2.1110799999999998e-05,-0.006454335268732847,-0.03280489365759371
21.111600000000003,2.1111600000000003e-05,-0.032743297263111204,-0.03283506071265147
21.112399999999994,2.111239999999999e-05,-0.06485727052222978,-0.032830213129919406
21.1132,2.11132e-05,0.009854675554252457,-0.03278953710772056
21.113999999999997,2.1113999999999995e-05,-0.055148729137215136,-0.03271253454080964
21.114800000000002,2.11148e-05,-0.055038841048359766,-0.032599027684038606
21.115599999999993,2.111559999999999e-05,-0.005537592738071195,-0.03244916022644685
21.1164,2.1116399999999997e-05,-0.044812066976379294,-0.03226339488286752
21.117199999999997,2.1117199999999995e-05,0.012467400503082593,-0.03204250767488492
21.118000000000002,2.1118e-05,-0.07402809822322476,-0.031787579130339104
21.118799999999993,2.111879999999999e-05,-0.03863582993090109,-0.0314999826526855
21.1196,2.1119599999999997e-05,-0.0104895523322458,-0.031181370309566817
21.120399999999997,2.1120399999999995e-05,0.013832205969060207,-0.03083365630777279
21.1212,2.11212e-05,-0.03142861272010633,-0.030458998465718895
21.122,2.1122e-05,-0.0074094719623502,-0.030059778007291083
21.122799999999998,2.1122799999999997e-05,0.0010490694226645836,-0.029638577931463725
21.123600000000003,2.1123600000000002e-05,-0.05400653670882316,-0.029198160078216375
21.1244,2.11244e-05,-0.03984478741934527,-0.028741440868261584
21.1252,2.11252e-05,-0.03891688596004916,-0.028271465587707736
21.125999999999998,2.1125999999999997e-05,-0.020045082599801867,-0.027791381053473
21.126800000000003,2.1126800000000002e-05,-0.08817944492696528,-0.027304406545480588
21.127599999999994,2.1127599999999994e-05,0.02579865331926523,-0.026813803005381727
21.1284,2.11284e-05,-0.05642728854578627,-0.026322840643013413
21.129199999999997,2.1129199999999998e-05,-0.0005939552124862857,-0.02583476523355644
21.130000000000003,2.1130000000000003e-05,-0.062290505462077705,-0.025352763502899923
21.130799999999994,2.1130799999999994e-05,-0.01159902431767168,-0.024879928071157072
21.1316,2.11316e-05,-0.014549167770065208,-0.024419222475601833
21.132399999999997,2.1132399999999994e-05,-0.02406289918323823,-0.023973446853689396
21.133200000000002,2.1133200000000003e-05,0.0001837719892959777,-0.023545204928371602
21.133999999999993,2.113399999999999e-05,-0.04300903332939998,-0.02313687297201244
21.1348,2.1134799999999996e-05,0.028386979893759046,-0.022750571420005437
21.135599999999997,2.1135599999999995e-05,0.03108254620848805,-0.022388139770716145
21.136400000000002,2.11364e-05,0.012333870382778,-0.022051115339325453
21.137199999999993,2.113719999999999e-05,-0.05673539129795102,-0.021740716293786183
21.137999999999998,2.1137999999999997e-05,-0.021814071629595033,-0.021457829178550776
21.138799999999996,2.1138799999999995e-05,-0.010278854566052043,-0.021203000894756834
21.1396,2.11396e-05,0.004859592931404588,-0.020976434957658496
21.1404,2.11404e-05,-0.04271833105734213,-0.02077799181822156
21.141199999999998,2.1141199999999997e-05,0.0012779240117926083,-0.02060719304731818
21.142000000000003,2.1142000000000002e-05,-0.04391612961722191,-0.02046322917602053
21.1428,2.11428e-05,-0.022733651020201417,-0.020344970970074937
21.1436,2.11436e-05,0.01009052803764976,-0.020250983924098232
21.144399999999997,2.1144399999999997e-05,-0.06979466649637245,-0.020179545800183316
21.145200000000003,2.1145200000000002e-05,0.047488205674556694,-0.020128667088245605
21.146,2.1146e-05,-0.00604201814783234,-0.020096114307817582
21.1468,2.11468e-05,-0.05966945844465765,-0.02007943608213427
21.147599999999997,2.1147599999999997e-05,0.01059968231309849,-0.020075991880613483
21.148400000000002,2.1148400000000002e-05,0.0159113782680953,-0.02008298325959583
21.149199999999993,2.1149199999999994e-05,0.007860425138263682,-0.020097487370490615
21.15,2.115e-05,-0.028022272775211965,-0.020116492447543828
21.150799999999997,2.1150799999999994e-05,-0.0472014225446965,-0.020136934891391997
21.151600000000002,2.1151600000000003e-05,-0.030019360051205535,-0.020155737434609453
21.152399999999993,2.115239999999999e-05,-0.00699356163857745,-0.020169847789973532
21.1532,2.1153199999999996e-05,0.004920116440114475,-0.02017627719929771
21.153999999999996,2.1153999999999994e-05,-0.010244053605938497,-0.020172138385387988
21.1548,2.11548e-05,0.022996035775715296,-0.020154682471915545
21.155599999999993,2.115559999999999e-05,-0.016202594991053254,-0.020121334414769324
21.156399999999998,2.1156399999999996e-05,-0.053700514473906,-0.02006972638632712
21.157199999999996,2.1157199999999995e-05,-0.009171463097773613,-0.01999772841926611
21.158,2.1158e-05,-0.009033015600346972,-0.019903475515625983
21.1588,2.1158799999999998e-05,-0.061375654937158686,-0.019785390406139663
21.159599999999998,2.1159599999999996e-05,-0.047007368915682024,-0.01964220119745259
21.160400000000003,2.11604e-05,-0.01158578487188977,-0.01947295324182858
21.1612,2.11612e-05,-0.06828933301582074,-0.019277014705123646
21.162,2.1161999999999998e-05,-0.02887508710566611,-0.01905407550329325
21.162799999999997,2.1162799999999997e-05,-0.013421538961805202,-0.018804139507009293
21.163600000000002,2.1163600000000002e-05,-0.06025653670882314,-0.018527510149954834
21.1644,2.11644e-05,-0.07070724799270922,-0.018224769804579866
21.1652,2.11652e-05,0.015129490032028237,-0.01789675351183431
21.165999999999997,2.1165999999999997e-05,0.013862845894848874,-0.017544517884820452
21.166800000000002,2.1166800000000002e-05,0.010277015940931888,-0.017169306238845765
21.1676,2.11676e-05,-0.027707739960170175,-0.016772511157691582
21.1684,2.11684e-05,0.044062384732438176,-0.01635563571889476
21.169199999999996,2.1169199999999997e-05,-0.022344031076517834,-0.01592025449095858
21.17,2.1170000000000002e-05,-0.020742048952822723,-0.015467975258907246
21.170799999999993,2.117079999999999e-05,0.014613337862269815,-0.015000402281582826
21.171599999999998,2.1171599999999996e-05,-0.01881248307980876,-0.014519101755365497
21.172399999999996,2.1172399999999994e-05,0.02476918583977339,-0.014025570066767783
21.1732,2.11732e-05,-0.008681033476651723,-0.013521205348673427
21.173999999999992,2.117399999999999e-05,0.00858178986563074,-0.013007282778569024
21.174799999999998,2.1174799999999996e-05,0.016362089551981485,-0.012484933951863744
21.175599999999996,2.1175599999999994e-05,0.01671274750135676,-0.011955130532818867
21.1764,2.11764e-05,-0.0007656909843016813,-0.011418672236379218
21.1772,2.1177199999999998e-05,-0.03960344972733287,-0.010876179027556474
21.177999999999997,2.1177999999999996e-05,-0.03872756119682241,-0.010328087259341834
21.178800000000003,2.11788e-05,-0.05536510062335842,-0.009774649361149306
21.1796,2.11796e-05,0.014650219339500836,-0.0092159367034739
21.1804,2.1180399999999998e-05,0.03179275200726084,-0.008651845414194798
21.181199999999997,2.1181199999999996e-05,0.03819916781618693,-0.008082105130947866
21.182000000000002,2.1182e-05,-0.0392577091551799,-0.007506290811435659
21.1828,2.11828e-05,-0.00406706021756309,-0.006923837706535455
21.1836,2.1183599999999998e-05,0.021571463143895242,-0.006334059471324621
21.184399999999997,2.1184399999999997e-05,0.016477462849421753,-0.005736169261748185
21.185200000000002,2.1185200000000002e-05,-0.010333704354742457,-0.005129303596668245
21.186,2.1186e-05,0.002886147686929963,-0.004512548717857832
21.186799999999998,2.11868e-05,0.031505454426600354,-0.003884969110361031
21.187599999999996,2.1187599999999997e-05,0.003164366856103329,-0.0032456377618618037
21.1884,2.1188400000000002e-05,-0.013348532350210607,-0.002593667659940296
21.1892,2.1189199999999997e-05,-0.019591534455940973,-0.0019282439454312013
21.189999999999998,2.1189999999999995e-05,0.03990404013436788,-0.001248656068337297
21.190799999999996,2.1190799999999994e-05,-0.045940263616131904,-0.0005543292632976906
21.1916,2.11916e-05,0.012832622072489808,0.00015514531651668242
21.1924,2.1192399999999997e-05,0.016726554778531133,0.000879982420012671
21.193199999999997,2.1193199999999996e-05,0.014287834630098528,0.0016201770317687096
21.193999999999996,2.1193999999999994e-05,0.042068134316459393,0.002375481730451204
21.1948,2.11948e-05,-0.050067968288423526,0.0031453875748659096
21.195599999999992,2.119559999999999e-05,-0.02630340466839165,0.003929109062977886
21.196399999999997,2.1196399999999996e-05,-0.007053328804360159,0.004725573753648592
21.197200000000002,2.11972e-05,-0.013080715766774387,0.0055334171000614475
21.198,2.1198e-05,-0.025969579367630558,0.0063509828791704186
21.1988,2.1198799999999998e-05,0.06517053254354399,0.007176329359452341
21.199599999999997,2.1199599999999996e-05,0.010174125746416185,0.00800724111049872
21.200400000000002,2.12004e-05,0.0174013917857877,0.00884124618757159
21.2012,2.12012e-05,0.009463163604786162,0.00967563836012485
21.201999999999998,2.1201999999999998e-05,-0.016919042341228208,0.010507504083649257
21.202799999999996,2.1202799999999996e-05,-0.02264456810292026,0.011333753968179558
21.2036,2.12036e-05,0.019022098563779788,0.012151158493008178
21.2044,2.12044e-05,-0.006025941842045746,0.012956387618274171
21.205199999999998,2.1205199999999998e-05,-0.005640482932587121,0.013746053769637018
21.205999999999996,2.1205999999999997e-05,0.0326858525064434,0.014516757474162999
21.2068,2.12068e-05,0.04485883658854717,0.015265134747707378
21.2076,2.12076e-05,0.008000953152877632,0.015987905200501674
21.208399999999997,2.1208399999999995e-05,0.027783257492374314,0.016681919760371904
21.209199999999996,2.1209199999999993e-05,0.03093085926528949,0.017344206920244694
21.21,2.121e-05,0.06470374495391118,0.017972016470446595
21.2108,2.1210799999999997e-05,0.0431212438274301,0.018562859746616107
21.211599999999997,2.1211599999999995e-05,0.043997700189433275,0.01911454552321192
21.212399999999995,2.1212399999999994e-05,0.03044950805561475,0.019625210840881036
21.2132,2.12132e-05,0.03553216091008893,0.0200933462664326
21.214,2.1213999999999997e-05,0.05407770469533735,0.02051781530141131
21.214799999999997,2.1214799999999995e-05,0.03660758827825861,0.020897867843098206
21.215600000000002,2.12156e-05,-0.008036080052346461,0.02123314776161754
21.2164,2.12164e-05,0.037496716254581175,0.021523694801518188
21.2172,2.1217199999999997e-05,0.02218918133387926,0.0217699411304718
21.217999999999996,2.1217999999999996e-05,0.049600098416528016,0.02197270291242683
21.2188,2.12188e-05,0.01804899355870293,0.022133167286457058
21.2196,2.12196e-05,0.030687441056159614,0.022252875134150425
21.220399999999998,2.1220399999999998e-05,0.03562616120459228,0.022333700050022054
21.221199999999996,2.1221199999999996e-05,0.0235386668369576,0.022377823980580233
21.222,2.1222e-05,-0.024248630743662902,0.022387710043810592
21.2228,2.12228e-05,0.017759615460895217,0.022366073062917765
21.223599999999998,2.1223599999999998e-05,0.016926282127565195,0.02231584831958275
21.224399999999996,2.1224399999999996e-05,0.05394625509218043,0.022240158930251955
21.2252,2.12252e-05,0.019607096310827687,0.022142282100488225
21.226,2.1226e-05,0.07319633095617206,0.02202561439218584
21.226799999999997,2.1226799999999995e-05,0.03363531548004106,0.021893636108107954
21.227599999999995,2.1227599999999993e-05,0.016230639948824455,0.021749874965778525
21.2284,2.1228399999999998e-05,0.011607776789693491,0.021597869364856484
21.2292,2.1229199999999997e-05,0.012383991305750963,0.02144113169117774
21.229999999999997,2.1229999999999995e-05,0.013256286633459236,0.021283112182632055
21.230799999999995,2.1230799999999993e-05,0.03044042964416771,0.02112716387472624
21.2316,2.12316e-05,0.04947848356768547,0.020976509069746165
21.2324,2.1232399999999997e-05,0.020773687113496142,0.020834207689226225
21.233199999999997,2.1233199999999995e-05,-0.003443100476136718,0.020703127825732238
21.233999999999995,2.1233999999999994e-05,0.006734309015698381,0.020585918816624683
21.2348,2.12348e-05,0.03135717217482914,0.020484987175662772
21.235600000000005,2.1235600000000004e-05,0.015987221739704682,0.020402475681719136
21.236399999999996,2.1236399999999995e-05,-0.02947181161274115,0.020340245829987044
21.2372,2.12372e-05,0.030948259745326334,0.020299863734175458
21.238,2.1238e-05,0.050059131769003784,0.020282589443626087
21.238799999999998,2.1238799999999997e-05,0.04627092611749295,0.020289369502694225
21.239599999999996,2.1239599999999996e-05,0.007379073928598712,0.02032083246481372
21.2404,2.12404e-05,0.04455565121357474,0.02037728704076952
21.2412,2.12412e-05,0.05865687699437261,0.020458722617575646
21.241999999999997,2.1241999999999998e-05,-0.0045268499129061945,0.02056481198037579
21.242799999999995,2.1242799999999996e-05,0.06544042964416774,0.02069491616864464
21.2436,2.12436e-05,0.02038274299546261,0.02084809149886659
21.2444,2.12444e-05,-0.014652057964651077,0.021023098885729178
21.245199999999997,2.1245199999999994e-05,-0.014074058111902654,0.021218415672523104
21.245999999999995,2.1245999999999993e-05,0.0311916779544561,0.021432250204100913
21.2468,2.1246799999999998e-05,0.030171288886411407,0.02166255930438993
21.2476,2.1247599999999996e-05,0.0207604476677542,0.021907068663028485
21.248399999999997,2.1248399999999995e-05,0.0012981613518440183,0.022163295965973797
21.249199999999995,2.1249199999999993e-05,0.0375404071146771,0.022428576489662476
21.25,2.1249999999999998e-05,0.009417203716107991,0.022700090811928694
21.250799999999998,2.1250799999999997e-05,0.08047371791852653,0.022974894235492524
21.251599999999996,2.1251599999999995e-05,-0.0026388943828705713,0.02324994746681855
21.252399999999994,2.1252399999999993e-05,0.03984710982852002,0.023522148076292913
21.2532,2.12532e-05,0.04723306070540978,0.023788362301056652
21.254000000000005,2.1254000000000004e-05,0.02265388840636473,0.024045456815919113
21.254799999999996,2.1254799999999995e-05,0.020329785212484852,0.024290330160705975
21.2556,2.12556e-05,0.036532501149516894,0.024519943567040035
21.2564,2.12564e-05,-0.007816303874705555,0.024731350970501092
21.257200000000005,2.1257200000000004e-05,0.02356646990274147,0.024921728007845766
21.257999999999996,2.1257999999999995e-05,0.054204993264199586,0.025088399767802298
21.2588,2.12588e-05,0.0528193826267479,0.025228866995048657
21.2596,2.12596e-05,0.051198675848755815,0.025340830382011993
21.260400000000004,2.1260400000000004e-05,0.011652223992646649,0.025422212582802212
21.261199999999995,2.1261199999999996e-05,0.046886563790329405,0.025471177672189982
21.262,2.1262e-05,0.033417619819537614,0.02548614790654653
21.2628,2.12628e-05,0.041381570549175795,0.025465817759517322
21.263599999999997,2.1263599999999994e-05,0.009509123493464111,0.02540916528269422
21.264399999999995,2.1264399999999992e-05,0.0308606895136998,0.02531546089813775
21.2652,2.1265199999999998e-05,-0.009534415638628446,0.025184273770543636
21.266,2.1265999999999996e-05,0.04200136925630704,0.02501547591051747
21.266799999999996,2.1266799999999994e-05,0.01394341823213563,0.024809244108836795
21.267599999999995,2.1267599999999993e-05,0.044652299856648314,0.024566059707192073
21.2684,2.1268399999999998e-05,0.05760792851768659,0.024286706113417322
21.269199999999998,2.1269199999999996e-05,-0.013800567808386788,0.023972263911946644
21.269999999999996,2.1269999999999995e-05,0.049715660225363,0.023624103422024832
21.270799999999994,2.1270799999999993e-05,0.029177190198415692,0.023243874595786435
21.2716,2.1271599999999998e-05,0.046858192893122874,0.02283349418485241
21.272399999999998,2.1272399999999996e-05,0.012767937529484907,0.022395130124908676
21.273199999999996,2.1273199999999995e-05,0.031065145728451315,0.021931183116418417
21.274,2.1274e-05,0.05379532449182933,0.02144426542936336
21.2748,2.12748e-05,0.0349709937059548,0.020937177016388663
21.275600000000004,2.1275600000000003e-05,0.01540014347549934,0.02041287907771544
21.276399999999995,2.1276399999999995e-05,0.029102859412541204,0.019874465298501204
21.2772,2.12772e-05,0.03015880578352692,0.019325131072166515
21.278,2.1278e-05,0.04052743204436138,0.018768141102474586
21.278800000000004,2.1278800000000004e-05,0.023860009034834095,0.018206795830414464
21.279599999999995,2.1279599999999995e-05,0.017055651213574774,0.017644397180405356
21.2804,2.12804e-05,0.015085042829065087,0.017084214182146538
21.2812,2.12812e-05,-0.006276925776897868,0.0165294490848158
21.282000000000004,2.1282000000000004e-05,0.02351786166548331,0.01598320460610342
21.282799999999995,2.1282799999999992e-05,-0.014329203081019704,0.01544845292849728
21.2836,2.1283599999999997e-05,0.03666130240410381,0.014928006972706
21.284399999999998,2.1284399999999996e-05,-0.004165789377793994,0.014424494364795582
21.285199999999996,2.1285199999999994e-05,0.007349946688534947,0.01394033439601201
21.285999999999994,2.1285999999999992e-05,0.022592608554797278,0.013477718169837194
21.2868,2.1286799999999998e-05,0.036015781148335924,0.01303859204197008
21.287599999999998,2.1287599999999996e-05,0.030389740889762207,0.012624644387270538
21.288399999999996,2.1288399999999994e-05,0.012419548608691988,0.012237295692530454
21.289199999999994,2.1289199999999993e-05,-0.02277526136314989,0.011877691994484296
21.29,2.1289999999999998e-05,-0.00022173574877959457,0.01154670173611878
21.290799999999997,2.1290799999999996e-05,0.0055788771416243055,0.01124491613522449
21.291599999999995,2.1291599999999994e-05,0.04382388390047065,0.01097265309591993
21.2924,2.12924e-05,0.01669950805561471,0.010729964565955558
21.2932,2.1293199999999998e-05,0.018075472450186925,0.010516647127542975
21.294000000000004,2.1294000000000003e-05,0.040855772136547674,0.010332255571305106
21.294799999999995,2.1294799999999995e-05,-8.53687684604365e-05,0.010176119243140946
21.2956,2.12956e-05,-0.01352934653351312,0.010047361031513866
21.2964,2.1296399999999998e-05,-0.035359426903408764,0.009944918931852858
21.297200000000004,2.1297200000000003e-05,-0.024051740254673604,0.00986757013488508
21.297999999999995,2.1297999999999995e-05,-0.011340286145652634,0.009813957484170355
21.2988,2.12988e-05,0.04345733815677333,0.009782617920691905
21.299599999999998,2.12996e-05,0.04213073834231673,0.009772012237446604
21.300400000000003,2.1300400000000004e-05,0.04076044766775422,0.00978055521584217
21.301199999999994,2.1301199999999992e-05,0.043767521426055445,0.009806645109194519
21.302,2.1301999999999997e-05,-0.00980298856496209,0.009848691504880706
21.302799999999998,2.1302799999999995e-05,0.07143169147214845,0.009905140779707614
21.303600000000003,2.13036e-05,-0.015154970688657343,0.009974498573452097
21.304399999999994,2.1304399999999992e-05,0.023320971176464145,0.01005534888465257
21.3052,2.1305199999999997e-05,0.009835950899925616,0.010146369527991046
21.305999999999997,2.1305999999999996e-05,0.03893736519215818,0.010246343786201356
21.306799999999996,2.1306799999999994e-05,0.015594197104513707,0.010354168144551977
21.307599999999994,2.1307599999999992e-05,0.03659170048393667,0.01046885603476081
21.3084,2.1308399999999997e-05,0.01883504282906512,0.010589537572456224
21.309199999999997,2.1309199999999996e-05,0.0408773336508792,0.010715455362998014
21.309999999999995,2.1309999999999994e-05,-0.001441095822990901,0.010845956564753973
21.3108,2.13108e-05,0.0498860718228985,0.010980481521175919
21.3116,2.1311599999999998e-05,-0.024008617225970474,0.011118549389492194
21.312400000000004,2.1312400000000003e-05,0.05845582547105865,0.011259741291241318
21.313199999999995,2.1313199999999994e-05,0.0021642151281102695,0.01140368158016777
21.314,2.1314e-05,0.017850778895393882,0.011550017870906301
21.314799999999998,2.1314799999999998e-05,0.011876917547449795,0.011698400511754912
21.315600000000003,2.1315600000000003e-05,0.013076796624476805,0.011848462222621306
21.316399999999994,2.1316399999999995e-05,0.0029884700499930306,0.011999798643213468
21.3172,2.13172e-05,-0.028194764889824753,0.012151950532098117
21.317999999999998,2.1317999999999998e-05,-0.005794250392943012,0.012304388313964392
21.318800000000003,2.1318800000000003e-05,-0.01295891240645708,0.012456499572425143
21.319599999999994,2.131959999999999e-05,0.009717740742510417,0.012607579912168404
21.3204,2.13204e-05,-0.0010509080478147137,0.012756827381334643
21.321199999999997,2.1321199999999995e-05,0.05237491289430396,0.012903340400740183
21.322000000000003,2.1322e-05,0.013003033670025088,0.013046118944672058
21.322799999999994,2.1322799999999992e-05,0.016456089846484945,0.013184068595657482
21.3236,2.1323599999999997e-05,0.00498139629169192,0.013316007061833487
21.324399999999997,2.1324399999999995e-05,0.04556223300444484,0.013440672770396574
21.325200000000002,2.13252e-05,0.05375919935746576,0.013556735186267956
21.325999999999993,2.1325999999999992e-05,0.012861181481130912,0.013662806539254507
21.3268,2.1326799999999997e-05,-0.005456831889309677,0.01375745470870346
21.327599999999997,2.1327599999999995e-05,0.0064963760151532934,0.013839217125267738
21.328400000000002,2.13284e-05,0.006760031564324698,0.01390661565166927
21.3292,2.13292e-05,-0.016993373127112688,0.013958172427321964
21.33,2.1329999999999997e-05,0.02615971385437743,0.013992426589119505
21.330800000000004,2.1330800000000003e-05,0.0075398392832544125,0.014007951648681436
21.331599999999995,2.1331599999999994e-05,8.371865478495888e-05,0.014003373157883171
21.3324,2.13324e-05,0.07996115895164024,0.0139773861615317
21.333199999999998,2.1333199999999998e-05,0.04617635799155673,0.013928771845900974
21.334000000000003,2.1334000000000003e-05,0.005108684860554047,0.013856412776592969
21.334799999999994,2.1334799999999994e-05,0.010646398544633895,0.013759306205100578
21.3356,2.13356e-05,0.04134544541480223,0.013636575086015158
21.336399999999998,2.1336399999999998e-05,0.03136417006912895,0.013487476605782308
21.337200000000003,2.1337200000000003e-05,0.031816394038739815,0.013311408126270845
21.337999999999994,2.1337999999999995e-05,0.05321316360478623,0.013107910520964765
21.3388,2.13388e-05,0.0037989176947015313,0.012876668983622431
21.339599999999997,2.1339599999999995e-05,-0.010774769395788808,0.01261751153156836
21.340400000000002,2.13404e-05,0.01945900257049127,0.01233040557204687
21.341199999999994,2.134119999999999e-05,0.00044610336417738594,0.012015452992828211
21.342,2.1341999999999997e-05,0.004993879394576406,0.011672884241493027
21.342799999999997,2.1342799999999995e-05,0.035159373614949474,0.011303051788720389
21.343600000000002,2.13436e-05,0.023903888406364704,0.010906423280831242
21.344399999999993,2.134439999999999e-05,0.01662574510116288,0.010483574621606869
21.3452,2.1345199999999997e-05,0.001616098858283177,0.010035183208042506
21.345999999999997,2.1345999999999995e-05,-0.005560478426692939,0.009562021574367734
21.3468,2.13468e-05,-0.015298903394668883,0.009064951732417274
21.3476,2.13476e-05,0.012006286633459262,0.008544920482191003
21.348399999999998,2.1348399999999997e-05,-0.01113015621085145,0.00800295588034796
21.349200000000003,2.1349200000000002e-05,-0.02456013818726488,0.00744016491267673
21.35,2.135e-05,0.05177535152721413,0.006857732252277189
21.3508,2.13508e-05,0.014040255386683853,0.006256919823694573
21.351599999999998,2.1351599999999997e-05,0.002330465691340766,0.005639066761300136
21.352400000000003,2.1352400000000002e-05,0.040728483567685436,0.0050055892848567115
21.353199999999994,2.1353199999999994e-05,0.019909713854377342,0.004357980031484623
21.354,2.1354e-05,-0.012775261363179857,0.0036978064556547193
21.354799999999997,2.1354799999999998e-05,0.008424617713847282,0.003026708002713727
21.355600000000003,2.1355600000000003e-05,0.009234309015698328,0.002346391848897707
21.356399999999994,2.1356399999999994e-05,0.032116174722284785,0.0016586270542445335
21.3572,2.13572e-05,0.008293168110690252,0.0009652369915858832
21.357999999999997,2.1357999999999994e-05,0.00508920386335987,0.0002680899328066826
21.358800000000002,2.1358800000000003e-05,0.02992370964298674,-0.00043091227094504796
21.359599999999993,2.135959999999999e-05,0.011885995958896833,-0.0011298473891476818
21.3604,2.1360399999999996e-05,0.009474322533390644,-0.0018267877645986898
21.361199999999997,2.1361199999999995e-05,-0.03655798180611591,-0.002519816786269083
21.362000000000002,2.1362e-05,0.050464071675646704,-0.0032070465484789535
21.362799999999993,2.136279999999999e-05,0.02201876973634398,-0.0038866362883892233
21.363599999999998,2.1363599999999997e-05,-0.029774429156290916,-0.004556811149328676
21.364399999999996,2.1364399999999995e-05,-0.04067169068976828,-0.0052158807672471365
21.3652,2.13652e-05,-0.016585217040467115,-0.00586225711277249
21.366,2.1366e-05,-0.007606930282801905,-0.006494471005238039
21.366799999999998,2.1366799999999997e-05,-0.021151717725153008,-0.007111186807626268
21.367600000000003,2.1367600000000002e-05,-0.003096035729633795,-0.0077112149850278675
21.3684,2.13684e-05,-0.020868581178827506,-0.008293522386894518
21.3692,2.13692e-05,0.014803230456989391,-0.008857240252110946
21.369999999999997,2.1369999999999997e-05,-0.008802648325534235,-0.009401670035937292
21.370800000000003,2.1370800000000002e-05,-0.0009966260905470703,-0.009926287223203718
21.3716,2.13716e-05,0.014035338009521614,-0.010430743317716918
21.3724,2.13724e-05,0.03059419710451372,-0.01091486618217205
21.373199999999997,2.1373199999999997e-05,-0.01764797279428776,-0.011378658846934012
21.374000000000002,2.1374000000000002e-05,-0.024729225610540362,-0.011822296806655534
21.374799999999993,2.1374799999999994e-05,-0.012351028970787659,-0.012246123695622098
21.3756,2.13756e-05,-0.015739968435675378,-0.012650645127968305
21.376399999999997,2.1376399999999994e-05,-0.045780254604303794,-0.013036520459226231
21.377200000000002,2.1377200000000003e-05,-0.044933681825291893,-0.013404552276928555
21.377999999999993,2.137799999999999e-05,-0.03970558357899123,-0.013755673541629416
21.3788,2.1378799999999996e-05,0.01136908744629106,-0.014090932472983304
21.379599999999996,2.1379599999999994e-05,-0.0074094719623502,-0.014411475500524563
21.3804,2.13804e-05,0.03168135123271054,-0.014718528820503122
21.381199999999993,2.138119999999999e-05,-0.01982587425358384,-0.015013379236498137
21.381999999999998,2.1381999999999996e-05,-0.02446008485278406,-0.015297354970153939
21.382799999999996,2.1382799999999995e-05,0.01876127987461318,-0.015571807041664153
21.3836,2.13836e-05,0.04682679662447686,-0.015838091709868503
21.3844,2.1384399999999998e-05,-0.014872590485089154,-0.0160975543645117
21.385199999999998,2.1385199999999996e-05,0.010100930623387017,-0.016351515142980777
21.386000000000003,2.1386e-05,-0.040216818371587415,-0.016601256359725012
21.3868,2.13868e-05,-0.051003623984816726,-0.01684801162280148
21.3876,2.13876e-05,-0.036160039793742715,-0.017092956360444375
21.388399999999997,2.1388399999999997e-05,0.006579217381052271,-0.017337199460709114
21.389200000000002,2.1389200000000002e-05,0.01041054606123648,-0.017581775834905635
21.39,2.139e-05,-0.009123422691948213,-0.017827639870167437
21.3908,2.13908e-05,-0.03370524333959335,-0.018075659832608046
21.391599999999997,2.1391599999999997e-05,-0.02057504204672478,-0.018326613276739935
21.392400000000002,2.1392400000000002e-05,0.005676282127565213,-0.01858118345981387
21.3932,2.13932e-05,0.0040360943523890525,-0.01883995672489045
21.394,2.1394e-05,0.001007459079746198,-0.019103420813164265
21.394799999999996,2.1394799999999997e-05,-0.03794850982068998,-0.019371964044091656
21.3956,2.1395600000000002e-05,-0.03651277826026533,-0.01964587523034523
21.396399999999993,2.139639999999999e-05,-0.037605606108511935,-0.019925344110969325
21.397199999999998,2.1397199999999996e-05,0.0008570963108277541,-0.02021046206064858
21.397999999999996,2.1397999999999994e-05,-0.03747756119682233,-0.02050122289598666
21.3988,2.13988e-05,-0.011517695637487613,-0.020797523713832842
21.399599999999992,2.139959999999999e-05,0.005459910641351762,-0.02109916580089505
21.400399999999998,2.1400399999999996e-05,-0.05074620998711754,-0.02140585571680936
21.401199999999996,2.1401199999999994e-05,-0.012167377927510215,-0.021717206677648947
21.402,2.1402e-05,-0.03195932850985672,-0.022032740373333026
21.402799999999992,2.140279999999999e-05,-0.0012462858511191888,-0.022351889367943766
21.403599999999997,2.1403599999999996e-05,0.030183015646428557,-0.022674000268708715
21.404400000000003,2.14044e-05,-0.06823713157570044,-0.022998337879121825
21.4052,2.14052e-05,0.03222455012538539,-0.02332409052986389
21.406,2.1405999999999998e-05,-0.056674867789241024,-0.023650376702824792
21.406799999999997,2.1406799999999996e-05,0.016237637843134145,-0.023976252971315146
21.407600000000002,2.14076e-05,-0.051663708860676505,-0.024300723212088766
21.4084,2.14084e-05,-0.010680201269792744,-0.024622749004969125
21.4092,2.1409199999999998e-05,0.006671704989841043,-0.02494126111353891
21.409999999999997,2.1409999999999997e-05,0.0056630426818132795,-0.025255171927622576
21.410800000000002,2.1410800000000002e-05,-0.06314540030977933,-0.025563388723055195
21.4116,2.14116e-05,-0.05538174476053781,-0.025864827532009405
21.412399999999998,2.14124e-05,-0.02468194154754233,-0.02615842734397513
21.413199999999996,2.1413199999999997e-05,-0.0012602816397184746,-0.0264431643492058
21.414,2.1414000000000002e-05,-0.004760621879186355,-0.026718066025695777
21.4148,2.1414799999999997e-05,0.003888568443475293,-0.026982224987635153
21.415599999999998,2.1415599999999995e-05,-0.020505628638032625,-0.027234812554539176
21.416399999999996,2.1416399999999994e-05,-0.06076777150141921,-0.027475091931452884
21.4172,2.14172e-05,-0.019779346533513098,-0.027702430764770015
21.418,2.1417999999999997e-05,0.0010776288313358862,-0.027916312741250702
21.418799999999997,2.1418799999999996e-05,-0.04104599067069248,-0.028116347877637834
21.419599999999996,2.1419599999999994e-05,-0.04653925715178919,-0.028302281179422357
21.4204,2.14204e-05,-0.02329216987579552,-0.028473999377845418
21.421199999999992,2.142119999999999e-05,-0.00641688596004919,-0.028631535477947372
21.421999999999997,2.1421999999999996e-05,-0.05671174926650191,-0.028775070893352746
21.422800000000002,2.14228e-05,-0.027867181140505903,-0.02890493500256999
21.4236,2.14236e-05,-0.07475494815913664,-0.029021602016546102
21.4244,2.1424399999999998e-05,-0.009935194510946488,-0.029125685112324304
21.425199999999997,2.1425199999999996e-05,-0.037146572756036056,-0.02921792789747456
21.426000000000002,2.1426e-05,0.02479906942269461,-0.029299193420530136
21.4268,2.14268e-05,-0.07438424138111477,-0.029370451078766492
21.427599999999998,2.1427599999999998e-05,0.010923861370979782,-0.029432761839956356
21.428399999999996,2.1428399999999996e-05,-0.06828025460430376,-0.0294872621873393
21.4292,2.14292e-05,-0.012261946053406358,-0.029535147168169865
21.43,2.143e-05,0.0016104251382336177,-0.02957765292444212
21.430799999999998,2.1430799999999998e-05,-0.020068724631250978,-0.029616039111185967
21.431599999999996,2.1431599999999997e-05,-0.021659547826381687,-0.029651571623273133
21.4324,2.14324e-05,-0.012163216893215534,-0.02968550601683255
21.4332,2.14332e-05,-0.02115663510237531,-0.02971907192727736
21.433999999999997,2.1433999999999995e-05,-0.012384317245146437,-0.02975345868634551
21.434799999999996,2.1434799999999993e-05,-0.037319064870748764,-0.02978980224963376
21.4356,2.14356e-05,-0.013281767290058477,-0.029829173466032054
21.4364,2.1436399999999997e-05,-0.009887154105121199,-0.02987256765188829
21.437199999999997,2.1437199999999995e-05,-0.006728393403651278,-0.02992089537713759
21.437999999999995,2.1437999999999994e-05,-0.07443568647840759,-0.02997497431599915
21.4388,2.14388e-05,-0.027432357650971628,-0.030035521950356702
21.4396,2.1439599999999997e-05,-0.04715621899894573,-0.03010314886494234
21.440399999999997,2.1440399999999996e-05,-0.05404266184325668,-0.030178352390303854
21.441200000000002,2.14412e-05,-0.005802572461532707,-0.030261510450373712
21.442,2.1442e-05,-0.03741495717096488,-0.030352875621214834
21.4428,2.1442799999999997e-05,-0.005335784871889793,-0.03045256955174496
21.443599999999996,2.1443599999999996e-05,-0.012803820771821184,-0.030560577993056767
21.4444,2.14444e-05,-0.04475570450196409,-0.030676746710252147
21.4452,2.14452e-05,-0.036184438168119226,-0.030800778519170527
21.445999999999998,2.1445999999999998e-05,-0.029103941694794022,-0.030932231638239664
21.446799999999996,2.1446799999999996e-05,0.0009955438082942525,-0.03107051951863958
21.4476,2.14476e-05,-0.07014721645146027,-0.031214912329827198
21.4484,2.14484e-05,-0.01838673800169155,-0.03136454030707907
21.449199999999998,2.1449199999999998e-05,-0.0026661296172219018,-0.03151839918919829
21.449999999999996,2.1449999999999996e-05,0.008145642201776493,-0.031675357991391526
21.4508,2.14508e-05,0.01345166443676371,-0.03183416935954943
21.4516,2.14516e-05,-0.020739968435675382,-0.0319934826859416
21.452399999999997,2.1452399999999995e-05,-0.05604258597922496,-0.032151859996279536
21.453199999999995,2.1453199999999993e-05,-0.027953427197912273,-0.03230779438471593
21.454,2.1453999999999998e-05,-0.05787625955202291,-0.0324597305745181
21.4548,2.1454799999999997e-05,0.01283886362393194,-0.03260608709475321
21.455599999999997,2.1455599999999995e-05,-0.07162266634912084,-0.032745279585296404
21.456399999999995,2.1456399999999993e-05,-0.01449337312711274,-0.03287574480986626
21.4572,2.14572e-05,-0.008959252645925009,-0.03299596501248832
21.458,2.1457999999999997e-05,-0.0420330914643785,-0.033104492283704615
21.458799999999997,2.1458799999999995e-05,-0.008413216893215503,-0.03319997261291746
21.459599999999995,2.1459599999999994e-05,-0.03251028163968839,-0.03328116928709891
21.4604,2.14604e-05,-0.0571819415475423,-0.03334698525524061
21.461200000000005,2.1461200000000004e-05,-0.03785526586911403,-0.033396484035596384
21.461999999999996,2.1461999999999995e-05,-0.03874647436258394,-0.03342890873234108
21.4628,2.14628e-05,-0.03893693478869609,-0.033443698773305684
21.4636,2.14636e-05,-0.0028601832462362697,-0.03344050407446298
21.464399999999998,2.1464399999999997e-05,-0.05956997294153954,-0.03341919644162921
21.465199999999996,2.1465199999999996e-05,-0.019412044446958543,-0.033379878095868475
21.466,2.1466e-05,-0.05859819211081285,-0.03332288724830523
21.4668,2.14668e-05,-0.0038278030427680854,-0.033248800677641396
21.467599999999997,2.1467599999999998e-05,-0.032164541067535524,-0.033158433305934834
21.468399999999995,2.1468399999999996e-05,-0.028620509967941743,-0.03305283481996196
21.4692,2.14692e-05,-0.0122244967447529,-0.03293328341789788
21.47,2.147e-05,-0.022218823024803158,-0.03280127675701618
21.470799999999997,2.1470799999999994e-05,-0.03424371336654075,-0.032658520143981865
21.471599999999995,2.1471599999999993e-05,-0.0022133378161883766,-0.032506911957402594
21.4724,2.1472399999999998e-05,-0.03200245153855974,-0.03234852623088849
21.4732,2.1473199999999996e-05,-0.07070308695841443,-0.032185592261287026
21.473999999999997,2.1473999999999995e-05,-0.049873346828016696,-0.03202047105493741
21.474799999999995,2.1474799999999993e-05,-0.06437591931252495,-0.03185562841909385
21.4756,2.1475599999999998e-05,-0.03664574054917702,-0.03169360459114191
21.476399999999998,2.1476399999999997e-05,-0.07851818760484863,-0.03153698048552989
21.477199999999996,2.1477199999999995e-05,-0.010529270669481505,-0.031388340887790266
21.477999999999994,2.1477999999999993e-05,-0.07769809371726055,-0.03125023518645044
21.4788,2.14788e-05,0.009991798877428959,-0.031125136477893375
21.479600000000005,2.1479600000000004e-05,0.01924263108428792,-0.031015400087181892
21.480399999999996,2.1480399999999995e-05,-0.012079051353056425,-0.030923222687046982
21.4812,2.14812e-05,0.008115758618855273,-0.030850603220218663
21.482,2.1482e-05,-0.02630832204551392,-0.03079930671185794
21.482800000000005,2.1482800000000004e-05,-0.02283994590615479,-0.030770831837680025
21.483599999999996,2.1483599999999995e-05,-0.008445180993254198,-0.030766382872668765
21.4844,2.14844e-05,-0.02819060385552974,-0.03078684644953793
21.4852,2.14852e-05,-0.026233234916771986,-0.030832773419276854
21.486000000000004,2.1486000000000004e-05,-0.018799243634096907,-0.030904366010390483
21.486799999999995,2.1486799999999996e-05,-0.017584800937037737,-0.03100147041114649
21.4876,2.14876e-05,-0.000768527844346556,-0.031123574841305353
21.4884,2.14884e-05,-0.00630208049407166,-0.031269813121214136
21.489199999999997,2.1489199999999994e-05,-0.004598532350210571,-0.03143897366065838
21.489999999999995,2.1489999999999992e-05,-0.04230090804781472,-0.03162951365902148
21.4908,2.1490799999999998e-05,-0.03963598165886428,-0.03183957814283388
21.4916,2.1491599999999996e-05,0.021394053652060152,-0.03206702330885842
21.492399999999996,2.1492399999999994e-05,-0.04445100644126698,-0.03230944353157891
21.493199999999995,2.1493199999999993e-05,-0.06020093057733544,-0.032564201330584616
21.494,2.1493999999999998e-05,-0.03493935554524141,-0.0328284595448451
21.494799999999998,2.1494799999999996e-05,-0.04437308245255023,-0.033099214932065524
21.495599999999996,2.1495599999999995e-05,-0.010351861177646526,-0.03337333244262165
21.496399999999994,2.1496399999999993e-05,-0.04739207148234337,-0.03364757951183938
21.4972,2.1497199999999998e-05,-0.06815788341266371,-0.03391865982023968
21.497999999999998,2.1497999999999996e-05,-0.04588541382747169,-0.034183246053428186
21.498799999999996,2.1498799999999995e-05,-0.05787058583197324,-0.03443801127768859
21.4996,2.14996e-05,-0.03338465748454422,-0.03467965868148786
21.5004,2.15004e-05,-0.040265615120340215,-0.034904949622571985
21.501200000000004,2.1501200000000003e-05,0.02638157054917578,-0.03511073012064419
21.501999999999995,2.1501999999999995e-05,0.0014997807065507684,-0.03529395608600641
21.5028,2.15028e-05,-0.032576478868447944,-0.03545171761976407
21.5036,2.15036e-05,-0.05578517198152588,-0.03558126263334811
21.504400000000004,2.1504400000000004e-05,0.0035233468740680784,-0.03568001985355965
21.505199999999995,2.1505199999999995e-05,-0.04859195055937049,-0.03574562110181963
21.506,2.1506e-05,-0.008689355545241417,-0.035775922631532855
21.5068,2.15068e-05,-0.0321611363760681,-0.035769025260145706
21.507600000000004,2.1507600000000004e-05,-0.045096527697094824,-0.035723292993377787
21.508399999999995,2.1508399999999992e-05,-0.03839506007028126,-0.03563736979182188
21.5092,2.1509199999999997e-05,-0.0744795658499382,-0.03551019409582862
21.509999999999998,2.1509999999999996e-05,-0.017758617225970497,-0.03534101073556897
21.510799999999996,2.1510799999999994e-05,-0.01474662609054711,-0.03512937992692711
21.511599999999994,2.1511599999999992e-05,-0.09950944943282936,-0.03487518317182146
21.5124,2.1512399999999998e-05,-0.02635428193419187,-0.0345786260010712
21.513199999999998,2.1513199999999996e-05,0.006750196809980236,-0.03424023760308808
21.513999999999996,2.1513999999999994e-05,-0.017335709007928135,-0.03386086749037339
21.514799999999994,2.1514799999999993e-05,-0.010260697743117886,-0.03344167945247748
21.5156,2.1515599999999998e-05,-0.03298614764077834,-0.032984143064333324
21.516399999999997,2.1516399999999996e-05,-0.030906218998945745,-0.03249002293653798
21.517199999999995,2.1517199999999994e-05,-0.019768187604848664,-0.031961365765039516
21.518,2.1518e-05,-0.044679861030394896,-0.031400485134395736
21.5188,2.1518799999999998e-05,-0.030916621584683,-0.03080994397870434
21.519600000000004,2.1519600000000003e-05,-0.07464714058742883,-0.03019253460057617
21.520399999999995,2.1520399999999995e-05,0.0018810785817444664,-0.029551256187485806
21.5212,2.15212e-05,-0.048030594843801566,-0.02888928985196347
21.522,2.1521999999999998e-05,-0.04742195506523461,-0.028209971346349397
21.522800000000004,2.1522800000000003e-05,-0.0015106977431479374,-0.027516761731338657
21.523599999999995,2.1523599999999995e-05,-0.0033978969303560813,-0.026813216385799837
21.5244,2.15244e-05,-0.024093539109056872,-0.026102952824244612
21.525199999999998,2.15252e-05,-0.040573717872404824,-0.02538961782077142
21.526000000000003,2.1526000000000004e-05,-0.028653230410907837,-0.02467685431595814
21.526799999999994,2.1526799999999992e-05,-0.0009813061276577884,-0.023968268543171616
21.5276,2.1527599999999997e-05,0.007134899376611603,-0.02326739780275822
21.528399999999998,2.1528399999999995e-05,0.0374318432001417,-0.022577679328529464
21.529200000000003,2.15292e-05,-0.0723593510393773,-0.021902420665268894
21.529999999999994,2.1529999999999992e-05,0.0037618477060058497,-0.021244771863067557
21.5308,2.1530799999999997e-05,-0.024919874548087195,-0.020607699631051992
21.531599999999997,2.1531599999999996e-05,-0.0201570512058048,-0.019993963467134238
21.532399999999996,2.1532399999999994e-05,-0.020012362156835883,-0.019406093737842647
21.533199999999994,2.1533199999999992e-05,0.009059736383868144,-0.0188463716961211
21.534,2.1533999999999997e-05,-0.02647797730025181,-0.01831681144879491
21.534799999999997,2.1534799999999996e-05,-0.06399537778025854,-0.01781914389579652
21.535599999999995,2.1535599999999994e-05,-0.020370585831973265,-0.017354802666078244
21.5364,2.15364e-05,-0.00630208049407166,-0.016924912108136375
21.5372,2.1537199999999998e-05,0.02332229535075414,-0.016530277491082993
21.538000000000004,2.1538000000000003e-05,0.017396474408635454,-0.016171377702477032
21.538799999999995,2.1538799999999994e-05,-0.010462505609329376,-0.015848360798084608
21.5396,2.15396e-05,-0.0655877136610441,-0.01556104270525074
21.540399999999998,2.1540399999999998e-05,0.03690188375321879,-0.015308909244709384
21.541200000000003,2.1541200000000003e-05,-0.0023614315565247956,-0.015091121516285189
21.541999999999994,2.1541999999999995e-05,-0.03233287214785341,-0.014906524647986776
21.5428,2.15428e-05,0.0009864653968072457,-0.014753659898903043
21.543599999999998,2.1543599999999998e-05,0.02241179437152485,-0.014630780079265989
21.544400000000003,2.1544400000000003e-05,0.012283749459805371,-0.014535868202129033
21.545199999999994,2.154519999999999e-05,-0.02288798631198008,-0.014466659216892818
21.546,2.1546e-05,-0.026502375674528178,-0.014420664576327232
21.546799999999998,2.1546799999999995e-05,0.00919251016131517,-0.014395199262430367
21.547600000000003,2.15476e-05,-0.010488795989388566,-0.014387410796389201
21.548399999999994,2.1548399999999992e-05,-0.008329807695883873,-0.014394309717615225
21.5492,2.1549199999999997e-05,-0.041879324003992524,-0.014412801010350872
21.549999999999997,2.1549999999999995e-05,-0.020943100476106813,-0.014439715951970286
21.550800000000002,2.15508e-05,0.013721561537377469,-0.014471843867930698
21.551599999999993,2.1551599999999992e-05,-0.03297574505504142,-0.01450596333032924
21.5524,2.1552399999999997e-05,0.02360751241425718,-0.014538872414626623
21.553199999999997,2.1553199999999996e-05,-0.005963337816188408,-0.014567417684742423
21.553999999999995,2.1553999999999994e-05,-0.06894317634013836,-0.014588521582124255
21.5548,2.15548e-05,-0.00887508710566609,-0.01459920786608604
21.5556,2.1555599999999997e-05,-0.027337789525075706,-0.014596624743588502
21.556400000000004,2.1556400000000003e-05,0.0007903312506755134,-0.014578065388535585
21.557199999999995,2.1557199999999994e-05,0.0319429262647446,-0.014540985677586762
21.558,2.1558e-05,-0.0377196552316621,-0.014483019089315149
21.558799999999998,2.1558799999999998e-05,-0.05510693028283187,-0.014401988757727914
21.559600000000003,2.1559600000000003e-05,-0.027431033476651656,-0.014295916648709193
21.560399999999994,2.1560399999999994e-05,-0.011629664243390403,-0.014163029824607886
21.5612,2.15612e-05,-0.05148213833454662,-0.01400176385577093
21.561999999999998,2.1561999999999998e-05,0.031772514667209206,-0.013810763618567218
21.562800000000003,2.1562800000000003e-05,-0.015506952812252561,-0.013588881913228233
21.563599999999994,2.1563599999999995e-05,0.017159297750947933,-0.013335176476695172
21.5644,2.15644e-05,0.016894318027486532,-0.013048906023058741
21.565199999999997,2.1565199999999995e-05,0.026972809847665924,-0.012729525907631623
21.566000000000003,2.1566e-05,0.03059268441879881,-0.012376683888877799
21.566799999999994,2.156679999999999e-05,-0.012054652978680136,-0.011990216269985825
21.5676,2.1567599999999997e-05,-0.04132080514839831,-0.011570144458678332
21.568399999999997,2.1568399999999995e-05,-0.019768187604848664,-0.0111166717397025
21.569200000000002,2.15692e-05,-0.03779474236040403,-0.01063017989069205
21.569999999999993,2.156999999999999e-05,-2.011639403287635e-05,-0.010111225249103755
21.5708,2.1570799999999997e-05,0.0121982597453264,-0.009560533941926587
21.571599999999997,2.1571599999999995e-05,-0.025381744760537783,-0.008978996143037514
21.572400000000002,2.15724e-05,0.009534089699233195,-0.008367659343987005
21.5732,2.15732e-05,-0.017471319645380068,-0.0077277206800769
21.573999999999998,2.1573999999999997e-05,-0.008814563596956093,-0.0070605183667150125
21.574800000000003,2.1574800000000002e-05,-0.015263534603192741,-0.006367522310253492
21.5756,2.15756e-05,0.03169383433559514,-0.005650323984290933
21.5764,2.15764e-05,-0.021898805001146715,-0.004910625703850258
21.577199999999998,2.1577199999999997e-05,0.031470653466516896,-0.004150229463955434
21.578000000000003,2.1578000000000002e-05,0.006982644601980392,-0.0033710255100508507
21.578799999999994,2.1578799999999994e-05,-0.008102277281076153,-0.0025749807673853915
21.5796,2.15796e-05,-0.01428551222092378,-0.0017641271885436914
21.580399999999997,2.1580399999999998e-05,-0.007682773754401184,-0.0009405500112432651
21.581200000000003,2.1581200000000003e-05,0.023719481020229916,-0.00010637588892221375
21.581999999999994,2.1581999999999994e-05,0.022472317880234738,0.0007362391188059036
21.5828,2.15828e-05,0.008675033817276745,0.0015851216625430231
21.583599999999997,2.1583599999999994e-05,-0.002159055858920622,0.002438093282565956
21.584400000000002,2.1584400000000003e-05,-0.019595695490235876,0.0032929826529994933
21.585199999999993,2.158519999999999e-05,-0.0006711228583757833,0.004147637952139963
21.586,2.1585999999999996e-05,-0.02047082767791908,0.004999939431274653
21.586799999999997,2.1586799999999995e-05,0.03265445623779728,0.0058478121865330225
21.587600000000002,2.15876e-05,0.012748456532300723,0.006689239013704272
21.588399999999993,2.158839999999999e-05,0.023910129957806836,0.007522273099387306
21.589199999999998,2.1589199999999997e-05,0.04327217442778131,0.008345050228221136
21.589999999999996,2.1589999999999995e-05,-0.005809570355802318,0.009155800191184612
21.5908,2.15908e-05,-0.007305069082109594,0.009952857150524661
21.5916,2.15916e-05,0.05095374495391114,0.010734668808759496
21.592399999999998,2.1592399999999997e-05,0.02451385235919168,0.011499804293468833
21.593200000000003,2.1593200000000002e-05,-0.008758201122540998,0.012246960694187112
21.594,2.1594e-05,0.04531730210960039,0.012974968207242477
21.5948,2.15948e-05,-0.0014654941973374358,0.013682793885136425
21.595599999999997,2.1595599999999997e-05,0.018188765230449766,0.014369544031489753
21.596400000000003,2.1596400000000002e-05,0.022008367150606722,0.015034465306112098
21.5972,2.15972e-05,0.04377376297749769,0.01567694460714234
21.598,2.1598e-05,0.05415562868408408,0.016296507794983622
21.598799999999997,2.1598799999999997e-05,-0.0014195343086592649,0.016892817345181832
21.599600000000002,2.1599600000000002e-05,-0.016386246034330587,0.017465669090370832
21.600399999999993,2.1600399999999994e-05,0.008204085193339039,0.01801498831201061
21.6012,2.16012e-05,0.04304823721583573,0.0185408254940032
21.601999999999997,2.1601999999999994e-05,0.005208170363632303,0.019043351998770087
21.602800000000002,2.1602800000000003e-05,-0.03552643380950682,0.019522855805438975
21.603599999999993,2.160359999999999e-05,0.046686268609872905,0.019979737326439737
21.6044,2.1604399999999996e-05,0.050297821112406216,0.02041450520414787
21.605199999999996,2.1605199999999994e-05,0.012795740595258787,0.02082777186324139
21.606,2.1606e-05,0.06921539584993674,0.021220248488535355
21.606799999999993,2.160679999999999e-05,0.06466894399382761,0.021592739075679348
21.607599999999998,2.1607599999999996e-05,0.03702992866493837,0.021946133284197353
21.608399999999996,2.1608399999999995e-05,-0.0020289304300536992,0.022281397987233404
21.6092,2.16092e-05,0.03361375396569943,0.022599567621295245
21.61,2.1609999999999998e-05,-0.0066818656835105905,0.0229017336258021
21.610799999999998,2.1610799999999996e-05,0.028222809847665897,0.023189033354890292
21.611600000000003,2.16116e-05,0.009708662331063378,0.02346263882448454
21.6124,2.16124e-05,0.05488682816575574,0.023723745565599315
21.6132,2.16132e-05,0.0006136781017078707,0.02397356174446744
21.613999999999997,2.1613999999999997e-05,0.019806635148426954,0.02421329762170209
21.614800000000002,2.1614800000000002e-05,0.05361507813998945,0.024444155368459865
21.6156,2.16156e-05,0.04768452833215331,0.024667319222690984
21.6164,2.16164e-05,0.007854183586821217,0.024883945945855857
21.617199999999997,2.1617199999999997e-05,0.04187540486172492,0.025095155549490898
21.618000000000002,2.1618000000000002e-05,0.019866590825714292,0.02530202230819185
21.6188,2.16188e-05,0.026815637695882355,0.02550556612737427
21.6196,2.16196e-05,0.008819722866175606,0.025706744355487858
21.620399999999997,2.1620399999999997e-05,0.048098925970241124,0.025906444116689013
21.6212,2.1621200000000002e-05,0.04899845653230073,0.026105475202878644
21.621999999999993,2.162199999999999e-05,0.05068384785328739,0.026304563524251926
21.622799999999998,2.1622799999999996e-05,0.0375954454148022,0.026504345112532395
21.623599999999996,2.1623599999999994e-05,0.004722658119672762,0.02670536073055394
21.6244,2.16244e-05,0.026373248480585976,0.026908051247773686
21.625199999999992,2.162519999999999e-05,0.01895949453792234,0.02711275403165765
21.625999999999998,2.1625999999999996e-05,0.026053230456989374,0.027319700625438703
21.626799999999996,2.1626799999999994e-05,0.016691753818447674,0.02752901592965586
21.6276,2.16276e-05,0.04071108308763882,0.027740719013880196
21.628399999999992,2.162839999999999e-05,0.04133144962620283,0.02795472559185712
21.629199999999997,2.1629199999999996e-05,0.043158881647518355,0.02817085211953016
21.630000000000003,2.163e-05,0.07454865331926519,0.028388821440647093
21.6308,2.16308e-05,0.006757951047177246,0.028608269927975043
21.6316,2.1631599999999998e-05,0.005160129957806792,0.028828756150501483
21.632399999999997,2.1632399999999996e-05,0.02099346329114682,0.029049771201077816
21.633200000000002,2.16332e-05,0.024635655719468907,0.029270750874979948
21.634,2.1634e-05,-0.001518451980314972,0.029491089847046074
21.6348,2.1634799999999998e-05,0.04991803592296706,0.029710157867338945
21.635599999999997,2.1635599999999997e-05,0.02617919485157172,0.029927317836374225
21.636400000000002,2.1636400000000002e-05,0.0143156376958824,0.030141945473637008
21.6372,2.16372e-05,0.04866103802866739,0.030353450177614212
21.637999999999998,2.1638e-05,-0.0011885992024140979,0.03056129659333941
21.638799999999996,2.1638799999999997e-05,0.012458322091635554,0.030765026336288318
21.6396,2.1639600000000002e-05,0.019378998064597197,0.030964279242007824
21.6404,2.1640399999999997e-05,0.07798979422427321,0.031158813398252543
21.641199999999998,2.1641199999999995e-05,0.10582229535075116,0.03134852308034147
21.641999999999996,2.1641999999999994e-05,0.05977542739121566,0.031533453618995386
21.6428,2.16428e-05,0.032258783254036305,0.03171381228045114
21.6436,2.1643599999999997e-05,0.0732451277048648,0.03188997446209381
21.644399999999997,2.1644399999999996e-05,0.059452004676191605,0.032062484821697324
21.645199999999996,2.1645199999999994e-05,0.08524845653230073,0.03223205325535479
21.646,2.1646e-05,-0.022899145240644625,0.032399545887451545
21.646799999999992,2.164679999999999e-05,0.055824375867901566,0.03256597146290651
21.647599999999997,2.1647599999999996e-05,0.0013308817947702556,0.03273246372689642
21.648400000000002,2.16484e-05,0.04159794203537903,0.03290026048183106
21.6492,2.16492e-05,0.04852750790836313,0.03307068000015645
21.65,2.1649999999999998e-05,0.05311575861885531,0.0332450953916982
21.650799999999997,2.1650799999999996e-05,0.0284823043625424,0.03342490745059261
21.651600000000002,2.16516e-05,0.02658886362393198,0.033611516485996445
21.6524,2.16524e-05,0.036060228351299184,0.033806293666950864
21.6532,2.1653199999999998e-05,0.024831789865630727,0.03401055244005162
21.653999999999996,2.1653999999999996e-05,0.04584177634793829,0.03422552056999976
21.6548,2.16548e-05,0.05609919034566746,0.03445231330844249
21.6556,2.16556e-05,0.02513440740918038,0.03469190814657058
21.656399999999998,2.1656399999999998e-05,0.012758859118037758,0.03494512158123292
21.657199999999996,2.1657199999999997e-05,0.05118676057729388,0.03521258832321842
21.658,2.1658e-05,0.010743047187717347,0.03549474336665372
21.6588,2.16588e-05,0.03565604478751372,0.0357918072882093
21.659599999999998,2.1659599999999995e-05,0.025053646560418974,0.036103775055906846
21.660399999999996,2.1660399999999993e-05,0.03236659082571436,0.03643040852000873
21.6612,2.16612e-05,0.0009503402624736479,0.036771232643067885
21.662,2.1661999999999997e-05,0.048579709348483324,0.03712553540154204
21.662799999999997,2.1662799999999995e-05,0.07784510517537424,0.03749237115448584
21.663599999999995,2.1663599999999994e-05,0.03969542288532146,0.037870567138764515
21.6644,2.16644e-05,0.08915354816693666,0.0382587326604713
21.6652,2.1665199999999997e-05,-0.032080375527276495,0.03865527055647106
21.665999999999997,2.1665999999999996e-05,0.027072295350754172,0.039058390585130325
21.666799999999995,2.1666799999999994e-05,0.09937824172173648,0.03946612448623816
21.6676,2.16676e-05,0.03577917232208094,0.03987634244715012
21.6684,2.1668399999999997e-05,0.06723022384539501,0.04028677064338466
21.669199999999996,2.1669199999999996e-05,0.05150885911803771,0.040695009485989316
21.67,2.167e-05,0.03914106506405213,0.04109855226374967
21.6708,2.16708e-05,0.017381910788603516,0.04149480397840531
21.671599999999998,2.1671599999999998e-05,0.06720941867392083,0.04188110026467013
21.672399999999996,2.1672399999999996e-05,0.06752735618036687,0.04225472632419304
21.6732,2.16732e-05,0.029157709201231508,0.042612935792141614
21.674,2.1674e-05,0.06353791049410007,0.04295296944310171
21.674799999999998,2.1674799999999998e-05,0.008195763124749345,0.04327207366489445
21.675599999999996,2.1675599999999996e-05,0.07534226831536939,0.04356751866722389
21.6764,2.16764e-05,0.04932736445589958,0.043836616405282275
21.6772,2.16772e-05,0.0874117943715278,0.0440767381801744
21.677999999999997,2.1677999999999995e-05,0.01769909195218533,0.04428533186792076
21.678799999999995,2.1678799999999993e-05,0.07027342273806969,0.044459938767428396
21.6796,2.1679599999999998e-05,0.0397073381567733,0.044598210139175434
21.6804,2.1680399999999997e-05,0.015046648666119267,0.04469792358457881
21.681199999999997,2.1681199999999995e-05,0.030634483273181967,0.04475699945095686
21.681999999999995,2.1681999999999993e-05,0.05349270694827957,0.044773517421326944
21.6828,2.16828e-05,0.05579241176782279,0.04474573335951902
21.6836,2.1683599999999997e-05,0.04608595089992562,0.04467209635482869
21.684399999999997,2.1684399999999995e-05,0.015357020446836067,0.04455126580036052
21.685199999999995,2.1685199999999994e-05,0.024531252839228412,0.044382128274957446
21.686,2.1686e-05,0.09148862177798622,0.04416381394943068
21.686800000000005,2.1686800000000004e-05,0.07187408068744494,0.04389571216085369
21.687599999999996,2.1687599999999995e-05,0.026882402756034596,0.04357748571391579
21.6884,2.16884e-05,0.0489740581579543,0.043209083444361085
21.6892,2.16892e-05,0.051297405008976726,0.042790750637014936
21.689999999999998,2.1689999999999997e-05,0.041102595037105005,0.042323036969672975
21.690799999999996,2.1690799999999996e-05,0.06929956139012572,0.041806801695301696
21.6916,2.16916e-05,0.045407709201231605,0.04124321578471933
21.6924,2.16924e-05,0.06425511418717245,0.040633760769559615
21.693199999999997,2.1693199999999998e-05,0.05034245682680416,0.03998022407427281
21.693999999999996,2.1693999999999996e-05,0.07774978070658078,0.03928469070673609
21.6948,2.16948e-05,0.041620259892578004,0.0385495312827499
21.6956,2.16956e-05,0.03852958842551035,0.037777386485987316
21.696399999999997,2.1696399999999994e-05,0.013393221445201164,0.03697114820131862
21.697199999999995,2.1697199999999993e-05,0.03298771370712561,0.0361339376725165
21.698,2.1697999999999998e-05,0.04029782111240621,0.035269081080683815
21.6988,2.1698799999999996e-05,0.07191644737325087,0.03438008290388295
21.699599999999997,2.1699599999999995e-05,0.05412782561831031,0.033470597344584775
21.700399999999995,2.1700399999999993e-05,0.038612997622842093,0.03254439807403647
21.7012,2.1701199999999998e-05,0.006106188239977106,0.031605346587481445
21.701999999999998,2.1701999999999997e-05,0.020443266504172497,0.030657359566206167
21.702799999999996,2.1702799999999995e-05,0.061813557178734935,0.02970437572407638
21.703599999999994,2.1703599999999993e-05,0.011652223992646649,0.028750322621034108
21.7044,2.17044e-05,0.04931147666158764,0.027799083871960978
21.705200000000005,2.1705200000000004e-05,-0.016806317392398018,0.026854467125933305
21.705999999999996,2.1705999999999995e-05,0.03163406716975248,0.025920173161993285
21.7068,2.17068e-05,0.021653548166936654,0.024999766411180645
21.7076,2.17076e-05,0.07496740050308248,0.024096647137719175
21.708400000000005,2.1708400000000004e-05,0.024870751860009088,0.023214025415228698
21.709199999999996,2.1709199999999995e-05,0.001349606449096985,0.022354896979500286
21.71,2.171e-05,0.01018301564642854,0.02152202106265707
21.7108,2.17108e-05,0.04639689051206497,0.020717900371222675
21.711600000000004,2.1711600000000004e-05,0.017178022405274773,0.019944763387934734
21.712399999999995,2.1712399999999996e-05,0.031008026911178765,0.019204549138191102
21.7132,2.17132e-05,0.009282349421523617,0.018498894516378445
21.714,2.1714e-05,0.01588357520232153,0.01782912425237842
21.714799999999997,2.1714799999999994e-05,0.013711158951640212,0.017196243598892956
21.715599999999995,2.1715599999999992e-05,0.02919667119560987,0.0166009338034122
21.7164,2.1716399999999998e-05,0.049966076328792575,0.01604355038784861
21.7172,2.1717199999999996e-05,0.013156801130370988,0.015524124219841529
21.717999999999996,2.1717999999999994e-05,0.048553986799856896,0.01504236536017672
21.718799999999995,2.1718799999999993e-05,-0.060116008694249046,0.01459766972596587
21.7196,2.1719599999999998e-05,-0.008402814307478357,0.014189128685066364
21.720399999999998,2.1720399999999996e-05,0.009610501002265126,0.013815541716687113
21.721199999999996,2.1721199999999995e-05,0.013473982293952691,0.013475432169587147
21.721999999999994,2.1721999999999993e-05,0.06397330181509697,0.013167065936761741
21.7228,2.1722799999999998e-05,0.00879116345753439,0.012888472646414535
21.723599999999998,2.1723599999999996e-05,0.002476478914529734,0.012637468850129868
21.724399999999996,2.1724399999999995e-05,0.035292903735253955,0.012411682693552455
21.7252,2.17252e-05,0.009440089404699759,0.012208579620617513
21.726,2.1726e-05,0.011301566043271594,0.01202548871715679
21.726800000000004,2.1726800000000003e-05,0.055230299709396635,0.011859629323308042
21.727599999999995,2.1727599999999995e-05,0.023069230898744575,0.0117081375600335
21.7284,2.17284e-05,-0.011656710966336803,0.011568092452220305
21.7292,2.17292e-05,0.0053375394496419926,0.011436541400119335
21.730000000000004,2.1730000000000004e-05,-0.003715834436765153,0.011310524824451749
21.730799999999995,2.1730799999999995e-05,0.0583425326907957,0.011187099833005323
21.7316,2.17316e-05,-0.005531919018051612,0.011063362709290696
21.7324,2.17324e-05,0.04268093512928117,0.0109364699577989
21.733200000000004,2.1733200000000004e-05,0.02924679211858283,0.010803657620921357
21.733999999999995,2.1733999999999992e-05,0.01988323496289346,0.010662258627361008
21.7348,2.1734799999999997e-05,0.04963697989375904,0.010509718020830845
21.735599999999998,2.1735599999999996e-05,0.029796988905547273,0.010343606034058095
21.736399999999996,2.1736399999999994e-05,-0.02428475587809642,0.01016162911165207
21.737199999999994,2.1737199999999992e-05,0.04046690853565149,0.009961639134171155
21.738,2.1737999999999998e-05,-0.049518527844346516,0.009741641219549853
21.738799999999998,2.1738799999999996e-05,0.018880814206308272,0.009499800530851525
21.739599999999996,2.1739599999999994e-05,0.023309055905002207,0.009234448479144144
21.740399999999994,2.1740399999999993e-05,0.0068114766615876565,0.0089440885987857
21.7412,2.1741199999999998e-05,-0.01685851883251832,0.008627402243226376
21.741999999999997,2.1741999999999996e-05,0.032046572802117645,0.008283254151064547
21.742799999999995,2.1742799999999995e-05,0.02718085926528957,0.007910697869741544
21.7436,2.17436e-05,-0.013613512073672007,0.007508980976748882
21.7444,2.1744399999999998e-05,0.003342532690795763,0.00707755000494169
21.745200000000004,2.1745200000000003e-05,-0.004328635249627011,0.006616054965832123
21.745999999999995,2.1745999999999995e-05,-0.002387910448048536,0.006124353345819467
21.7468,2.17468e-05,0.033062800835867656,0.005602513390764274
21.7476,2.1747599999999998e-05,0.02888781210061797,0.005050816402674457
21.748400000000004,2.1748400000000003e-05,0.012394393891488109,0.00446975769787874
21.749199999999995,2.1749199999999995e-05,-0.015094447179947457,0.003860045865715699
21.75,2.175e-05,0.01294042964416775,0.0032226000216752544
21.750799999999998,2.17508e-05,0.02849346329114688,0.0025585448188637765
21.751600000000003,2.1751600000000004e-05,0.024463163604786176,0.0018692030187272097
21.752399999999994,2.1752399999999992e-05,0.035216492432222024,0.0011560854387682412
21.7532,2.1753199999999997e-05,0.014266273115766892,0.00042087814787786053
21.753999999999998,2.1753999999999995e-05,0.00359011193422043,-0.0003345730982318995
21.754800000000003,2.17548e-05,0.02447905139910811,-0.0011082810192677268
21.755599999999994,2.1755599999999992e-05,0.02545442543276699,-0.0018981372370187985
21.7564,2.1756399999999997e-05,-0.00887508710566609,-0.0027019344880510787
21.757199999999997,2.1757199999999996e-05,-0.011801400015245878,-0.0035173900191053497
21.757999999999996,2.1757999999999994e-05,-0.06014456810292024,-0.00434216945336568
21.758799999999994,2.1758799999999992e-05,-0.004443440715604763,-0.0051739103589934065
21.7596,2.1759599999999997e-05,-0.017288424944930214,-0.006010244799247767
21.760399999999997,2.1760399999999996e-05,-0.007618089211396506,-0.0068488203046777425
21.761199999999995,2.1761199999999994e-05,-0.022176456338927397,-0.007687318924277642
21.762,2.1762e-05,-0.02457621449298164,-0.008523474210970087
21.7628,2.1762799999999998e-05,0.0018517628302459066,-0.009355086151329092
21.763600000000004,2.1763600000000003e-05,0.022260863771183748,-0.010180034177839957
21.764399999999995,2.1764399999999994e-05,0.0021169310651421025,-0.010996288510473842
21.7652,2.17652e-05,0.03738739599718843,-0.011801920130418923
21.766,2.1765999999999998e-05,-0.05906006232326333,-0.01259510965569768
21.766800000000003,2.1766800000000003e-05,0.01882047920903307,-0.013374155275158721
21.767599999999995,2.1767599999999995e-05,-0.03969858568472162,-0.014137479765544487
21.7684,2.17684e-05,-0.021284680014064805,-0.014883636535370674
21.769199999999998,2.1769199999999998e-05,-0.012807981806115865,-0.01561131463676844
21.770000000000003,2.1770000000000003e-05,-0.0040559012889686,-0.016319342744036798
21.770799999999994,2.177079999999999e-05,-0.0012018386481559284,-0.017006692179370737
21.7716,2.17716e-05,-0.04176735539798959,-0.0176724791346786
21.772399999999998,2.1772399999999995e-05,0.01261133320912411,-0.018315966268938322
21.773200000000003,2.17732e-05,0.010843289033663162,-0.01893656385872779
21.773999999999994,2.1773999999999992e-05,0.02202501128778611,-0.019533830660965482
21.7748,2.1774799999999997e-05,-0.018983462508796678,-0.02010747459539636
21.775599999999997,2.1775599999999995e-05,-0.05586233962741527,-0.020657353238160092
21.776400000000002,2.17764e-05,-0.001068308527851558,-0.021183473955651688
21.777199999999993,2.1777199999999992e-05,-0.010554993218078068,-0.02168599337855948
21.778,2.1777999999999997e-05,-0.06850154346766923,-0.02216521587839908
21.778799999999997,2.1778799999999996e-05,-0.07603142705066057,-0.022621590749256744
21.779599999999995,2.1779599999999994e-05,-0.0015205324974624235,-0.023055707887115803
21.7804,2.17804e-05,0.03418626860987284,-0.023468291911070686
21.7812,2.1781199999999997e-05,-0.024889234622268552,-0.023860194874776395
21.782000000000004,2.1782000000000003e-05,-0.001916961824080854,-0.02423238787485511
21.782799999999995,2.1782799999999994e-05,-0.001969163264201046,-0.024585951877610736
21.7836,2.17836e-05,-0.01384369083705006,-0.024922067970442937
21.784399999999998,2.1784399999999998e-05,-0.003684438168119142,-0.025242007086340307
21.785200000000003,2.1785200000000003e-05,-0.01071216536993147,-0.025547119102291366
21.785999999999994,2.1785999999999994e-05,-0.057810818666090835,-0.025838821080299456
21.7868,2.17868e-05,-0.06818360596126016,-0.026118584308794986
21.787599999999998,2.1787599999999998e-05,-0.1012914893968998,-0.02638791975131755
21.788400000000003,2.1788400000000003e-05,-0.01971674250765565,-0.026648361582367233
21.789199999999994,2.1789199999999995e-05,-0.013168285998370832,-0.026901448725435838
21.79,2.179e-05,-0.016199758130978514,-0.027148704654693195
21.790799999999997,2.1790799999999995e-05,-0.020975064576245428,-0.027391616048058537
21.791600000000003,2.17916e-05,-0.04114131513941588,-0.027631611073730314
21.792399999999994,2.179239999999999e-05,0.02969825974532636,-0.027870038148156806
21.7932,2.1793199999999997e-05,0.03792927071556329,-0.028108145984102793
21.793999999999997,2.1793999999999995e-05,-0.0406516418612215,-0.0283470656819584
21.794800000000002,2.17948e-05,-0.006994885812797502,-0.028587795474322622
21.795599999999993,2.1795599999999992e-05,-0.03573089002425833,-0.02883118850548252
21.7964,2.1796399999999997e-05,-0.024623498555979673,-0.029077943786524167
21.797199999999997,2.1797199999999995e-05,-0.0334625814733609,-0.029328600301556332
21.798000000000002,2.1798e-05,-0.0024699954710600824,-0.0295835341715871
21.7988,2.17988e-05,0.006636904029757362,-0.029842958770374958
21.799599999999998,2.1799599999999997e-05,-0.028481306127687733,-0.030106927675807253
21.800400000000003,2.1800400000000002e-05,-0.0465072930517505,-0.030375340286339533
21.8012,2.18012e-05,-0.015671122858375686,-0.030647949830157888
21.802,2.1802e-05,-0.01009028614565266,-0.03092437339182883
21.802799999999998,2.1802799999999997e-05,-0.04641045589717219,-0.031204103524423467
21.803600000000003,2.1803600000000002e-05,-0.03228766860210286,-0.031486520998766546
21.804399999999994,2.1804399999999994e-05,-0.046227561196822364,-0.031770908235562244
21.8052,2.18052e-05,-0.03896341368021983,-0.03205646297315645
21.805999999999997,2.1805999999999998e-05,-0.0262532837454188,-0.03234231176903301
21.806800000000003,2.1806800000000003e-05,-0.045653722378368955,-0.03262752301981107
21.807599999999994,2.1807599999999994e-05,-0.034324474215332246,-0.032911119287903835
21.8084,2.18084e-05,-0.015364344280531128,-0.03319208881939817
21.809199999999997,2.1809199999999994e-05,-0.021834876801069325,-0.03346939621786425
21.810000000000002,2.1810000000000003e-05,-0.031508617225970426,-0.0337419922948958
21.810799999999993,2.181079999999999e-05,-0.06475778501911167,-0.03400882313833606
21.8116,2.1811599999999996e-05,0.003988053946563652,-0.03426883843017561
21.812399999999997,2.1812399999999995e-05,-0.04564123927548436,-0.034520999041586134
21.813200000000002,2.18132e-05,-0.061773596949431964,-0.03476428395519731
21.813999999999993,2.181399999999999e-05,-0.040929861030394865,-0.03499769660502131
21.814799999999998,2.1814799999999997e-05,0.005628998064597157,-0.03522027077619352
21.815599999999996,2.1815599999999995e-05,0.011514344326582715,-0.035431076277893526
21.8164,2.18164e-05,-0.06559036200958424,-0.0356292246646159
21.8172,2.18172e-05,0.005978899671114868,-0.03581387526800979
21.817999999999998,2.1817999999999997e-05,-0.009170706754946134,-0.035984241696319585
21.818800000000003,2.1818800000000002e-05,-0.026587297557614686,-0.03613959881433243
21.8196,2.18196e-05,-0.04640497068865734,-0.03627929007784707
21.8204,2.18204e-05,-0.019933113993799156,-0.03640273496436262
21.821199999999997,2.1821199999999997e-05,-0.05122548067967492,-0.03650943612564136
21.822000000000003,2.1822000000000002e-05,-0.052221659884778115,-0.03659898581956237
21.8228,2.18228e-05,-0.03190504655258897,-0.0366710711727787
21.8236,2.18236e-05,-0.07383120773413543,-0.03672547787399022
21.824399999999997,2.1824399999999997e-05,-0.021615100623358474,-0.036762091990194604
21.825200000000002,2.1825200000000002e-05,-0.020744129469970174,-0.036780899723319695
21.825999999999993,2.1825999999999994e-05,-0.05992327923955476,-0.036781985058066534
21.8268,2.18268e-05,-0.03205408514728736,-0.03676552536149325
21.827599999999997,2.1827599999999997e-05,-0.00996091705964297,-0.03673178506504533
21.828400000000002,2.1828400000000003e-05,-0.05053967325521869,-0.03668110760331757
21.829199999999993,2.182919999999999e-05,-0.07267293900005678,-0.0366139058164515
21.83,2.1829999999999996e-05,-0.041770192258064553,-0.036530651051454706
21.830799999999996,2.1830799999999994e-05,-0.019754380327744125,-0.03643186124720594
21.8316,2.18316e-05,-0.053881328657108374,-0.03631808838942678
21.832399999999993,2.183239999999999e-05,-0.04917486778924096,-0.03618990585936767
21.833199999999998,2.1833199999999996e-05,0.03004324397468172,-0.03604789632318738
21.833999999999996,2.1833999999999995e-05,0.037452836883050566,-0.03589264088682357
21.8348,2.18348e-05,-0.03852310498207079,-0.035724710245426845
21.8356,2.1835599999999998e-05,-0.015495793883688047,-0.03554465843573153
21.836399999999998,2.1836399999999996e-05,-0.016916205481253388,-0.035353019546273394
21.837200000000003,2.18372e-05,0.007580881794770233,-0.03515030744122324
21.838,2.1838e-05,-0.057805901288968564,-0.03493701830531003
21.8388,2.18388e-05,-0.016606778554768886,-0.03471363563421877
21.839599999999997,2.1839599999999997e-05,0.0195904521736483,-0.03448063714768331
21.840400000000002,2.1840400000000002e-05,-0.09939388762402435,-0.034238502982619615
21.8412,2.18412e-05,-0.07015213382858265,-0.03398772443431976
21.842,2.1842e-05,-0.08601327022772642,-0.03372881247131759
21.842799999999997,2.1842799999999997e-05,0.02378700242323961,-0.03346230531057892
21.843600000000002,2.1843600000000002e-05,-0.06079841142723785,-0.033188774542164776
21.8444,2.18444e-05,-0.005406143134914276,-0.03290882956499118
21.8452,2.18452e-05,-0.05191204444695863,-0.032623120305998975
21.845999999999997,2.1845999999999997e-05,-0.01188707824118962,-0.0323323382878506
21.8468,2.1846800000000002e-05,0.006034505802662626,-0.03203721612857776
21.847599999999993,2.184759999999999e-05,-0.03681823266388995,-0.031738525549758895
21.848399999999998,2.1848399999999996e-05,-0.06074961467858497,-0.03143707393851911
21.849199999999996,2.1849199999999994e-05,-0.015492389192220624,-0.031133699448378224
21.85,2.185e-05,-0.025066644114103642,-0.030829264572824616
21.850799999999992,2.185079999999999e-05,-0.0893640040411332,-0.03052464813051057
21.851599999999998,2.1851599999999996e-05,0.02605190628270948,-0.03022073566316265
21.852399999999996,2.1852399999999994e-05,-0.028765766848303342,-0.029918408337292958
21.8532,2.18532e-05,-0.02594650516757424,-0.02961853053122395
21.853999999999992,2.185399999999999e-05,-0.026487055711668983,-0.029321936346349848
21.854799999999997,2.1854799999999996e-05,-0.06921174926650187,-0.029029415284538094
21.855600000000003,2.18556e-05,-0.026498214640233497,-0.028741697315137725
21.8564,2.18564e-05,0.031068550419888874,-0.028459437576904167
21.8572,2.1857199999999998e-05,-0.051729717577901346,-0.028183201036708516
21.857999999999997,2.1857999999999996e-05,0.006410129957806876,-0.02791344750094786
21.858800000000002,2.18588e-05,-0.06525237567452813,-0.027650517382109108
21.8596,2.18596e-05,-0.025290581326109174,-0.027394618568229757
21.8604,2.1860399999999998e-05,0.028042752007260807,-0.02714581469433245
21.861199999999997,2.1861199999999997e-05,-0.033012438020867396,-0.02690401511346439
21.862000000000002,2.1862000000000002e-05,-0.01875952529686109,-0.02666896687790316
21.8628,2.18628e-05,-0.008414541067505499,-0.026440249010499645
21.863599999999998,2.18636e-05,0.010952420779621108,-0.026217269263635504
21.864399999999996,2.1864399999999997e-05,-0.0349087156195228,-0.02599926346353547
21.8652,2.1865200000000002e-05,-0.01309036200961422,-0.02578529743649516
21.866,2.1865999999999997e-05,-0.03587085020743963,-0.025574271405868966
21.866799999999998,2.1866799999999995e-05,-0.025010281639688436,-0.025364926651905862
21.867599999999996,2.1867599999999994e-05,-0.04620183864812599,-0.02515585417496402
21.8684,2.18684e-05,-0.03693360596126016,-0.02494550511142579
21.8692,2.1869199999999997e-05,-0.026152474068080522,-0.024732202715377228
21.869999999999997,2.1869999999999996e-05,0.0054793916385360575,-0.02451415582523408
21.870799999999996,2.1870799999999994e-05,-0.0021151764873900136,-0.024289473854761545
21.8716,2.18716e-05,-0.03329425039294298,-0.024056183432249925
21.872399999999992,2.187239999999999e-05,0.023864926411996334,-0.023812246818002935
21.873199999999997,2.1873199999999996e-05,-0.011348608214242328,-0.023555582161399063
21.874000000000002,2.1874e-05,-0.0002391362288163279,-0.02328408554742937
21.8748,2.18748e-05,-0.03210609807597298,-0.02299565464915171
21.8756,2.1875599999999998e-05,-0.04860935103937725,-0.02268821365741405
21.876399999999997,2.1876399999999996e-05,-0.01880548518553915,-0.022359739037270822
21.877200000000002,2.18772e-05,-0.02051319436369492,-0.022008285612040036
21.878,2.1878e-05,-0.02899121674596372,-0.021632012517007058
21.8788,2.1878799999999998e-05,0.01709045217364835,-0.021229208656668046
21.879599999999996,2.1879599999999996e-05,0.006276599837502506,-0.020798317381605973
21.8804,2.18804e-05,-0.02393277375440117,-0.0203379601285597
21.8812,2.18812e-05,-0.0603830689348579,-0.019846958723588364
21.881999999999998,2.1881999999999998e-05,-0.0035446664963724173,-0.019324355961840175
21.882799999999996,2.1882799999999997e-05,0.026763436255762163,-0.018769434019199775
21.8836,2.1883600000000002e-05,-0.04230090804781472,-0.018181730264907752
21.8844,2.18844e-05,-0.03760484976568457,-0.01756105008975902
21.885199999999998,2.1885199999999995e-05,-0.014157467309234284,-0.016907476382237975
21.885999999999996,2.1885999999999993e-05,-0.061069632702141496,-0.016221375291878355
21.8868,2.18868e-05,0.03655614318099587,-0.01550339797845712
21.8876,2.1887599999999997e-05,-0.060182773754401175,-0.014754478171335567
21.888399999999997,2.1888399999999995e-05,-0.009578295010158944,-0.01397582550858024
21.889199999999995,2.1889199999999994e-05,-0.017622250245691196,-0.01316891474744746
21.89,2.189e-05,0.0019930471877174227,-0.012335471036874273
21.8908,2.1890799999999997e-05,-0.018935610614376097,-0.01147745153671578
21.891599999999997,2.1891599999999996e-05,0.01514689051206497,-0.010597023752008772
21.892399999999995,2.1892399999999994e-05,-0.0287839236712375,-0.009696541002329835
21.8932,2.18932e-05,0.005983060705409882,-0.008778515463101752
21.894,2.1893999999999997e-05,0.010978899671114872,-0.007845589214776011
21.894799999999996,2.1894799999999996e-05,0.001847033964528455,-0.006900503731955654
21.8956,2.18956e-05,-0.019509449432829395,-0.005946068234309395
21.8964,2.18964e-05,-0.00929383428951347,-0.004985127295100103
21.897199999999998,2.1897199999999998e-05,0.011296648666119236,-0.004020528074048438
21.897999999999996,2.1897999999999996e-05,0.016791239321536033,-0.003055087537771676
21.8988,2.18988e-05,-0.029729225610540366,-0.0020915600549046105
21.8996,2.18996e-05,-0.013675359756672112,-0.0011326057749241798
21.900399999999998,2.1900399999999998e-05,-0.023319216598712056,-0.00018076021277906094
21.901199999999996,2.1901199999999996e-05,0.05234919034566743,0.0007615944970589062
21.902,2.1902e-05,0.049148062958351835,0.0016922561221294587
21.9028,2.19028e-05,-0.0052975792203788785,0.002609225987002196
21.903599999999997,2.1903599999999995e-05,0.010587199210214004,0.003510729126607025
21.904399999999995,2.1904399999999993e-05,0.040802814353559924,0.004395230425684531
21.9052,2.1905199999999998e-05,-0.018287252498673245,0.0052614463996813595
21.906,2.1905999999999997e-05,0.03762532899773341,0.006108352408087817
21.906799999999997,2.1906799999999995e-05,0.03480114993984196,0.0069351851824051725
21.907599999999995,2.1907599999999993e-05,0.03351502480547841,0.007741440624671647
21.9084,2.19084e-05,0.03578617021638053,0.00852686692079355
21.9092,2.1909199999999997e-05,0.019529928664938412,0.009291453143397755
21.909999999999997,2.1909999999999995e-05,-0.018157883412663778,0.010035413692731972
21.910799999999995,2.1910799999999994e-05,0.01666054606123646,0.010759169100460379
21.9116,2.19116e-05,0.06056147666158762,0.011463323842279391
21.912400000000005,2.1912400000000004e-05,0.02145665767791749,0.012148641848885543
21.913199999999996,2.1913199999999995e-05,0.01705848807357957,0.012816020416580923
21.914,2.1914e-05,-0.046445256857285844,0.013466463266626332
21.9148,2.19148e-05,0.022116174722284776,0.014101053584002234
21.915599999999998,2.1915599999999997e-05,-0.01607663059641129,0.014720927897471594
21.916399999999996,2.1916399999999996e-05,0.01588906041090643,0.01532725157569567
21.9172,2.19172e-05,0.01831681014216935,0.015921196530271995
21.918,2.1918e-05,0.027735217086548802,0.01650392151226851
21.918799999999997,2.1918799999999998e-05,0.0029133829212512063,0.017076555224464017
21.919599999999996,2.1919599999999996e-05,0.05873763784313413,0.017640182367810765
21.9204,2.19204e-05,0.0006394006503342986,0.018195832691511118
21.9212,2.19212e-05,0.004920116440114475,0.01874447310539206
21.921999999999997,2.1921999999999994e-05,-0.005540997429508754,0.01928700291960236
21.922799999999995,2.1922799999999993e-05,0.03181355717873502,0.019824252264327023
21.9236,2.1923599999999998e-05,0.005932371951004267,0.020356983673786397
21.9244,2.1924399999999996e-05,0.044408125304661095,0.02088589669627079
21.925199999999997,2.1925199999999995e-05,-0.008290089358648278,0.021411635261436263
21.925999999999995,2.1925999999999993e-05,0.0041675439555460825,0.021934797436850333
21.9268,2.1926799999999998e-05,0.034408125304661086,0.02245594713089786
21.927599999999998,2.1927599999999997e-05,0.03166054606123647,0.022975627213718854
21.928399999999996,2.1928399999999995e-05,0.047626085340590874,0.02349437342136876
21.929199999999994,2.1929199999999993e-05,0.025914215128110207,0.024012728318201157
21.93,2.193e-05,0.046381002717743036,0.02453125456445505
21.930799999999998,2.1930799999999997e-05,0.06417794654128317,0.02505054677679796
21.931599999999996,2.1931599999999995e-05,0.04967461771384718,0.02557124135669816
21.9324,2.19324e-05,0.03457097117646413,0.02609402378440335
21.9332,2.19332e-05,0.057461915294497734,0.02661963303866262
21.934000000000005,2.1934000000000004e-05,0.04673090432426086,0.027148862991950854
21.934799999999996,2.1934799999999995e-05,0.03707380803646887,0.02768256081928696
21.9356,2.19356e-05,0.0006352396160395068,0.028221622628278993
21.9364,2.19364e-05,0.006961083087638764,0.02876698665794851
21.937200000000004,2.1937200000000004e-05,0.017925866024135706,0.02931962447198315
21.937999999999995,2.1937999999999996e-05,0.025576796624476872,0.029880530548508658
21.9388,2.19388e-05,0.06812616120459225,0.030450710546272047
21.9396,2.19396e-05,0.04404441642097878,0.031031168369630064
21.940399999999997,2.1940399999999997e-05,0.06659245682680415,0.03162289204716244
21.941199999999995,2.1941199999999992e-05,0.0458843315451789,0.03222683843523232
21.942,2.1941999999999998e-05,0.03166130240410381,0.03284391685593567
21.9428,2.1942799999999996e-05,0.06029233590383121,0.03347497193195682
21.943599999999996,2.1943599999999994e-05,0.0019917230134274266,0.03412076603198451
21.944399999999995,2.1944399999999993e-05,0.010547669384412983,0.03478196184872323
21.9452,2.1945199999999998e-05,0.04028533800952161,0.03545910567275209
21.945999999999998,2.1945999999999996e-05,0.005624080687445021,0.03615261188297858
21.946799999999996,2.1946799999999995e-05,0.05012608534059082,0.03686274905180448
21.947599999999994,2.1947599999999993e-05,0.04712241627372704,0.03758962789775684
21.9484,2.1948399999999998e-05,0.07743959743730866,0.038333191163421654
21.949199999999998,2.1949199999999996e-05,0.04182679662447686,0.03909320539748823
21.949999999999996,2.1949999999999995e-05,0.034350438655955995,0.03986925460486196
21.9508,2.19508e-05,0.05654574059525874,0.04066073579099879
21.9516,2.19516e-05,0.06504324397468175,0.041466856516971635
21.952400000000004,2.1952400000000003e-05,0.04228318162838263,0.04228663465294592
21.953199999999995,2.1953199999999995e-05,0.0005191099757717588,0.04311890056642475
21.954,2.1954e-05,0.005930859265289468,0.043962302018179494
21.9548,2.19548e-05,0.07174887263573015,0.04481531203092949
21.955600000000004,2.1955600000000004e-05,0.01879324397468174,0.04567623989257501
21.956399999999995,2.1956399999999995e-05,0.09569708729903648,0.046543245268977365
21.9572,2.19572e-05,0.06548638953284569,0.04741435521695865
21.958,2.1958e-05,0.012717248775089507,0.04828748378892778
21.958800000000004,2.1958800000000004e-05,0.011262036217470461,0.0491604539195825
21.959599999999995,2.1959599999999992e-05,0.06651869387234222,0.05003102131905519
21.9604,2.1960399999999997e-05,0.05257804493476537,0.05089690007235908
21.961199999999998,2.1961199999999996e-05,0.07554483252440825,0.051755789528499234
21.961999999999996,2.1961999999999994e-05,0.06135168696624438,0.052605401920327664
21.962799999999994,2.1962799999999992e-05,0.02372515474024961,0.0534434900761958
21.9636,2.1963599999999998e-05,0.0497211454339479,0.054267874581323816
21.964399999999998,2.1964399999999996e-05,0.10991255071439221,0.05507646976349514
21.965199999999996,2.1965199999999994e-05,0.08201460870204902,0.05586730786459698
21.965999999999994,2.1965999999999993e-05,0.05426835363291438,0.05663856074067115
21.9668,2.1966799999999998e-05,0.11778949904381653,0.057388558479367836
21.967599999999997,2.1967599999999996e-05,0.07267753043785374,0.05811580446286012
21.968399999999995,2.1968399999999995e-05,0.043493463291146894,0.058818986599202795
21.9692,2.19692e-05,0.07678026890437328,0.059496984649648116
21.97,2.1969999999999998e-05,0.09733670724278587,0.06014887376019404
21.970800000000004,2.1970800000000003e-05,0.05174962897858748,0.06077392443672702
21.971599999999995,2.1971599999999995e-05,0.046812233004444925,0.06137159929046952
21.9724,2.19724e-05,0.0761373959971885,0.06194154695253923
21.9732,2.1973199999999998e-05,0.05921350384422397,0.06248359361110002
21.974000000000004,2.1974000000000003e-05,0.0484934632911469,0.06299773263543329
21.974799999999995,2.1974799999999995e-05,0.0935887877599334,0.06348411271967203
21.9756,2.19756e-05,0.04400053704944806,0.0639430249324238
21.976399999999998,2.19764e-05,0.06541413926410855,0.06437488901635154
21.977200000000003,2.1977200000000004e-05,0.06113890868290317,0.0647802392472949
21.977999999999994,2.1977999999999992e-05,0.05173979422427322,0.06515971012651318
21.9788,2.1978799999999997e-05,0.06375636249746097,0.06551402212624184
21.979599999999998,2.1979599999999995e-05,0.04477410321692554,0.06584396763042419
21.980400000000003,2.19804e-05,0.08405481900671286,0.06615039711340485
21.981199999999994,2.1981199999999992e-05,0.10945900257049124,0.06643420549020376
21.982,2.1981999999999997e-05,0.10880024186899151,0.06669631848048856
21.982799999999997,2.1982799999999996e-05,0.023915047334969186,0.06693767880529067
21.983599999999996,2.1983599999999994e-05,0.06366387488867231,0.06715923211213123
21.984399999999994,2.1984399999999992e-05,0.060713919947653516,0.06736191265247102
21.9852,2.1985199999999997e-05,0.08286874720685322,0.06754662881165811
21.985999999999997,2.1985999999999996e-05,0.09481306521130395,0.06771424856544976
21.986799999999995,2.1986799999999994e-05,0.06331813431645938,0.06786558486238896
21.9876,2.19876e-05,0.08747439839738513,0.06800138089278232
21.9884,2.1988399999999998e-05,0.09043910546987766,0.06812229523293878
21.989200000000004,2.1989200000000003e-05,0.10753492190609215,0.06822888692431363
21.989999999999995,2.1989999999999994e-05,0.0379536690899096,0.06832160063951241
21.9908,2.19908e-05,0.07506688600617084,0.06840075219921474
21.9916,2.1991599999999998e-05,0.08507596441761789,0.06846651481903343
21.992400000000004,2.1992400000000003e-05,0.07840721723380062,0.06851890654165342
21.993199999999995,2.1993199999999995e-05,0.07334953058510241,0.06855777933285195
21.994,2.1994e-05,0.06768377198929598,0.06858281032527891
21.994799999999998,2.1994799999999998e-05,0.05968993767673669,0.06859349571333821
21.995600000000003,2.1995600000000003e-05,0.029655136716653097,0.06858914782323297
21.996399999999994,2.199639999999999e-05,0.047084210622206024,0.06856889586491088
21.9972,2.19972e-05,0.021938765230449797,0.0685316907818492
21.997999999999998,2.1997999999999995e-05,0.08323264460197732,0.06847631443269649
21.998800000000003,2.19988e-05,0.061833794518776575,0.06840139308044695
21.999599999999994,2.1999599999999992e-05,0.0820904521736513,0.06830541488478196
22.0004,2.2000399999999997e-05,0.08613323496289349,0.06818675086316613
22.001199999999997,2.2001199999999995e-05,0.0885872750742156,0.06804367865282074
22.002000000000002,2.2002e-05,0.07058587503592395,0.06787440837150796
22.002799999999993,2.2002799999999992e-05,0.0895486533192652,0.06767710991513232
22.0036,2.2003599999999997e-05,0.10575969132489382,0.06744994111298733
22.004399999999997,2.2004399999999996e-05,0.07933303817591908,0.06719107626438614
22.005199999999995,2.2005199999999994e-05,0.06865555282008251,0.06689873470143964
22.006,2.2006e-05,0.044324716107329576,0.0665712091648509
22.0068,2.2006799999999997e-05,0.07951668921919641,0.06620689391567615
22.007600000000004,2.2007600000000003e-05,0.07045366908990958,0.06580431258562665
22.008399999999995,2.2008399999999994e-05,0.01102334687406814,0.06536214576960428
22.0092,2.20092e-05,0.081241798877429,0.06487925830862075
22.009999999999998,2.2009999999999998e-05,0.04558303817591913,0.06435472611995875
22.010800000000003,2.2010800000000003e-05,0.07424055056714063,0.06378786230345126
22.011599999999994,2.2011599999999994e-05,0.049864510308566756,0.06317824210092379
22.0124,2.20124e-05,0.08222398229395267,0.06252572614786851
22.013199999999998,2.2013199999999998e-05,0.08714889516521407,0.061830481358832
22.014000000000003,2.2014000000000003e-05,0.10905689952386322,0.06109299873780327
22.014799999999994,2.2014799999999995e-05,0.05454392445354772,0.060314107416929
22.0156,2.20156e-05,0.06419875171275724,0.05949498431962004
22.016399999999997,2.2016399999999995e-05,0.04056639403873985,0.05863715899789114
22.017200000000003,2.20172e-05,0.10124463573743381,0.05774251334135485
22.017999999999994,2.201799999999999e-05,0.044946595331608385,0.05681327593839683
22.0188,2.2018799999999997e-05,0.08903117697522978,0.05585201089605912
22.019599999999997,2.2019599999999995e-05,0.08022481450081176,0.05486160094846481
22.020400000000002,2.20204e-05,0.09742919485156865,0.05384522474631642
22.021199999999993,2.2021199999999992e-05,0.0508939777880586,0.05280632833459267
22.022,2.2021999999999997e-05,0.047507875183175674,0.05174859098978273
22.022799999999997,2.2022799999999995e-05,0.09010584800054222,0.050675885777302275
22.023600000000002,2.20236e-05,0.08344617922817887,0.04959223535787441
22.0244,2.20244e-05,0.08162990613545773,0.04850176370033991
22.025199999999998,2.2025199999999997e-05,-0.008258693090002156,0.04740864448563666
22.026000000000003,2.2026000000000002e-05,0.06347057760252528,0.04631704714439386
22.0268,2.20268e-05,0.06683795555307137,0.04523108161634851
22.0276,2.20276e-05,0.06768660884930078,0.04415474298517242
22.028399999999998,2.2028399999999997e-05,-0.030950666201869037,0.04309185713313126
22.029200000000003,2.2029200000000002e-05,0.02503832659752958,0.04204602853792833
22.029999999999994,2.2029999999999994e-05,0.06162082772400068,0.04102059130209493
22.0308,2.20308e-05,0.019651732025225632,0.040018564400681474
22.031599999999997,2.2031599999999998e-05,0.03829316811069028,0.039042611945648356
22.032400000000003,2.2032400000000003e-05,0.015302738489568535,0.03809500906920215
22.033199999999994,2.2033199999999994e-05,0.026723150087093805,0.037177613877316065
22.034,2.2034e-05,0.024992555220286317,0.036291845797375495
22.034799999999997,2.2034799999999994e-05,0.03431431352159242,0.035438670501388055
22.035600000000002,2.2035600000000003e-05,0.012798577455273574,0.034618591424409165
22.036399999999993,2.203639999999999e-05,0.08206889065931666,0.03383164773718101
22.0372,2.2037199999999996e-05,0.021422045229268716,0.03307741849496361
22.037999999999997,2.2037999999999995e-05,0.09035342724396389,0.032355032594933476
22.038800000000002,2.20388e-05,-0.012619413385686507,0.03166318415619818
22.039599999999993,2.203959999999999e-05,0.026122832377156513,0.031000152988594
22.040399999999998,2.2040399999999997e-05,0.029160546061236414,0.030363829891049743
22.041199999999996,2.2041199999999995e-05,0.006439445709305658,0.029751746546314885
22.042,2.2042e-05,0.06690963799038585,0.02916110972166633
22.0428,2.20428e-05,0.024587047482220847,0.028588839375448517
22.043599999999998,2.2043599999999997e-05,0.02677951256150879,0.02803161016884749
22.044400000000003,2.2044400000000002e-05,-0.011237963782529503,0.027485895829466922
22.0452,2.20452e-05,-0.0019530869584444277,0.026948015791191857
22.046,2.2046e-05,0.04359994668853495,0.02641418348200207
22.046799999999998,2.2046799999999997e-05,0.06242503381727671,0.025880555501674472
22.047600000000003,2.2047600000000002e-05,0.08178367359580363,0.02534328075841054
22.0484,2.20484e-05,0.08071732463908099,0.02479854852465124
22.0492,2.20492e-05,0.009096617861098943,0.024242634426143234
22.049999999999997,2.2049999999999997e-05,-0.0007573689157120977,0.023671943600809944
22.050800000000002,2.2050800000000002e-05,0.0418525191731034,0.023083050553625035
22.051599999999993,2.2051599999999994e-05,0.04220109660533111,0.022472735451969983
22.0524,2.20524e-05,0.06071316360478618,0.02183801669083685
22.053199999999997,2.2053199999999997e-05,0.03601086377118368,0.021176179570678504
22.054000000000002,2.2054000000000003e-05,0.04477542739121565,0.020484800979726388
22.054799999999993,2.205479999999999e-05,-0.04162474686626827,0.01976177009914837
22.0556,2.2055599999999996e-05,0.03508428648620765,0.019005305305043897
22.056399999999996,2.2056399999999994e-05,0.001234800983089368,0.018213967538820208
22.0572,2.20572e-05,-0.012758617225970492,0.01738667040110061
22.057999999999993,2.205799999999999e-05,0.032275427391215694,0.016522687108004256
22.058799999999998,2.2058799999999996e-05,0.03156597793531035,0.015621654289191305
22.059599999999996,2.2059599999999995e-05,0.051839279727361465,0.01468357245698857
22.0604,2.20604e-05,0.020376501444020256,0.013708802880284239
22.0612,2.2061199999999998e-05,0.03377035828606023,0.012698060594550071
22.061999999999998,2.2061999999999996e-05,0.011188273263018744,0.011652403370196988
22.062800000000003,2.20628e-05,-0.02347922561054039,0.0105732165953226
22.0636,2.20636e-05,0.07718293978243695,0.009462194141965299
22.0644,2.20644e-05,5.02418689914963e-05,0.008321315342484667
22.065199999999997,2.2065199999999997e-05,0.042507118840318325,0.0071528182229818665
22.066000000000003,2.2066000000000002e-05,0.008087955553071402,0.005959169180181594
22.0668,2.20668e-05,0.010764608702048983,0.00474302938164659
22.0676,2.20676e-05,0.022909789718379092,0.00350721829417057
22.068399999999997,2.2068399999999997e-05,0.010331297898199532,0.002254674858554677
22.069200000000002,2.2069200000000002e-05,0.04162650144402025,0.000988416915595818
22.07,2.207e-05,-0.020946505167574236,-0.0002885004348838347
22.0708,2.20708e-05,0.023797405008976757,-0.0015730267711724425
22.071599999999997,2.2071599999999997e-05,-0.020547995323808355,-0.002862157713394813
22.072400000000002,2.2072400000000002e-05,-0.015616840901107931,-0.004152974763751337
22.073199999999993,2.207319999999999e-05,-0.037959668749354414,-0.005442682641629145
22.073999999999998,2.2073999999999996e-05,-0.06884936455706969,-0.006728643169728223
22.074799999999996,2.2074799999999994e-05,-0.0046736194789526175,-0.00800840489355382
22.0756,2.20756e-05,0.015727727224818078,-0.009279727842186001
22.076399999999992,2.207639999999999e-05,-0.010664881306933438,-0.010540603128653427
22.077199999999998,2.2077199999999996e-05,-0.026180277133824315,-0.011789267353098086
22.077999999999996,2.2077999999999994e-05,-0.037624330762838776,-0.013024211933582813
22.0788,2.20788e-05,-0.010603601455366096,-0.014244187562715041
22.079599999999992,2.207959999999999e-05,0.013942850400742945,-0.015448204053998304
22.080399999999997,2.2080399999999996e-05,0.01755648342043381,-0.01663552594048796
22.081200000000003,2.20812e-05,-0.04222506457624542,-0.017805664275203633
22.082,2.2082e-05,-0.05175695281225268,-0.01895836509638449
22.0828,2.2082799999999998e-05,0.0050710470404656816,-0.020093594974225054
22.083599999999997,2.2083599999999996e-05,-0.01789422786342243,-0.02121152403174545
22.084400000000002,2.20844e-05,0.007585042829065025,-0.02231250687976667
22.0852,2.20852e-05,-0.0421777805132475,-0.02339706197950434
22.086,2.2085999999999998e-05,-0.015409547826381709,-0.024465849975128448
22.086799999999997,2.2086799999999997e-05,0.020420948646973525,-0.025519651513935107
22.087600000000002,2.2087600000000002e-05,-0.017706415785850305,-0.02655934502978882
22.0884,2.20884e-05,-0.06380340466839163,-0.027585884916529232
22.089199999999998,2.20892e-05,0.01658886362393197,-0.028600280446105384
22.089999999999996,2.2089999999999997e-05,-0.0042117492665019185,-0.02960357570410921
22.0908,2.2090800000000002e-05,-0.0062992436340968405,-0.030596830752691463
22.0916,2.2091599999999997e-05,-0.012551324151244159,-0.031581104169308365
22.092399999999998,2.2092399999999995e-05,-0.0966483888977171,-0.032557437002890016
22.093199999999996,2.2093199999999994e-05,-0.04185152093824862,-0.03352683805060348
22.094,2.2094e-05,-0.018158639755491146,-0.034490270275135494
22.0948,2.2094799999999997e-05,-0.02033370435471249,-0.03544863822331612
22.095599999999997,2.2095599999999996e-05,-0.04914214734627498,-0.036402776440491086
22.096399999999996,2.2096399999999994e-05,-0.005282259257489597,-0.03735343899950946
22.0972,2.20972e-05,-0.04563348503828735,-0.0383012903137795
22.097999999999992,2.209799999999999e-05,-0.022719655231662084,-0.03924689739410549
22.098799999999997,2.2098799999999996e-05,-0.007309230116404386,-0.04019072367459934
22.099600000000002,2.20996e-05,-0.051530178740372024,-0.0411331244853946
22.1004,2.21004e-05,-0.044300075840955744,-0.042074344185532436
22.1012,2.2101199999999998e-05,-0.0453942278634224,-0.04301451489505553
22.101999999999997,2.2101999999999996e-05,-0.029710500956213526,-0.04395365670890297
22.102800000000002,2.21028e-05,-0.04478275122488051,-0.04489167926215912
22.1036,2.21036e-05,-0.01364131513941591,-0.045828384536078
22.1044,2.2104399999999998e-05,-0.05747415650535492,-0.04676347080902338
22.105199999999996,2.2105199999999996e-05,-0.06039082317205491,-0.047696537640401014
22.106,2.2106e-05,-0.03892728854578631,-0.048627091738454815
22.1068,2.21068e-05,-0.053063315286667634,-0.049554553539556664
22.107599999999998,2.2107599999999998e-05,-0.05343402206468961,-0.0504782643435927
22.108399999999996,2.2108399999999997e-05,-0.06033313652331973,-0.05139749389958273
22.1092,2.2109200000000002e-05,-0.06005548518553916,-0.052311448395626736
22.11,2.211e-05,-0.05700453205570721,-0.05321927887333415
22.110799999999998,2.2110799999999995e-05,-0.008490384539104778,-0.05412009016630829
22.111599999999996,2.2111599999999993e-05,-0.049619337521685014,-0.05501295054340215
22.1124,2.21124e-05,-0.02007364200847317,-0.05589690228081388
22.1132,2.2113199999999997e-05,-0.05900029515738092,-0.0567709733540414
22.113999999999997,2.2113999999999995e-05,-0.02067868858410793,-0.0576341903317932
22.114799999999995,2.2114799999999994e-05,-0.06646208950589982,-0.05848559240816374
22.1156,2.21156e-05,-0.03819476488982476,-0.05932424636632791
22.1164,2.2116399999999997e-05,-0.06747415650535493,-0.06014926214480333
22.117199999999997,2.2117199999999996e-05,-0.06633952980272517,-0.06095980858323051
22.117999999999995,2.2117999999999994e-05,-0.05979258597922499,-0.061755128867092765
22.1188,2.21188e-05,-0.06317320337552312,-0.06253455517675631
22.1196,2.2119599999999997e-05,-0.07806180260101292,-0.06329752207288393
22.120399999999997,2.2120399999999996e-05,-0.062486639608239525,-0.06404357820462042
22.1212,2.21212e-05,-0.063082796283922,-0.0647723959966358
22.122,2.2122e-05,-0.02929591480666094,-0.06548377904916192
22.122799999999998,2.2122799999999998e-05,-0.06820308695841448,-0.06617766705533684
22.123599999999996,2.2123599999999996e-05,-0.09758952980272517,-0.06685413807348317
22.1244,2.21244e-05,-0.09721466199050832,-0.06751340798195364
22.1252,2.21252e-05,-0.06531630387470566,-0.06815582693960366
22.125999999999998,2.2125999999999998e-05,-0.06368519451094656,-0.06878187274393012
22.126799999999996,2.2126799999999996e-05,-0.057107610761627736,-0.06939214113020732
22.1276,2.21276e-05,-0.06608911369929571,-0.06998733322115565
22.1284,2.21284e-05,-0.06432579838955221,-0.07056824044504822
22.129199999999997,2.2129199999999995e-05,-0.0718167199781351,-0.07113572727557135
22.129999999999995,2.2129999999999993e-05,-0.11147173574880953,-0.07169071214321229
22.1308,2.2130799999999998e-05,-0.06544926616361746,-0.07223414687127902
22.1316,2.2131599999999997e-05,-0.03275369984884824,-0.0727669950355074
22.132399999999997,2.2132399999999995e-05,-0.07350494815913666,-0.07329020973674177
22.133199999999995,2.2133199999999993e-05,-0.05833321238735145,-0.07380471136204754
22.134,2.2134e-05,-0.042952670854985,-0.07431136592832403
22.1348,2.2134799999999997e-05,-0.07146133316307246,-0.07481096454231773
22.135599999999997,2.2135599999999995e-05,-0.10343118520471484,-0.07530420440883662
22.136399999999995,2.2136399999999994e-05,-0.09382496618269331,-0.07579167171755896
22.1372,2.21372e-05,-0.03053683639524385,-0.07627382667989645
22.138000000000005,2.2138000000000004e-05,-0.07285602221194143,-0.07675099100136731
22.138799999999996,2.2138799999999995e-05,-0.04650445619167576,-0.07722333813409113
22.1396,2.21396e-05,-0.05043318985783074,-0.07769088667834201
22.1404,2.21404e-05,-0.05879092156550714,-0.07815349723861532
22.141199999999998,2.2141199999999997e-05,-0.09205540932150746,-0.07861087290196651
22.141999999999996,2.2141999999999996e-05,-0.06892237116866406,-0.07906256334146865
22.1428,2.21428e-05,-0.035769284187173955,-0.07950797240278608
22.1436,2.21436e-05,-0.08421174926650188,-0.0799463689334069
22.144399999999997,2.2144399999999998e-05,-0.10502068422542554,-0.08037690054631955
22.145199999999996,2.2145199999999996e-05,-0.07267993689442653,-0.08079860994245458
22.146,2.2146e-05,-0.07837557907312709,-0.08121045336096455
22.1468,2.21468e-05,-0.04098830402195741,-0.0816113207213722
22.147599999999997,2.2147599999999994e-05,-0.0936649571709649,-0.08200005705786254
22.148399999999995,2.2148399999999993e-05,-0.05132704669984067,-0.08237548486412727
22.1492,2.2149199999999998e-05,-0.06607038904496898,-0.08273642692795322
22.15,2.2149999999999996e-05,-0.09042694830638842,-0.0830817291510388
22.150799999999997,2.2150799999999995e-05,-0.12861351207367205,-0.08341028275452272
22.151599999999995,2.2151599999999993e-05,-0.09172631288653388,-0.08372104520015866
22.1524,2.2152399999999998e-05,-0.09173406712363097,-0.0840130591585541
22.1532,2.2153199999999997e-05,-0.07539990158347198,-0.08428546896127177
22.153999999999996,2.2153999999999995e-05,-0.11149046040313626,-0.08453753415210707
22.154799999999994,2.2154799999999993e-05,-0.11536226376338365,-0.08476863993434361
22.1556,2.21556e-05,-0.07614055879658854,-0.08497830446317288
22.156399999999998,2.2156399999999997e-05,-0.07270301109448274,-0.08516618308098667
22.157199999999996,2.2157199999999995e-05,-0.07645509161163011,-0.08533206975628668
22.158,2.2158e-05,-0.06455465297868013,-0.0854758961295111
22.1588,2.21588e-05,-0.06496715861108526,-0.08559772863997048
22.159600000000005,2.2159600000000004e-05,-0.041018187604848655,-0.08569776419350518
22.160399999999996,2.2160399999999995e-05,-0.10179232160375873,-0.0857763247478055
22.1612,2.21612e-05,-0.12270433526870284,-0.0858338510637069
22.162,2.2162e-05,-0.06669359244356787,-0.08587089573594517
22.162799999999997,2.2162799999999997e-05,-0.07208321238735138,-0.08588811554101836
22.163599999999995,2.2163599999999996e-05,-0.057427440273849495,-0.08588626315646374
22.1644,2.21644e-05,-0.1056210019354028,-0.08586617836481929
22.1652,2.21652e-05,-0.0868577624896909,-0.08582877887692103
22.165999999999997,2.2165999999999997e-05,-0.04019052799159828,-0.08577505087807177
22.166799999999995,2.2166799999999992e-05,-0.11206581190724463,-0.08570603936215532
22.1676,2.2167599999999998e-05,-0.08746923912823268,-0.08562283829822656
22.1684,2.2168399999999996e-05,-0.07789838889771705,-0.08552658065975588
22.169199999999996,2.2169199999999994e-05,-0.08327893043008361,-0.08541842833986119
22.169999999999995,2.2169999999999993e-05,-0.05480090804781468,-0.08529956199361308
22.1708,2.2170799999999998e-05,-0.08708661707871879,-0.08517117087889822
22.171599999999998,2.2171599999999996e-05,-0.05130056780841685,-0.08503444277208425
22.172399999999996,2.2172399999999995e-05,-0.11773138199161937,-0.08489055399389733
22.173199999999994,2.2173199999999993e-05,-0.055875579073127124,-0.08474065951057284
22.174,2.2173999999999998e-05,-0.09420059033783745,-0.08458588301058395
22.174799999999998,2.2174799999999996e-05,-0.11093194154754238,-0.0844273068260978
22.175599999999996,2.2175599999999995e-05,-0.09853350756780799,-0.08426596157871391
22.1764,2.21764e-05,-0.0751897716486708,-0.08410281548301766
22.1772,2.21772e-05,-0.06382288566554573,-0.08393876334306348
22.178000000000004,2.2178000000000003e-05,-0.051247798536803946,-0.08377461540382827
22.178799999999995,2.2178799999999995e-05,-0.11986975362511443,-0.0836110863123086
22.1796,2.21796e-05,-0.06585817859312038,-0.08344878445711662
22.1804,2.21804e-05,-0.08405249659750114,-0.08328820191516781
22.181200000000004,2.2181200000000004e-05,-0.07233362849078084,-0.08312970520320251
22.181999999999995,2.2181999999999995e-05,-0.05803683639524382,-0.08297352703875122
22.1828,2.21828e-05,-0.0501126040027815,-0.08281975932964361
22.1836,2.21836e-05,-0.1002794223974447,-0.08266834758875205
22.184400000000004,2.2184400000000004e-05,-0.08334777600738341,-0.08251908689605235
22.185199999999995,2.2185199999999992e-05,-0.09539763255488987,-0.08237161943140257
22.186,2.2185999999999997e-05,-0.10249288115968169,-0.08222543353629616
22.186799999999998,2.2186799999999996e-05,-0.07266612961722196,-0.0820798642752275
22.187599999999996,2.2187599999999994e-05,-0.059537252498673254,-0.08193409555301534
22.188399999999994,2.2188399999999992e-05,-0.05285318535196659,-0.08178716395699562
22.1892,2.2189199999999998e-05,-0.05573297054140558,-0.0816379645690892
22.189999999999998,2.2189999999999996e-05,-0.06746091705964297,-0.08148525898201875
22.190799999999996,2.2190799999999994e-05,-0.05088749434461903,-0.08132768564877638
22.191599999999994,2.2191599999999993e-05,-0.09961233962741523,-0.08116377253141524
22.1924,2.2192399999999998e-05,-0.06050071126081025,-0.0809919518450509
22.193199999999997,2.2193199999999996e-05,-0.07270925264592498,-0.08081057655455322
22.193999999999996,2.2193999999999995e-05,-0.10853766860210279,-0.08061793819318819
22.1948,2.21948e-05,-0.08154549870323147,-0.08041228553308707
22.1956,2.2195599999999998e-05,-0.10149121674596373,-0.0801918436422821
22.196400000000004,2.2196400000000003e-05,-0.06090205796465098,-0.07995483291841565
22.197199999999995,2.2197199999999995e-05,-0.0494148813069335,-0.07969948779149978
22.198,2.2198e-05,-0.06466662158468306,-0.07942407489635903
22.1988,2.2198799999999998e-05,-0.0813514450742171,-0.07912691056882029
22.199600000000004,2.2199600000000003e-05,-0.09819684540697204,-0.07880637749051428
22.200399999999995,2.2200399999999995e-05,-0.08093402206468969,-0.07846094023289554
22.2012,2.22012e-05,-0.08066204444695857,-0.07808915940576441
22.201999999999998,2.2202e-05,-0.05797423236938648,-0.07768970414268889
22.202800000000003,2.2202800000000004e-05,-0.10736767310796702,-0.07726136273544969
22.203599999999994,2.2203599999999992e-05,-0.06423406712363089,-0.07680305131341257
22.2044,2.2204399999999997e-05,-0.05849530191622698,-0.076313820528363
22.205199999999998,2.2205199999999995e-05,-0.06423255443797615,-0.07579286025809912
22.206000000000003,2.2206e-05,-0.07942112285837566,-0.07523950238169631
22.206799999999994,2.2206799999999992e-05,-0.09811476038396061,-0.07465322168824032
22.2076,2.2207599999999997e-05,-0.08868519451094659,-0.07403363496680715
22.208399999999997,2.2208399999999996e-05,-0.08855923011640443,-0.07338049833704205
22.209199999999996,2.2209199999999994e-05,-0.013258881601436845,-0.07269370295846636
22.209999999999994,2.2209999999999992e-05,-0.043570389044969016,-0.07197326938366183
22.2108,2.2210799999999997e-05,-0.06607663059641122,-0.07121934091551563
22.211599999999997,2.2211599999999996e-05,-0.062135413827471564,-0.07043217631326668
22.212399999999995,2.2212399999999994e-05,-0.07476686343062855,-0.06961214206687927
22.2132,2.22132e-05,-0.06453800884150074,-0.06875970430624732
22.214,2.2213999999999998e-05,-0.09868992337673399,-0.06787542031288411
22.214800000000004,2.2214800000000003e-05,-0.07815788341266372,-0.0669599295826474
22.215599999999995,2.2215599999999994e-05,-0.034456680161316644,-0.06601394443888035
22.2164,2.22164e-05,-0.04864207148234334,-0.06503824029583763
22.2172,2.2217199999999998e-05,-0.03968194154754234,-0.06403364577721887
22.218000000000004,2.2218000000000003e-05,-0.08621016071671561,-0.06300103294056192
22.218799999999995,2.2218799999999995e-05,-0.049781427050660576,-0.0619413078206863
22.2196,2.22196e-05,-0.05029757922037892,-0.06085540142955059
22.220399999999998,2.2220399999999998e-05,-0.08407462594329529,-0.05974426130022596
22.221200000000003,2.2221200000000003e-05,-0.03810643831537086,-0.05860884366009402
22.221999999999994,2.222199999999999e-05,-0.031128832036531495,-0.05745010634394319
22.2228,2.22228e-05,-0.06226062187918624,-0.05626900258686473
22.223599999999998,2.2223599999999995e-05,-0.05464373589606131,-0.0550664758467672
22.224400000000003,2.22244e-05,-0.06374288115968163,-0.053843455784440775
22.225199999999994,2.2225199999999992e-05,-0.02949829050426489,-0.05260085549636584
22.226,2.2225999999999997e-05,0.00673638953284561,-0.05133957008507233
22.226799999999997,2.2226799999999995e-05,-0.015875011241734516,-0.05006047665170039
22.227600000000002,2.22276e-05,-0.06828725249867329,-0.04876443574197997
22.228399999999993,2.2228399999999992e-05,-0.0759410199589593,-0.04745229412838443
22.2292,2.2229199999999997e-05,-0.05382572252562068,-0.04612488861993994
22.229999999999997,2.2229999999999996e-05,-0.01935568197254356,-0.04478305047303271
22.230799999999995,2.2230799999999994e-05,-0.055771932535714,-0.04342760999342209
22.2316,2.22316e-05,-0.024608178593120367,-0.04205940101909416
22.2324,2.2232399999999997e-05,-0.04096050095621351,-0.04067926506148858
22.233200000000004,2.2233200000000003e-05,-0.05383612511135771,-0.0392880549199384
22.233999999999995,2.2233999999999994e-05,-0.0672785901905858,-0.03788663759471508
22.2348,2.22348e-05,-0.006440527991598333,-0.036475896349777215
22.235599999999998,2.2235599999999998e-05,0.0271572172338006,-0.035056731841956235
22.236400000000003,2.2236400000000003e-05,-0.012093614973088473,-0.03363006231329205
22.237199999999994,2.2237199999999994e-05,-0.05936816507542808,-0.03219682285807901
22.238,2.2238e-05,-0.038804161011219085,-0.03075796367331582
22.238799999999998,2.2238799999999998e-05,-0.036632501103465165,-0.02931444703998678
22.239600000000003,2.2239600000000003e-05,-0.03000895746546839,-0.027867242685732724
22.240399999999994,2.2240399999999995e-05,-0.008164881306933491,-0.026417321202989424
22.2412,2.22412e-05,-0.06114888086517822,-0.02496564529301291
22.241999999999997,2.2241999999999995e-05,-0.05306747632096254,-0.023513158706645804
22.242800000000003,2.22428e-05,-0.037354433662255104,-0.022060772845905206
22.243599999999994,2.224359999999999e-05,-0.05342569999609992,-0.020609351118717444
22.2444,2.2244399999999997e-05,0.020969064916800506,-0.019159691335263077
22.245199999999997,2.2245199999999995e-05,-0.004766863430628598,-0.01771250667221015
22.246000000000002,2.2246e-05,0.03495340471447328,-0.016268405934612262
22.246799999999993,2.2246799999999992e-05,-0.04338749434461908,-0.0148278739386665
22.2476,2.2247599999999997e-05,-0.007701498408728025,-0.013391252800003896
22.248399999999997,2.2248399999999995e-05,-0.00028850080893172425,-0.011958724797266446
22.249200000000002,2.22492e-05,0.004337955553071482,-0.010530297379816384
22.25,2.225e-05,0.015729051399108185,-0.00910579084442822
22.250799999999998,2.2250799999999997e-05,0.031228559431677128,-0.007684829185057767
22.251600000000003,2.2251600000000002e-05,0.01379040711467705,-0.006266834563284892
22.2524,2.22524e-05,0.010962823365358254,-0.004851025725257071
22.2532,2.22532e-05,0.018693758471603594,-0.00343642051324455
22.253999999999998,2.2253999999999997e-05,-0.042776774048904787,-0.002021842422096483
22.254800000000003,2.2254800000000002e-05,0.023268769736343953,-0.0006059309803718533
22.255599999999994,2.2255599999999994e-05,-0.0024977985368039857,0.0008128443665390422
22.2564,2.22564e-05,0.011217400503082509,0.0022361672160056655
22.257199999999997,2.2257199999999998e-05,0.018078120798766917,0.0036658543261016046
22.258000000000003,2.2258000000000003e-05,-0.02044775347786254,0.005103833176400223
22.258799999999994,2.2258799999999994e-05,0.0024528368830505354,0.006552117245335828
22.2596,2.22596e-05,0.03320408519333906,0.0080127792682388
22.260399999999997,2.2260399999999994e-05,0.0012890829403869875,0.009487922704786276
22.261200000000002,2.2261200000000003e-05,0.04532013896960507,0.010979651589937906
22.261999999999993,2.226199999999999e-05,0.0159690649168005,0.01249003890660611
22.2628,2.2262799999999996e-05,0.05770041612647536,0.014021093631703042
22.263599999999997,2.2263599999999995e-05,0.02984086827707777,0.0155747266734597
22.264400000000002,2.22644e-05,0.014465244121933507,0.017152716029598516
22.265199999999993,2.226519999999999e-05,0.009555651213574712,0.018756671638715795
22.266,2.2265999999999997e-05,0.01717877874814222,0.020388000534746424
22.266799999999996,2.2266799999999995e-05,-0.011857762489660972,0.022047872995406934
22.2676,2.22676e-05,0.05319292626474459,0.023737190369225267
22.2684,2.22684e-05,0.049456922053343844,0.02545655518470769
22.269199999999998,2.2269199999999997e-05,0.03500352563744613,0.02720624404018411
22.270000000000003,2.2270000000000002e-05,0.0168218792473247,0.028986183708544687
22.2708,2.22708e-05,0.03079033125067554,0.03079593089863758
22.2716,2.22716e-05,0.018257042976316695,0.0326346561588216
22.272399999999998,2.2272399999999997e-05,0.03507804493476541,0.03450113242187342
22.273200000000003,2.2273200000000002e-05,0.03754191980040178,0.03639372864384264
22.274,2.2274e-05,0.024362353927417812,0.038310408900933596
22.2748,2.22748e-05,0.02862075186000912,0.04024873720892266
22.275599999999997,2.2275599999999997e-05,0.0016215840668680759,0.04220588823003459
22.276400000000002,2.2276400000000002e-05,0.028837123346212468,0.044178663916027525
22.277199999999993,2.2277199999999994e-05,0.06346433605108304,0.04616351597628817
22.278,2.2278e-05,0.07049603577571528,0.048156573854054266
22.278799999999997,2.2278799999999998e-05,0.07854490838839978,0.05015367769123289
22.279600000000002,2.2279600000000003e-05,0.09303707828724117,0.05215041564029638
22.280399999999993,2.228039999999999e-05,0.014282349421523621,0.05414216488752183
22.2812,2.2281199999999996e-05,0.025964147539648263,0.05612413586073018
22.281999999999996,2.2281999999999994e-05,0.07565680113037099,0.05809141921748935
22.2828,2.22828e-05,0.018135239616039467,0.06003903524629766
22.283599999999993,2.228359999999999e-05,0.03385168696624441,0.061961985225456234
22.284399999999998,2.2284399999999996e-05,0.08764197313491273,0.06385530411096017
22.285199999999996,2.2285199999999995e-05,0.13441644737325087,0.065714113723272
22.286,2.2286e-05,0.10636284589484879,0.06753367542863219
22.2868,2.2286799999999998e-05,0.0705879555530714,0.06930944124524516
22.287599999999998,2.2287599999999996e-05,0.06344617922817886,0.07103710241059369
22.288400000000003,2.22884e-05,0.07385792851768669,0.07271263467477024
22.2892,2.22892e-05,0.10234635348566268,0.07433233980157547
22.29,2.229e-05,0.13143925719787075,0.07589288287704962
22.290799999999997,2.2290799999999997e-05,0.0584851412225571,0.07739132507664172
22.291600000000003,2.2291600000000002e-05,0.09052043415006183,0.07882515161597806
22.2924,2.22924e-05,0.08056147666158764,0.08019229474025429
22.2932,2.22932e-05,0.0849110380286674,0.0814911517437999
22.293999999999997,2.2293999999999997e-05,0.09829033125067888,0.08272059809400031
22.294800000000002,2.2294800000000002e-05,0.08462374044800713,0.08387999575957852
22.2956,2.22956e-05,0.08291205874696117,0.08496919684901304
22.2964,2.22964e-05,0.12540487234122366,0.08598854267631638
22.297199999999997,2.2297199999999997e-05,0.0840568995238632,0.0869388583924107
22.298000000000002,2.2298000000000002e-05,0.06774978070658078,0.08782144335322242
22.298799999999993,2.229879999999999e-05,0.11880705125185653,0.08863805744266445
22.299599999999998,2.2299599999999996e-05,0.1062487967717286,0.08939090361440326
22.300399999999996,2.2300399999999994e-05,0.10047106956994933,0.09008260694319471
22.3012,2.23012e-05,0.061444930917890384,0.09071619049948872
22.301999999999992,2.230199999999999e-05,0.08436783913599966,0.0912950484017335
22.302799999999998,2.2302799999999996e-05,0.07234502931137266,0.09182291643356823
22.303599999999996,2.2303599999999994e-05,0.11017544992070627,0.09230384058384553
22.3044,2.23044e-05,0.13993335588586642,0.09274214376602595
22.305199999999992,2.230519999999999e-05,0.08981438938559094,0.09314239085797933
22.305999999999997,2.2305999999999996e-05,0.129266273115767,0.09350935215364983
22.306800000000003,2.23068e-05,0.08531389741816298,0.09384796537094853
22.3076,2.23076e-05,0.07562200017029752,0.0941632964824017
22.3084,2.2308399999999998e-05,0.0734635797082156,0.09446049975474077
22.309199999999997,2.2309199999999996e-05,0.08283678310678455,0.09474477743645995
22.310000000000002,2.231e-05,0.14920499326419956,0.09502133948853425
22.3108,2.23108e-05,0.09735127086281825,0.09529536363864366
22.3116,2.2311599999999998e-05,0.10283470258963712,0.09557195593316774
22.312399999999997,2.2312399999999997e-05,0.07582172751932459,0.09585611193672966
22.313200000000002,2.2313200000000002e-05,0.11465021933950093,0.09615267877976265
22.314,2.2314e-05,0.08627868035465291,0.09646631830827986
22.314799999999998,2.23148e-05,0.1400780449347654,0.09680147159585588
22.315599999999996,2.2315599999999997e-05,0.11446032674478135,0.09716232505374549
22.3164,2.2316400000000002e-05,0.08367219695726191,0.09755277837407939
22.3172,2.2317199999999997e-05,0.07447772722481805,0.09797641459223817
22.317999999999998,2.2317999999999995e-05,0.09370775426020583,0.09843647262875262
22.318799999999996,2.2318799999999994e-05,0.0977276513608265,0.09893582269929314
22.3196,2.23196e-05,0.06629400031754917,0.09947694492032844
22.3204,2.2320399999999997e-05,0.13524845653230078,0.10006191130920122
22.321199999999997,2.2321199999999996e-05,0.14355398679985687,0.1006923712334021
22.321999999999996,2.2321999999999994e-05,0.0997657811483359,0.10136954025363162
22.3228,2.23228e-05,0.06942287743612785,0.10209419227205692
22.323599999999992,2.232359999999999e-05,0.12423847004999311,0.10286665494826379
22.324399999999997,2.2324399999999996e-05,0.07599838066829911,0.10368680841700338
22.325200000000002,2.23252e-05,0.10110410772282963,0.10455408735224236
22.326,2.2326e-05,0.14599762432544183,0.10546748635501023
22.3268,2.2326799999999998e-05,0.08978318162837962,0.10642556854350589
22.327599999999997,2.2327599999999996e-05,0.1370153650449064,0.10742647714587629
22.328400000000002,2.23284e-05,0.0901518078892205,0.10846794986941904
22.3292,2.23292e-05,0.11634468907194473,0.1095473358388314
22.33,2.2329999999999998e-05,0.10718502029958432,0.11066161492421342
22.330799999999996,2.2330799999999996e-05,0.11258012545191276,0.11180741928327532
22.3316,2.23316e-05,0.09822280984766585,0.11298105691381945
22.3324,2.23324e-05,0.14306015248729753,0.11417853696236092
22.333199999999998,2.2333199999999998e-05,0.17127168246035018,0.1153955964785948
22.333999999999996,2.2333999999999997e-05,0.14557604028161952,0.11662772827332686
22.3348,2.2334800000000002e-05,0.07669326650417252,0.11787020957872545
22.3356,2.23356e-05,0.1267078301242045,0.11911813134556944
22.336399999999998,2.2336399999999995e-05,0.11454449228497021,0.12036642817943088
22.337199999999996,2.2337199999999993e-05,0.14473514122255715,0.12160990901262987
22.338,2.2338e-05,0.13113474764860844,0.1228432885993135
22.3388,2.2338799999999997e-05,0.08324512770486481,0.12406121986919183
22.339599999999997,2.2339599999999995e-05,0.15959253269079576,0.1252583271435944
22.340399999999995,2.2340399999999994e-05,0.09087657730801879,0.1264292401999466
22.3412,2.23412e-05,0.15218085926528957,0.12756862912981903
22.342,2.2341999999999997e-05,0.1534371008167318,0.12867123986513798
22.342799999999997,2.2342799999999996e-05,0.11611375396569945,0.1297319301784506
22.343599999999995,2.2343599999999994e-05,0.16271441191507452,0.1307457059310601
22.3444,2.23444e-05,0.12070616571048653,0.13170775735825316
22.3452,2.2345199999999997e-05,0.06676910997577168,0.1326134952230326
22.345999999999997,2.2345999999999996e-05,0.1627435391551385,0.13345858669423252
22.3468,2.23468e-05,0.12481438938559386,0.13423899076274537
22.3476,2.23476e-05,0.11870907843449285,0.13495099288458418
22.348399999999998,2.2348399999999998e-05,0.1074723178802347,0.13559123837313608
22.349199999999996,2.2349199999999996e-05,0.15551003156432464,0.13615676390850456
22.35,2.235e-05,0.18910910096401357,0.1366450263961363
22.3508,2.23508e-05,0.1993956422017764,0.137053928289842
22.351599999999998,2.2351599999999998e-05,0.17010584800053918,0.13738183845531557
22.352399999999996,2.2352399999999996e-05,0.17981514572845136,0.13762760776929706
22.3532,2.23532e-05,0.12189356168462917,0.13779057893166816
22.354,2.2354e-05,0.16034794203537894,0.1378705903242588
22.354799999999997,2.2354799999999995e-05,0.12092329353955722,0.13786797406686063
22.355599999999995,2.2355599999999993e-05,0.11705716389928966,0.13778354862758277
22.3564,2.2356399999999998e-05,0.15371323946878768,0.13761860642984228
22.3572,2.2357199999999997e-05,0.10698680563627516,0.13737489688488216
22.357999999999997,2.2357999999999995e-05,0.16387324848058593,0.1370546052011273
22.358799999999995,2.2358799999999993e-05,0.15801211208147226,0.1366603272195773
22.3596,2.23596e-05,0.19291262657838382,0.13619504044109296
22.3604,2.2360399999999997e-05,0.11762060013200604,0.1356620713917021
22.361199999999997,2.2361199999999995e-05,0.1457137314362188,0.13506505954598305
22.361999999999995,2.2361999999999994e-05,0.13582229535075407,0.13440791817493608
22.3628,2.23628e-05,0.13312824172173987,0.1336947926299447
22.363600000000005,2.2363600000000004e-05,0.1597691858397734,0.132930016657325
22.364399999999996,2.2364399999999995e-05,0.13625087728887608,0.13211806736168885
22.3652,2.23652e-05,0.1152902553866838,0.13126351944440287
22.366,2.2366e-05,0.1281498032360714,0.13037099936372773
22.366799999999998,2.2366799999999997e-05,0.113752201463166,0.12944514008170754
22.367599999999996,2.2367599999999996e-05,0.13158262207248983,0.12849053704353758
22.3684,2.23684e-05,0.15871948102022992,0.12751170596359496
22.3692,2.23692e-05,0.148100438655956,0.12651304289779436
22.369999999999997,2.2369999999999998e-05,0.08993619274587117,0.12549878701787417
22.370799999999996,2.2370799999999996e-05,0.10072072933051845,0.12447298650022012
22.3716,2.23716e-05,0.07622855943167706,0.12343946796367261
22.3724,2.23724e-05,0.15190680113037103,0.12240180984988341
22.373199999999997,2.2373199999999994e-05,0.1076879330235877,0.12136331998351177
22.373999999999995,2.2373999999999993e-05,0.10889689051206497,0.12032701732085091
22.3748,2.2374799999999998e-05,0.15238815234004577,0.1192956176864441
22.3756,2.2375599999999996e-05,0.13767961095500103,0.11827152316058717
22.376399999999997,2.2376399999999995e-05,0.14131480548902342,0.11725681471695813
22.377199999999995,2.2377199999999993e-05,0.10712241627372698,0.11625324771537641
22.378,2.2377999999999998e-05,0.1192906714901133,0.11526224992644916
22.3788,2.2378799999999997e-05,0.15166886812982605,0.11428492186712794
22.379599999999996,2.2379599999999995e-05,0.10932679662447686,0.11332203931031341
22.380399999999995,2.2380399999999993e-05,0.0783126491078745,0.11237405788642237
22.3812,2.23812e-05,0.09891221047495724,0.11144111973521029
22.381999999999998,2.2381999999999997e-05,0.15058719921021402,0.11052306217746946
22.382799999999996,2.2382799999999995e-05,0.16383712334621248,0.1096194283282496
22.3836,2.23836e-05,0.11697640305053814,0.10872947949996356
22.3844,2.23844e-05,0.07987075186000903,0.10785220924182683
22.385200000000005,2.2385200000000004e-05,0.07608462672563554,0.10698635897234503
22.385999999999996,2.2385999999999995e-05,0.09344750340246888,0.10613043529695537
22.3868,2.23868e-05,0.1374562415744881,0.10528272913487084
22.3876,2.23876e-05,0.11047939163853604,0.10444133667502067
22.388399999999997,2.2388399999999997e-05,0.07326952607920112,0.10360418202668623
22.389199999999995,2.2389199999999996e-05,0.1542265547785312,0.10276904132600147
22.39,2.239e-05,0.11866936009725704,0.10193356802641212
22.3908,2.23908e-05,0.08154366007811131,0.10109531910890787
22.391599999999997,2.2391599999999998e-05,0.08790222399264958,0.1002517819827982
22.392399999999995,2.2392399999999992e-05,0.08338773623661633,0.09940040189910626
22.3932,2.2393199999999998e-05,0.13411042513826366,0.09853860971825482
22.394,2.2393999999999996e-05,0.09890388840636766,0.09766384982406921
22.394799999999996,2.2394799999999994e-05,0.10208969583079097,0.09677360789204677
22.395599999999995,2.2395599999999993e-05,0.13075553029060194,0.09586543817098278
22.3964,2.2396399999999998e-05,0.11756612966330648,0.09493698995273421
22.397199999999998,2.2397199999999996e-05,0.06483462672563545,0.09398603297045754
22.397999999999996,2.2397999999999995e-05,0.08583629113935642,0.09301048155811775
22.398799999999994,2.2398799999999993e-05,0.10944008940473271,0.09200841748945975
22.3996,2.2399599999999998e-05,0.12261625058627634,0.09097811144767799
22.400399999999998,2.2400399999999996e-05,0.0509968679825743,0.0899180430524722
22.401199999999996,2.2401199999999995e-05,0.05354282787125231,0.08882691933724841
22.402,2.2402e-05,0.09365479647722519,0.08770369154767273
22.4028,2.24028e-05,0.08766353464924437,0.08654757007486452
22.403600000000004,2.2403600000000003e-05,0.100132326892033,0.08535803720312954
22.404399999999995,2.2404399999999995e-05,0.1215839462467797,0.08413485718967931
22.4052,2.24052e-05,0.09989855492578292,0.08287808308945255
22.406,2.2406e-05,0.09185819289312291,0.08158805973845726
22.406800000000004,2.2406800000000004e-05,0.11125919935746575,0.08026542240305337
22.407599999999995,2.2407599999999995e-05,0.11575477394773759,0.07891109074956165
22.4084,2.24084e-05,0.10656162838958072,0.07752625795346561
22.4092,2.24092e-05,0.08503416556323484,0.07611237494629261
22.410000000000004,2.2410000000000004e-05,0.07560535603311813,0.07467113000114675
22.410799999999995,2.2410799999999992e-05,0.06449928873915978,0.07320442406687892
22.4116,2.2411599999999997e-05,0.09529290373525401,0.07171434242762009
22.412399999999998,2.2412399999999996e-05,0.09189488585891925,0.07020312335560512
22.413199999999996,2.2413199999999994e-05,0.04249255522028639,0.06867312445775536
22.413999999999994,2.2413999999999992e-05,0.0666563850269416,0.06712678743544102
22.4148,2.2414799999999998e-05,0.06310459969025073,0.06556660199844597
22.415599999999998,2.2415599999999996e-05,0.045306143180995906,0.06399506966975448
22.416399999999996,2.2416399999999994e-05,0.060712407261928725,0.06241466816104982
22.417199999999994,2.2417199999999993e-05,0.06978866683695761,0.06082781689972146
22.418,2.2417999999999998e-05,0.05637532899773334,0.059236844174141046
22.418799999999997,2.2418799999999996e-05,0.0638259644176179,0.057643956259091106
22.419599999999996,2.2419599999999995e-05,0.04910626410396868,0.05605120880485394
22.4204,2.24204e-05,0.07246323946878763,0.054460480723793316
22.4212,2.2421199999999998e-05,0.07724762432544185,0.052873450775744
22.422000000000004,2.2422000000000003e-05,0.056997208222012374,0.051291577035416855
22.422799999999995,2.2422799999999995e-05,0.06315680113037103,0.04971607943677777
22.4236,2.24236e-05,0.016352443309111675,0.0481479256399879
22.4244,2.2424399999999998e-05,0.04678991514724595,0.04658782053120358
22.425200000000004,2.2425200000000003e-05,0.05438940065033426,0.04503619969532718
22.425999999999995,2.2425999999999995e-05,0.002073051693611605,0.04349322716491881
22.4268,2.24268e-05,0.022429194851571688,0.04195879765394803
22.427599999999998,2.24276e-05,0.053495543808294244,0.04043254335548437
22.428400000000003,2.2428400000000004e-05,0.0475320850460873,0.038913845223816315
22.429199999999994,2.2429199999999992e-05,0.05887740951488074,0.03740184848839251
22.43,2.243e-05,0.01904649693812621,0.0358954820089534
22.430799999999998,2.2430799999999995e-05,0.04449437136199741,0.03439348102005374
22.431600000000003,2.24316e-05,-0.0071471405874588,0.03289441281074666
22.432399999999994,2.2432399999999992e-05,0.06567060840754557,0.03139670488197544
22.4332,2.2433199999999997e-05,0.040660205821808515,0.029898675078640177
22.433999999999997,2.2433999999999996e-05,0.02680315459299798,0.028398563116692727
22.434799999999996,2.2434799999999994e-05,0.040121167963438564,0.026894562866253746
22.435599999999994,2.2435599999999992e-05,0.020257534943747824,0.025384854741814705
22.4364,2.2436399999999997e-05,0.056471977640806914,0.02386763757534832
22.437199999999997,2.2437199999999996e-05,0.020461991158499337,0.02234115937750671
22.437999999999995,2.2437999999999994e-05,0.059553570696427416,0.020803746422855443
22.4388,2.24388e-05,0.025377825618310257,0.01925383014618698
22.4396,2.2439599999999998e-05,0.040574716107329545,0.017689971421322906
22.440400000000004,2.2440400000000003e-05,0.04195540936762909,0.016110881908424447
22.441199999999995,2.2441199999999994e-05,0.010304062663848423,0.01451544228859818
22.442,2.2442e-05,0.0013566043434066755,0.012902717340630164
22.4428,2.2442799999999998e-05,0.012285262145530051,0.011271967932724957
22.443600000000004,2.2443600000000003e-05,0.029002617566595612,0.009622660072901766
22.444399999999995,2.2444399999999995e-05,0.03861999551714157,0.007954471172158023
22.4452,2.24452e-05,-0.0020310109472010396,0.006267293656698002
22.445999999999998,2.2445999999999998e-05,0.01597814332824765,0.004561236074841062
22.446800000000003,2.2446800000000003e-05,0.0024515127087605393,0.0028366219000916775
22.447599999999994,2.244759999999999e-05,0.006284165563234856,0.001093986301279751
22.4484,2.24484e-05,-0.010866500661680156,-0.0006659288060590811
22.449199999999998,2.2449199999999995e-05,-0.028328295010129012,-0.0024421811066115432
22.450000000000003,2.245e-05,0.007274859559792901,-0.004233635338547691
22.450799999999994,2.2450799999999992e-05,0.01301835363291437,-0.006038971628217828
22.4516,2.2451599999999997e-05,-0.03323164636708564,-0.007856694578641665
22.452399999999997,2.2452399999999995e-05,-0.004753623984816713,-0.00968514307765113
22.453200000000002,2.24532e-05,0.0025022014631660427,-0.01152250085588925
22.453999999999994,2.2453999999999992e-05,0.002964071675646718,-0.013366807870215483
22.4548,2.2454799999999997e-05,-0.01854750335634736,-0.015215972626952989
22.455599999999997,2.2455599999999996e-05,-0.02185984300683841,-0.017067785577649822
22.456399999999995,2.2456399999999994e-05,-0.022632085000035662,-0.018919933709564844
22.4572,2.24572e-05,-0.0017771901523341294,-0.020770016440234847
22.458,2.2457999999999997e-05,0.003741798877428981,-0.022615562937413874
22.458800000000004,2.2458800000000003e-05,-0.00862883203653153,-0.024454051008533824
22.459599999999995,2.2459599999999994e-05,0.03835293527653283,-0.026282927692016237
22.4604,2.24604e-05,-0.03631456359695606,-0.028099631599330554
22.461199999999998,2.2461199999999998e-05,-0.0217187471607716,-0.029901616897650547
22.462000000000003,2.2462000000000003e-05,-0.03992195506523466,-0.03168637862136613
22.462799999999994,2.2462799999999994e-05,-0.033360259110267854,-0.03345147881933953
22.4636,2.24636e-05,-0.009037176634641764,-0.03519457294059915
22.464399999999998,2.2464399999999998e-05,-0.037831056006172425,-0.03691343583871714
22.465200000000003,2.2465200000000003e-05,-0.0621019370416781,-0.03860598678852105
22.465999999999994,2.2465999999999995e-05,-0.05031706021753313,-0.040270312918027934
22.4668,2.24668e-05,-0.06491287665381751,-0.04190469047442539
22.467599999999997,2.2467599999999995e-05,-0.04923955233224575,-0.04350760340822115
22.468400000000003,2.24684e-05,-0.02189823716975403,-0.045077758891992885
22.469199999999994,2.246919999999999e-05,-0.07451569098427169,-0.04661409955784726
22.47,2.2469999999999997e-05,-0.03491079613667014,-0.0481158123891767
22.470799999999997,2.2470799999999995e-05,-0.07313424138111468,-0.04958233431093856
22.471600000000002,2.24716e-05,-0.03619767761383108,-0.051013354602967464
22.472399999999993,2.2472399999999992e-05,-0.03328252363288586,-0.052408814340229676
22.4732,2.2473199999999997e-05,-0.03697256795566861,-0.05376890314317749
22.473999999999997,2.2473999999999995e-05,-0.05025653670882313,-0.055094053570636105
22.474800000000002,2.24748e-05,-0.048007709155179934,-0.056384933480544686
22.4756,2.24756e-05,-0.09390005331143514,-0.05764243663042974
22.476399999999998,2.2476399999999997e-05,-0.037008881601436894,-0.058867671734694524
22.477200000000003,2.2477200000000002e-05,-0.06285810272908887,-0.06006195018581595
22.478,2.2478e-05,-0.008880004482888393,-0.06122677269047283
22.4788,2.24788e-05,-0.04599946295052193,-0.06236381512695187
22.479599999999998,2.2479599999999997e-05,-0.06236842945079424,-0.06347491393113576
22.480400000000003,2.2480400000000002e-05,-0.08227650967343836,-0.06456205123449797
22.481199999999994,2.2481199999999994e-05,-0.041394568102920304,-0.0656273398479719
22.482,2.2482e-05,-0.06066072027263847,-0.06667300808489172
22.482799999999997,2.2482799999999998e-05,-0.07353558808495553,-0.06770138438047862
22.483600000000003,2.2483600000000003e-05,-0.05196424588707893,-0.06871488166737592
22.484399999999994,2.2484399999999994e-05,-0.04414082317205481,-0.0697159814665476
22.4852,2.24852e-05,-0.11142237116866405,-0.070707217639008
22.485999999999997,2.2485999999999994e-05,-0.05481755218499418,-0.07169115972255835
22.486800000000002,2.2486800000000003e-05,-0.044280594843801535,-0.07267039576275405
22.487599999999993,2.248759999999999e-05,-0.06114547617371091,-0.07364751455428381
22.4884,2.2488399999999996e-05,-0.05836725700453749,-0.07462508722365256
22.489199999999997,2.2489199999999995e-05,-0.12315220969261409,-0.07560564806472213
22.490000000000002,2.249e-05,-0.09098754767913009,-0.07659167448131897
22.490799999999993,2.249079999999999e-05,-0.07140080965436246,-0.07758556585913637
22.4916,2.2491599999999997e-05,-0.09003808470553232,-0.07858962124847513
22.492399999999996,2.2492399999999995e-05,-0.10218061737322215,-0.07960601588474449
22.4932,2.24932e-05,-0.08428191901802162,-0.08063677674453257
22.494,2.2494e-05,-0.04053135118662898,-0.08168375748982581
22.494799999999998,2.2494799999999997e-05,-0.09171591030079684,-0.08274861328644506
22.495600000000003,2.2495600000000002e-05,-0.056167794030939744,-0.08383277607948253
22.4964,2.24964e-05,-0.08315504655258898,-0.08493743093745598
22.4972,2.24972e-05,-0.09001727953405803,-0.0860634940383434
22.497999999999998,2.2497999999999997e-05,-0.07432031318103727,-0.08721159280435259
22.498800000000003,2.2498800000000002e-05,-0.09636525235142157,-0.08838204863859368
22.4996,2.24996e-05,-0.057143735896061365,-0.08957486269164727
22.5004,2.25004e-05,-0.08045966874935451,-0.090789705080245
22.501199999999997,2.2501199999999997e-05,-0.09633820562850515,-0.09202590796859636
22.502000000000002,2.2502000000000002e-05,-0.0060399376306849994,-0.09328246288174587
22.502799999999993,2.2502799999999994e-05,-0.08437516296969771,-0.09455802253849067
22.5036,2.25036e-05,-0.11832621449298175,-0.09585090735801263
22.504399999999997,2.2504399999999998e-05,-0.09541370886067657,-0.09715911660595146
22.505200000000002,2.2505200000000003e-05,-0.1319058028955163,-0.09848034394962994
22.505999999999993,2.250599999999999e-05,-0.05778509611749427,-0.09981199707846154
22.5068,2.2506799999999996e-05,-0.08590413848179834,-0.10115122105438944
22.507599999999996,2.2507599999999994e-05,-0.1368424425267316,-0.1024949251304211
22.5084,2.25084e-05,-0.11292694830638839,-0.10383981282758757
22.509199999999993,2.250919999999999e-05,-0.09891953430868927,-0.1051824150759516
22.509999999999998,2.2509999999999996e-05,-0.048480738296195036,-0.10651912625468463
22.510799999999996,2.2510799999999995e-05,-0.07557239369818469,-0.10784624302917928
22.5116,2.25116e-05,-0.04850646084489141,-0.10916000591056674
22.512399999999992,2.251239999999999e-05,-0.10017445168581163,-0.11045664336492853
22.513199999999998,2.2513199999999996e-05,-0.08113374941375362,-0.1117324180600957
22.514000000000003,2.2514e-05,-0.14113299307082633,-0.11298367452463202
22.5148,2.25148e-05,-0.14929307794668617,-0.1142068872031149
22.5156,2.25156e-05,-0.1294489259241196,-0.1153987077070238
22.516399999999997,2.2516399999999997e-05,-0.12449129260999536,-0.11655601003069785
22.517200000000003,2.2517200000000002e-05,-0.10049446970936804,-0.11767593262094338
22.518,2.2518e-05,-0.1588750871056661,-0.11875591638793452
22.5188,2.25188e-05,-0.1133680133473648,-0.11979373793783706
22.519599999999997,2.2519599999999997e-05,-0.13417619196356112,-0.12078753745867532
22.520400000000002,2.2520400000000002e-05,-0.144174867789241,-0.1217358408234959
22.5212,2.25212e-05,-0.12333737342164619,-0.12263757561802209
22.522,2.2522e-05,-0.14971598616472848,-0.12349208095821057
22.522799999999997,2.2522799999999997e-05,-0.11154474236040401,-0.12429911113058224
22.523600000000002,2.2523600000000002e-05,-0.1166478210663246,-0.12505883325801792
22.524399999999993,2.252439999999999e-05,-0.12326985201856666,-0.12577181934835788
22.525199999999998,2.2525199999999996e-05,-0.13891196858292698,-0.1264390331972247
22.525999999999996,2.2525999999999994e-05,-0.09395017423440799,-0.12706181267974803
22.5268,2.25268e-05,-0.09334985652453076,-0.12764184799294825
22.527599999999993,2.252759999999999e-05,-0.11503259949691746,-0.1281811564115022
22.528399999999998,2.2528399999999996e-05,-0.12182163735525742,-0.128682054074867
22.529199999999996,2.2529199999999994e-05,-0.12432579838955227,-0.12914712521753252
22.53,2.253e-05,-0.11760484976568464,-0.1295791891175485
22.530799999999992,2.253079999999999e-05,-0.15516121224009966,-0.12998126492633563
22.531599999999997,2.2531599999999996e-05,-0.16570516747556174,-0.13035653448590884
22.532400000000003,2.25324e-05,-0.11184944042110112,-0.1307083032469945
22.5332,2.25332e-05,-0.10690996392981122,-0.13103995948011438
22.534,2.2533999999999998e-05,-0.12317112285837573,-0.13135493210142576
22.534799999999997,2.2534799999999996e-05,-0.13130548518553914,-0.1316566475481848
22.535600000000002,2.25356e-05,-0.15209569549023583,-0.13194848617553273
22.5364,2.25364e-05,-0.09450944943282935,-0.13223373862177448
22.5372,2.2537199999999998e-05,-0.12149329726311131,-0.13251556256437164
22.537999999999997,2.2537999999999997e-05,-0.14870808019956822,-0.1327969402877624
22.538800000000002,2.2538800000000002e-05,-0.15317528389267043,-0.13308063748080085
22.5396,2.25396e-05,-0.1326056061085119,-0.13336916366663262
22.540399999999998,2.25404e-05,-0.1045289304300836,-0.1336647346794575
22.541199999999996,2.2541199999999997e-05,-0.14667070675494615,-0.13396923766683422
22.542,2.2542000000000002e-05,-0.12010068873138957,-0.13428419917710993
22.5428,2.25428e-05,-0.11708453656157136,-0.1346107569360238
22.543599999999998,2.2543599999999995e-05,-0.0849699954710601,-0.13494963591268067
22.544399999999996,2.2544399999999994e-05,-0.13447956584993825,-0.13530112923315854
22.5452,2.25452e-05,-0.10730998645923184,-0.13566508441122502
22.546,2.2545999999999997e-05,-0.13932371787240483,-0.13604089522175566
22.546799999999998,2.2546799999999996e-05,-0.13948788791852784,-0.13642749937293258
22.547599999999996,2.2547599999999994e-05,-0.14031838439185307,-0.13682338199014266
22.5484,2.25484e-05,-0.1039584963029977,-0.13722658484172634
22.549199999999992,2.254919999999999e-05,-0.11820876067846398,-0.13763472121101608
22.549999999999997,2.2549999999999996e-05,-0.1578851494520052,-0.13804499631205722
22.550799999999995,2.2550799999999994e-05,-0.11605015170498734,-0.13845423311421393
22.5516,2.25516e-05,-0.12036226376338366,-0.13885890337890555
22.5524,2.2552399999999998e-05,-0.13693436230408762,-0.13925516365051807
22.553199999999997,2.2553199999999996e-05,-0.10288798631198004,-0.139638895895272
22.554000000000002,2.2554e-05,-0.14944684540697206,-0.14000575242541408
22.5548,2.25548e-05,-0.06923539129795098,-0.14035120466393045
22.5556,2.2555599999999998e-05,-0.15342702417041998,-0.14067059519670488
22.556399999999996,2.2556399999999996e-05,-0.1539229390000567,-0.140959192425042
22.5572,2.25572e-05,-0.15002352108550032,-0.14121224698220244
22.558,2.2558e-05,-0.10270717212877767,-0.14142504895695923
22.558799999999998,2.2558799999999998e-05,-0.14610310948793503,-0.14159298492121591
22.559599999999996,2.2559599999999997e-05,-0.1479596687493545,-0.14171159377318104
22.5604,2.2560400000000002e-05,-0.18490379824230047,-0.14177662042551314
22.5612,2.25612e-05,-0.13774046040313626,-0.1417840663772278
22.561999999999998,2.2561999999999995e-05,-0.1791852703749781,-0.14173023626099424
22.562799999999996,2.2562799999999993e-05,-0.12957829501012896,-0.1416117795944971
22.5636,2.25636e-05,-0.15974870660769447,-0.14142572716503157
22.5644,2.2564399999999997e-05,-0.14139173124284538,-0.14116952168779065
22.565199999999997,2.2565199999999995e-05,-0.15994559709668366,-0.140841042563604
22.565999999999995,2.2565999999999994e-05,-0.14168318985783068,-0.14043862471560345
22.5668,2.25668e-05,-0.12317320337552318,-0.1399610716202045
22.5676,2.2567599999999997e-05,-0.18403906864035446,-0.13940766277628885
22.568399999999997,2.2568399999999996e-05,-0.11080881401297493,-0.13877815597407675
22.569199999999995,2.2569199999999994e-05,-0.1315099414002906,-0.1380727848290253
22.57,2.257e-05,-0.12122623702250229,-0.1372922521389785
22.5708,2.2570799999999997e-05,-0.12697672898996337,-0.13643771969202
22.571599999999997,2.2571599999999996e-05,-0.07944400854699729,-0.13551079517076617
22.572400000000002,2.25724e-05,-0.09797347602645912,-0.13451351675187145
22.5732,2.25732e-05,-0.1428615074205563,-0.13344833588550117
22.573999999999998,2.2573999999999998e-05,-0.0883519370416781,-0.1323180985593046
22.574799999999996,2.2574799999999996e-05,-0.1340914585919094,-0.13112602513084815
22.5756,2.25756e-05,-0.15250044688544395,-0.12987568860550303
22.5764,2.25764e-05,-0.16082961918444916,-0.12857099108824158
22.577199999999998,2.2577199999999998e-05,-0.1308867380016916,-0.12721613807444251
22.577999999999996,2.2577999999999996e-05,-0.09642785637727891,-0.12581561028777596
22.5788,2.25788e-05,-0.11848338664483504,-0.12437413290711093
22.5796,2.25796e-05,-0.15298595912934354,-0.12289664217376077
22.580399999999997,2.2580399999999995e-05,-0.10138208500003565,-0.12138824946130143
22.581199999999995,2.2581199999999993e-05,-0.1228991452406446,-0.119854202924454
22.582,2.2581999999999998e-05,-0.12830597715300018,-0.1182998468736665
22.5828,2.2582799999999997e-05,-0.11955181611870525,-0.11673057907396099
22.583599999999997,2.2583599999999995e-05,-0.07576361046712432,-0.11515180622821092
22.584399999999995,2.2584399999999993e-05,-0.13471258147336096,-0.11356889796195527
22.5852,2.25852e-05,-0.11603350756780795,-0.11198713966727365
22.586,2.2585999999999997e-05,-0.17119067971956137,-0.11041168458138641
22.586799999999997,2.2586799999999995e-05,-0.07768693478869604,-0.10884750550278047
22.587599999999995,2.2587599999999994e-05,-0.09323713157570046,-0.10729934663746958
22.5884,2.25884e-05,-0.13495808019956823,-0.10577167622341827
22.589200000000005,2.2589200000000004e-05,-0.047293910153545116,-0.104268640734327
22.589999999999996,2.2589999999999995e-05,-0.09065031768690146,-0.10279402154946025
22.5908,2.25908e-05,-0.07074696632994493,-0.10135119498187484
22.5916,2.25916e-05,-0.08716454106753546,-0.09994309649226273
22.592399999999998,2.2592399999999997e-05,-0.10713806217601163,-0.09857218978730088
22.593199999999996,2.2593199999999996e-05,-0.05981414749352665,-0.09724044134069515
22.594,2.2594e-05,-0.09474378923057225,-0.09594930073037118
22.5948,2.25948e-05,-0.07690863975549123,-0.09469968707822915
22.595599999999997,2.2595599999999998e-05,-0.09918943140927294,-0.09349198179347573
22.596399999999996,2.2596399999999996e-05,-0.07409826797474428,-0.0923260277387802
22.5972,2.25972e-05,-0.04984819211081282,-0.09120113486406492
22.598,2.2598e-05,-0.0856279998296724,-0.0901160922883251
22.598799999999997,2.2598799999999994e-05,-0.09615587875944787,-0.08906918673420197
22.599599999999995,2.2599599999999993e-05,-0.07257496618269332,-0.08805822711519029
22.6004,2.2600399999999998e-05,-0.07497756119682242,-0.08708057496363683
22.6012,2.2601199999999996e-05,-0.060470071335091635,-0.08613318030712941
22.601999999999997,2.2601999999999995e-05,-0.043836125111357704,-0.08521262254961923
22.602799999999995,2.2602799999999993e-05,-0.05240871561952276,-0.0843151558470077
22.6036,2.2603599999999998e-05,-0.11053816056946397,-0.08343675834409399
22.6044,2.2604399999999997e-05,-0.13069192802984986,-0.08257318446505707
22.605199999999996,2.2605199999999995e-05,-0.038027190152334134,-0.08172001928787934
22.605999999999995,2.2605999999999993e-05,-0.11802076008945717,-0.08087273397232782
22.6068,2.26068e-05,-0.09157462594329535,-0.08002674127769341
22.607599999999998,2.2607599999999997e-05,-0.09936684090110803,-0.07917745034302072
22.608399999999996,2.2608399999999995e-05,-0.06216870210183045,-0.07832032005131694
22.6092,2.26092e-05,-0.05083661707871878,-0.07745091045210373
22.61,2.261e-05,-0.04352859019058575,-0.0765649318611762
22.610800000000005,2.2610800000000004e-05,-0.06584285863016115,-0.07565829133934851
22.611599999999996,2.2611599999999995e-05,-0.0766003484918919,-0.07472713622949666
22.6124,2.26124e-05,-0.08224038453910476,-0.07376789432348806
22.6132,2.26132e-05,-0.09325453205570722,-0.07277731011120585
22.613999999999997,2.2613999999999997e-05,-0.10370108230529851,-0.07175247650692265
22.614799999999995,2.2614799999999996e-05,-0.07874987905395148,-0.0706908614899386
22.6156,2.26156e-05,-0.06768277375440113,-0.06959032923304062
22.6164,2.26164e-05,-0.02339714058742881,-0.06844915548864745
22.617199999999997,2.2617199999999998e-05,-0.08945932850985672,-0.0672660371945307
22.617999999999995,2.2617999999999992e-05,-0.10356679584216666,-0.06604009638332842
22.6188,2.2618799999999998e-05,-0.06019393268296569,-0.06477087852418693
22.6196,2.2619599999999996e-05,-0.047824625943295285,-0.06345834545767463
22.620399999999997,2.2620399999999994e-05,-0.08215130162172357,-0.06210286317303823
22.621199999999995,2.2621199999999993e-05,-0.029395400309779274,-0.060705184806021176
22.622,2.2621999999999998e-05,-0.07333661707871886,-0.05926642934363231
22.622799999999998,2.2622799999999996e-05,-0.04962974010742194,-0.05778805658057721
22.623599999999996,2.2623599999999995e-05,-0.033682357650971606,-0.056271838895584375
22.624399999999994,2.2624399999999993e-05,-0.03995316282244599,-0.05471983042315745
22.6252,2.2625199999999998e-05,-0.03454973560155794,-0.05313433418719391
22.625999999999998,2.2625999999999996e-05,-0.02621299757679041,-0.05151786772291428
22.626799999999996,2.2626799999999995e-05,-0.07441204444695859,-0.04987312763406328
22.6276,2.26276e-05,-0.010016523191160642,-0.04820295342839426
22.6284,2.26284e-05,-0.06446840692137368,-0.04651029087810743
22.629200000000004,2.2629200000000004e-05,-0.08250952529686106,-0.044798155089493384
22.629999999999995,2.2629999999999995e-05,-0.00942736440981784,-0.04306959344890917
22.6308,2.26308e-05,-0.03901202191743802,-0.041327648645969696
22.6316,2.26316e-05,-0.04685568197254353,-0.039575322050995475
22.632400000000004,2.2632400000000004e-05,-0.07038514945200525,-0.037815537805232134
22.633199999999995,2.2633199999999995e-05,-0.004345279386776424,-0.03605110804056242
22.634,2.2634e-05,0.029978559431677154,-0.03428469969708032
22.6348,2.26348e-05,-0.0019003176869014649,-0.032518803459391704
22.635600000000004,2.2635600000000004e-05,-0.05139721645146034,-0.030755705325658623
22.636399999999995,2.2636399999999992e-05,-0.03391045589717223,-0.028997461197977362
22.6372,2.2637199999999997e-05,-0.04082905135305648,-0.02724587468654395
22.637999999999998,2.2637999999999996e-05,-0.03829689874148301,-0.025502478178398274
22.638799999999996,2.2638799999999994e-05,0.02553367359580372,-0.023768517207237674
22.639599999999994,2.2639599999999992e-05,-0.022602769248537102,-0.022044938237449872
22.6404,2.2640399999999998e-05,-0.023334536561571362,-0.02033238005271564
22.641199999999998,2.2641199999999996e-05,0.0013142376575908665,-0.01863116895408651
22.641999999999996,2.2641999999999994e-05,-0.020392147346274925,-0.01694131792921494
22.642799999999994,2.2642799999999993e-05,-0.028109843006838386,-0.015262529901040335
22.6436,2.2643599999999998e-05,0.010370259892578004,-0.013594205134827668
22.644399999999997,2.2644399999999996e-05,0.007096125893667926,-0.011935452879971345
22.645199999999996,2.2645199999999995e-05,0.008234725119127706,-0.010285107331539138
22.646,2.2646e-05,0.04318668471330234,-0.008641747983913824
22.6468,2.2646799999999998e-05,-0.007168702101800428,-0.007003724379413704
22.647600000000004,2.2647600000000003e-05,0.009863186134276836,-0.005369185117449538
22.648399999999995,2.2648399999999995e-05,0.016875593373159803,-0.003736110808719547
22.6492,2.26492e-05,-0.014053064428963702,-0.002102350478902471
22.65,2.2649999999999998e-05,0.033369011582289554,-0.0004656607842555005
22.650800000000004,2.2650800000000003e-05,0.0019590025704913083,0.0011762526950675027
22.651599999999995,2.2651599999999995e-05,-0.0029331898578306426,0.0028256928852631053
22.6524,2.26524e-05,-0.034823037393609035,0.004484928226164609
22.6532,2.26532e-05,0.012907141369808972,0.006156150135822774
22.654000000000003,2.2654000000000004e-05,0.009031933318094154,0.00784143178019884
22.654799999999994,2.2654799999999992e-05,-3.808470550226151e-05,0.009542688889753069
22.6556,2.26556e-05,0.010558828313007473,0.011261643221736665
22.656399999999998,2.2656399999999995e-05,0.013076228793054367,0.012999789138773385
22.657200000000003,2.26572e-05,-0.021361091317126824,0.014758363675273384
22.657999999999994,2.2657999999999992e-05,0.056747548461440256,0.016538320373538
22.6588,2.2658799999999997e-05,0.05348514122255721,0.018340307075191374
22.659599999999998,2.2659599999999996e-05,0.042112770030847346,0.0201646477688711
22.660399999999996,2.2660399999999994e-05,-0.007361999387947349,0.02201132857250025
22.661199999999994,2.2661199999999992e-05,-0.006930769101255341,0.02387998799410187
22.662,2.2661999999999997e-05,0.04376544090890799,0.025769911710270682
22.662799999999997,2.2662799999999996e-05,0.020048161351844063,0.027680032124134675
22.663599999999995,2.2663599999999994e-05,0.003099870824533335,0.029608932879761136
22.6644,2.26644e-05,0.06315339643894358,0.03155485837248348
22.6652,2.2665199999999998e-05,-0.02570233061558702,0.033515728164628465
22.666000000000004,2.2666000000000003e-05,0.06941379902468081,0.03548915610177669
22.666799999999995,2.2666799999999994e-05,0.021616098858283195,0.03747247380874821
22.6676,2.26676e-05,0.04830432703928478,0.0394627581223989
22.6684,2.2668399999999998e-05,0.01584196485937306,0.041456861904024284
22.669200000000004,2.2669200000000003e-05,0.08198964249627994,0.0434514475821548
22.669999999999995,2.2669999999999995e-05,0.03670366908990963,0.045443022704659955
22.6708,2.26708e-05,0.05481798258845605,0.04742797672236744
22.671599999999998,2.2671599999999998e-05,0.09685043865595933,0.04940261819564756
22.672400000000003,2.2672400000000003e-05,0.09109086827708113,0.05136321162558878
22.673199999999994,2.267319999999999e-05,0.06276245232089994,0.053306013175153884
22.674,2.2674e-05,0.048074716107329496,0.055227304678000674
22.674799999999998,2.2674799999999995e-05,0.040837047482220834,0.05712342551994144
22.675600000000003,2.26756e-05,0.09600046118544658,0.0589908021527701
22.676399999999994,2.2676399999999992e-05,0.06607006310560348,0.06082597509414438
22.6772,2.2677199999999997e-05,0.08800795104717729,0.06262562328592249
22.677999999999997,2.2677999999999995e-05,0.06342329353955722,0.06438658569424997
22.678800000000003,2.26788e-05,0.06391996471212147,0.06610588008645103
22.679599999999994,2.2679599999999992e-05,0.13268660884930072,0.06778071900146296
22.6804,2.2680399999999997e-05,0.0382243225333907,0.06940852301086795
22.681199999999997,2.2681199999999996e-05,0.09469617922817886,0.07098693144430697
22.681999999999995,2.2681999999999994e-05,0.07438599595889983,0.07251381084046866
22.6828,2.26828e-05,0.049196103364177346,0.07398726147106036
22.6836,2.2683599999999997e-05,0.09589057309662119,0.07540562233704465
22.684400000000004,2.2684400000000003e-05,0.03204884183069989,0.07676747503616942
22.685199999999995,2.2685199999999994e-05,0.08583004958791418,0.07807164685086583
22.686,2.2686e-05,0.09377943669751732,0.07931721331304208
22.686799999999998,2.2686799999999998e-05,0.10179974990156049,0.0805035003825184
22.687600000000003,2.2687600000000003e-05,0.07562899806459722,0.0816300862657431
22.688399999999994,2.2688399999999994e-05,0.0877881748695335,0.08269680284482088
22.6892,2.26892e-05,0.10427459518435667,0.08370373669239385
22.689999999999998,2.2689999999999998e-05,0.08540222399264963,0.08465122968117503
22.690800000000003,2.2690800000000003e-05,0.08265880578352391,0.08553987922664631
22.691599999999994,2.2691599999999995e-05,0.06729642107412448,0.08637053822399061
22.6924,2.26924e-05,0.06374955311458907,0.08714431474981876
22.693199999999997,2.2693199999999995e-05,0.12116463123153953,0.08786257156870368
22.694000000000003,2.2694e-05,0.07722398229395266,0.08852692539761504
22.694799999999994,2.269479999999999e-05,0.09513024637488554,0.08913924576603771
22.6956,2.2695599999999997e-05,0.10909378100108424,0.08970165321798647
22.696399999999997,2.2696399999999995e-05,0.08029233590382823,0.09021651655954346
22.697200000000002,2.26972e-05,0.07610410772282672,0.09068644884737878
22.697999999999993,2.2697999999999992e-05,0.1074187922658345,0.09111430181232462
22.6988,2.2698799999999997e-05,0.13070200467619164,0.09150315839596519
22.699599999999997,2.2699599999999995e-05,0.12395817036363233,0.0918563230495742
22.700400000000002,2.27004e-05,0.060846125893668,0.09217730944483657
22.7012,2.27012e-05,0.15771233139792717,0.09246982531724263
22.701999999999998,2.2701999999999997e-05,0.08513232689203298,0.09273775429175816
22.702800000000003,2.2702800000000002e-05,0.060167884194973875,0.09298513467403385
22.7036,2.27036e-05,0.08280973638386813,0.09321613529512393
22.7044,2.27044e-05,0.12448888615342257,0.09343502855154293
22.705199999999998,2.2705199999999997e-05,0.10697923991054292,0.0936461607616011
22.706000000000003,2.2706000000000002e-05,0.13712733365087926,0.09385391988684426
22.706799999999994,2.2706799999999994e-05,0.12358046569134074,0.09406270062849661
22.7076,2.27076e-05,0.10937143233886482,0.09427686697156983
22.708399999999997,2.2708399999999998e-05,0.08344201819388408,0.09450071240983791
22.709200000000003,2.2709200000000003e-05,0.12385792851768662,0.09473841828592904
22.709999999999994,2.2709999999999994e-05,0.07166205874696119,0.09499401085502032
22.7108,2.27108e-05,0.09789182140690955,0.0952713177871735
22.711599999999997,2.2711599999999994e-05,0.10202236293921607,0.09557392486085159
22.712400000000002,2.2712400000000003e-05,0.11469901608818356,0.09590513358770773
22.713199999999993,2.271319999999999e-05,0.08799206325285525,0.09626792047105913
22.714,2.2713999999999996e-05,0.10741047019724481,0.09666489856764157
22.714799999999997,2.2714799999999995e-05,0.08174338742714526,0.09709828201187856
22.715600000000002,2.27156e-05,0.06629059562611184,0.09756985415925369
22.716399999999993,2.271639999999999e-05,0.11291546343839864,0.09808093997615497
22.7172,2.2717199999999997e-05,0.13508163813763752,0.09863238322466095
22.717999999999996,2.2717999999999995e-05,0.08383163813763761,0.09922452887745274
22.7188,2.27188e-05,0.06134828227481692,0.09985721110339661
22.7196,2.27196e-05,0.09499047470313893,0.10052974712004961
22.720399999999998,2.2720399999999997e-05,0.07324455987343514,0.10124093717051033
22.721200000000003,2.2721200000000002e-05,0.08844901608818656,0.10198907077419955
22.722,2.2722e-05,0.12661118148113082,0.10277193921019567
22.7228,2.27228e-05,0.11120567374305546,0.10358685397094394
22.723599999999998,2.2723599999999997e-05,0.11986942768571907,0.1044306707402036
22.724400000000003,2.2724400000000002e-05,0.1370925326907957,0.10529981834721008
22.7252,2.27252e-05,0.09666054606123942,0.10619033213986366
22.726,2.2726e-05,0.12923222849855076,0.1070978912796495
22.726799999999997,2.2726799999999997e-05,0.09872723525739702,0.10801785955002828
22.727600000000002,2.2727600000000002e-05,0.0889992128751581,0.10894532935001619
22.728399999999993,2.2728399999999994e-05,0.11927951256150882,0.10987516858656442
22.7292,2.27292e-05,0.07371191529449772,0.11080207016606737
22.729999999999997,2.2729999999999998e-05,0.1737202373630874,0.11172060371576892
22.730800000000002,2.2730800000000003e-05,0.06448964249627998,0.11262526906214718
22.731599999999993,2.273159999999999e-05,0.14392128888641142,0.11351055089602405
22.7324,2.2732399999999996e-05,0.1276016869662444,0.11437097399310998
22.733199999999997,2.2733199999999994e-05,0.12106306521130394,0.11520115833315557
22.734,2.2734e-05,0.13081681014216928,0.11599587345967548
22.734799999999993,2.273479999999999e-05,0.08752111462892764,0.11675009144505709
22.735599999999998,2.2735599999999996e-05,0.10078276552495313,0.11745903786270998
22.736399999999996,2.2736399999999995e-05,0.150176962606421,0.11811824018087762
22.7372,2.27372e-05,0.17318252367900744,0.11872357295121115
22.737999999999992,2.273799999999999e-05,0.1326385684434752,0.1192712990998952
22.738799999999998,2.2738799999999996e-05,0.1404196244726934,0.11975810662572954
22.739600000000003,2.27396e-05,0.1549598347773503,0.12018114012489593
22.7404,2.27404e-05,0.10275413025231028,0.12053802676379874
22.7412,2.27412e-05,0.1271169310651421,0.12082689653112715
22.741999999999997,2.2741999999999997e-05,0.14161950354972053,0.12104639676341428
22.742800000000003,2.2742800000000002e-05,0.11423222849855075,0.12119570103681009
22.7436,2.27436e-05,0.13608670724278293,0.12127451256158069
22.7444,2.27444e-05,0.12693536053901222,0.12128306223484972
22.745199999999997,2.2745199999999997e-05,0.09090097568236133,0.1212221015242566
22.746000000000002,2.2746000000000002e-05,0.15583421062220604,0.12109289036768918
22.7468,2.27468e-05,0.14959253269079575,0.12089718026827537
22.7476,2.27476e-05,0.1354266223669932,0.1206371927459797
22.748399999999997,2.2748399999999997e-05,0.1147164165682304,0.12031559331625911
22.749200000000002,2.2749200000000002e-05,0.10958837165650104,0.11993546123327826
22.749999999999993,2.274999999999999e-05,0.11665714136980887,0.11950025533162204
22.750799999999998,2.2750799999999996e-05,0.11350046118544654,0.11901377635858838
22.751599999999996,2.2751599999999994e-05,0.15083345427934858,0.11848012617392154
22.7524,2.27524e-05,0.14742995119442903,0.11790366413285164
22.753199999999993,2.275319999999999e-05,0.14364098920005064,0.11728896092433257
22.753999999999998,2.2753999999999996e-05,0.1265319333180941,0.11664075016497005
22.754799999999996,2.2754799999999994e-05,0.1536841122287238,0.11596387816463113
22.7556,2.27556e-05,0.07356306521130396,0.1152632524481835
22.756399999999992,2.275639999999999e-05,0.13125711884031832,0.11454378978377756
22.757199999999997,2.2757199999999996e-05,0.09264972737207289,0.11381036458254311
22.758000000000003,2.2758e-05,0.10233254620848808,0.11306775856688274
22.7588,2.27588e-05,0.10064431802748652,0.11232061255297504
22.7596,2.2759599999999998e-05,0.08033337841535004,0.11157338108141043
22.760399999999997,2.2760399999999996e-05,0.14450004508201697,0.11083029048233903
22.761200000000002,2.27612e-05,0.12002943669751731,0.11009530079578059
22.762,2.2762e-05,0.11188315909889202,0.10937207181568906
22.7628,2.2762799999999998e-05,0.06764348582062751,0.10866393343059609
22.763599999999997,2.2763599999999997e-05,0.13741671174868697,0.10797386040030701
22.764400000000002,2.2764400000000002e-05,0.11098381704826721,0.10730445168722734
22.7652,2.27652e-05,0.09247931577454149,0.10665791440669026
22.766,2.2766e-05,0.12007880127762283,0.10603605238679524
22.766799999999996,2.2766799999999997e-05,0.13161401834113573,0.10544025927171075
22.7676,2.2767600000000002e-05,0.09420366908990963,0.10487151607204298
22.7684,2.27684e-05,0.1060345058026626,0.10433039305687561
22.769199999999998,2.2769199999999995e-05,0.07719485505389212,0.10381705589181991
22.769999999999996,2.2769999999999994e-05,0.12283054155534234,0.1033312759333113
22.7708,2.27708e-05,0.10407846103819485,0.10287244455644948
22.771599999999992,2.277159999999999e-05,0.059843705137092695,0.10243959131788816
22.772399999999998,2.2772399999999996e-05,0.15910077889539387,0.10203140566538815
22.773199999999996,2.2773199999999994e-05,0.09892544992070329,0.1016462618232748
22.774,2.2774e-05,0.14242011644011454,0.10128224641891909
22.774799999999992,2.277479999999999e-05,0.13472814332824767,0.10093718839841583
22.775599999999997,2.2775599999999996e-05,0.07418002705843052,0.10060869084302057
22.776399999999995,2.2776399999999994e-05,0.08999595991172082,0.1002941644317773
22.7772,2.27772e-05,0.08025337390945297,0.09999086243610908
22.778,2.2777999999999998e-05,0.06708496696507049,0.09969591719731388
22.778799999999997,2.2778799999999996e-05,0.13652417908092718,0.09940637798304452
22.779600000000002,2.27796e-05,0.09038557985546747,0.09911924996810134
22.7804,2.27804e-05,0.06429842572727373,0.09883153391085239
22.7812,2.2781199999999998e-05,0.12346357970821553,0.09854026596102589
22.781999999999996,2.2781999999999996e-05,0.10543078340128798,0.09824255694235798
22.7828,2.27828e-05,0.12224630015115168,0.09793563037586324
22.7836,2.27836e-05,0.11626695359463268,0.0976168584486582
22.784399999999998,2.2784399999999998e-05,0.11263648792632797,0.09728379512665976
22.785199999999996,2.2785199999999997e-05,0.13258088179477023,0.09693420567402462
22.786,2.2786000000000002e-05,0.13844409871103136,0.0965660919594541
22.7868,2.27868e-05,0.07904233590382825,0.09617771308093792
22.787599999999998,2.2787599999999995e-05,0.08837808999373664,0.0957676010187405
22.788399999999996,2.2788399999999993e-05,0.11482006310560355,0.09533457120481469
22.7892,2.27892e-05,0.08767204522926875,0.09487772802262226
22.79,2.2789999999999997e-05,0.1317106669842092,0.09439646529699704
22.790799999999997,2.2790799999999995e-05,0.1218532755159707,0.09389046183444896
22.791599999999995,2.2791599999999994e-05,0.09378076087180032,0.0933596720937264
22.7924,2.27924e-05,0.08820616571048645,0.09280431214067725
22.7932,2.2793199999999997e-05,0.11078692655924804,0.09222484115647668
22.793999999999997,2.2793999999999996e-05,0.13561292175884043,0.09162193887718403
22.794799999999995,2.2794799999999994e-05,0.10271441191507447,0.09099647941888644
22.7956,2.27956e-05,0.09352410321692861,0.09034950201544464
22.7964,2.2796399999999997e-05,0.07655349483242568,0.08968217930507494
22.797199999999997,2.2797199999999996e-05,0.10603034476836781,0.08899578393190768
22.798000000000002,2.2798e-05,0.10463773623661632,0.08829165432204547
22.7988,2.27988e-05,0.05542737870985048,0.08757116052442718
22.799599999999998,2.2799599999999998e-05,0.08108330255135254,0.08683567099945899
22.800399999999996,2.2800399999999996e-05,0.07150829128660818,0.08608652121262257
22.8012,2.28012e-05,0.05533337841534702,0.08532498482678459
22.802,2.2802e-05,0.0524897183602816,0.08455224816141672
22.802799999999998,2.2802799999999998e-05,0.07379324397468179,0.0837693884009741
22.803599999999996,2.2803599999999996e-05,0.09029990162955348,0.08297735580290429
22.8044,2.28044e-05,0.07871891318880408,0.08217695990134244
22.8052,2.28052e-05,0.11130024186899146,0.08136885946993073
22.805999999999997,2.2805999999999995e-05,0.10463773623661632,0.08055355584602929
22.806799999999996,2.2806799999999993e-05,0.0927881748695335,0.07973138915354545
22.8076,2.2807599999999998e-05,0.11179615669868825,0.0789025369892346
22.8084,2.2808399999999997e-05,0.06883504282906505,0.07806701523619741
22.809199999999997,2.2809199999999995e-05,0.0953396199667923,0.07722468080329989
22.809999999999995,2.2809999999999993e-05,0.07038974088976213,0.07637523622033679
22.8108,2.28108e-05,0.06486659082571433,0.07551823611480953
22.8116,2.2811599999999997e-05,0.0541995080556148,0.07465309564108857
22.812399999999997,2.2812399999999995e-05,0.06442136475040305,0.07377910091961208
22.813199999999995,2.2813199999999994e-05,0.06132728859190795,0.07289542146864655
22.814,2.2814e-05,0.07891088630067133,0.07200112448055604
22.814799999999998,2.2814799999999997e-05,0.1033292932450538,0.07109519063706923
22.815599999999996,2.2815599999999995e-05,0.06606722624559891,0.07017653101942303
22.8164,2.28164e-05,0.10197772722482112,0.06924400459234911
22.8172,2.28172e-05,0.09663690402975744,0.06829643574341793
22.817999999999998,2.2817999999999997e-05,0.05484919034566749,0.06733263142826325
22.818799999999996,2.2818799999999996e-05,0.0654203808155508,0.06635139757981025
22.8196,2.28196e-05,0.10638856844347522,0.06535155455293955
22.8204,2.28204e-05,0.061147230751492976,0.06433195146255229
22.821199999999997,2.2821199999999998e-05,0.07999387939457647,0.06329147932748945
22.821999999999996,2.2821999999999996e-05,0.07776169597804261,0.062229082984576786
22.8228,2.28228e-05,0.061408049440659584,0.06114377180780147
22.8236,2.28236e-05,0.035557315627292696,0.06003462934518256
22.824399999999997,2.2824399999999994e-05,0.09120075636590319,0.058900822044740266
22.825199999999995,2.2825199999999993e-05,0.04357422413989842,0.057741607261843374
22.826,2.2825999999999998e-05,0.03032921738105232,0.0565563407204677
22.8268,2.2826799999999996e-05,0.03211277003084734,0.055344483553755805
22.827599999999997,2.2827599999999995e-05,0.07068328002186497,0.05410560897536292
22.828399999999995,2.2828399999999993e-05,0.04364306971719811,0.05283940851414791
22.8292,2.2829199999999998e-05,0.08998347680883634,0.051545697590083615
22.83,2.2829999999999997e-05,0.10104698890555053,0.05022442007609358
22.830799999999996,2.2830799999999995e-05,0.08393660884930076,0.04887565144377166
22.831599999999995,2.2831599999999993e-05,0.02621475215451252,0.04749960016556525
22.8324,2.28324e-05,0.05395533350362758,0.046096607228701535
22.833199999999998,2.2833199999999997e-05,0.03399429549800592,0.04466714383258161
22.833999999999996,2.2833999999999995e-05,0.0664324478150059,0.043211807493547603
22.8348,2.28348e-05,0.026860273410270308,0.041731316827743115
22.8356,2.28356e-05,0.045962823365358174,0.04022650526189451
22.836400000000005,2.2836400000000004e-05,0.06536326199827835,0.03869831388789927
22.837199999999996,2.2837199999999995e-05,0.010462747501356784,0.037147783652157824
22.838,2.2838e-05,0.04685119499882329,0.035576047054590235
22.8388,2.28388e-05,0.02481930676274613,0.033984319519954766
22.839599999999997,2.2839599999999997e-05,0.031929686818992664,0.032373890581237345
22.840399999999995,2.2840399999999996e-05,0.04711125734512256,0.03074611496858959
22.8412,2.28412e-05,0.02529857745527353,0.0291024036356389
22.842,2.2842e-05,0.03479358421411971,0.027444214700809235
22.842799999999997,2.2842799999999998e-05,0.06651377649519008,0.025773044250668613
22.843599999999995,2.2843599999999993e-05,0.01728942317982496,0.02409041694995596
22.8444,2.2844399999999998e-05,0.030235973429416196,0.02239787643249124
22.8452,2.2845199999999996e-05,0.04242144061440456,0.02069697550857829
22.845999999999997,2.2845999999999994e-05,-0.004077462803300236,0.018989266299296644
22.846799999999995,2.2846799999999993e-05,-0.007346111593635296,0.0172762904660607
22.8476,2.2847599999999998e-05,0.04201252818490164,0.01555956972111001
22.848399999999998,2.2848399999999996e-05,0.024285754112951086,0.01384059676796335
22.849199999999996,2.2849199999999995e-05,0.013748040428871233,0.012120826742905558
22.849999999999994,2.2849999999999993e-05,0.01753567824895952,0.010401669157675406
22.8508,2.2850799999999998e-05,0.04330149017927998,0.008684480321373228
22.851599999999998,2.2851599999999996e-05,0.0001385684434752621,0.006970556242537734
22.852399999999996,2.2852399999999995e-05,0.02114931126864039,0.005261126059049463
22.8532,2.28532e-05,-0.004089189563327267,0.003557346104842657
22.854,2.2854e-05,0.007660129957806849,0.0018602947854770915
22.854800000000004,2.2854800000000004e-05,0.0022177407425103546,0.00017096847568610755
22.855599999999995,2.2855599999999995e-05,0.005539915147245944,-0.0015097213408753994
22.8564,2.28564e-05,-0.011033507567807965,-0.0031809494866560993
22.8572,2.28572e-05,0.01632596441761791,-0.004841976882101306
22.858000000000004,2.2858000000000004e-05,-0.03148421885169406,-0.006492148561001249
22.858799999999995,2.2858799999999995e-05,-0.03248872012538684,-0.008130889782002496
22.8596,2.28596e-05,-0.03135976714280675,-0.009757700152008645
22.8604,2.28604e-05,0.013229807741965471,-0.011372145764900162
22.861200000000004,2.2861200000000004e-05,-0.037978393403681254,-0.012973849505547695
22.861999999999995,2.2861999999999992e-05,-0.0025492436340969205,-0.014562479844064327
22.8628,2.2862799999999997e-05,0.012296988905547201,-0.0161377385948146
22.863599999999998,2.2863599999999996e-05,0.014268353632914343,-0.01769934820864439
22.864399999999996,2.2864399999999994e-05,0.01523881028942109,-0.019247039195384206
22.865199999999994,2.2865199999999992e-05,-0.012453919165273275,-0.020780538220701698
22.866,2.2865999999999998e-05,-0.04129848729126939,-0.022299557283265475
22.866799999999998,2.2866799999999996e-05,-0.023315055564417153,-0.023803784199539258
22.867599999999996,2.2867599999999994e-05,0.01664390192405707,-0.025292874480750807
22.868399999999994,2.2868399999999993e-05,-0.02131380725412879,-0.02676644462370216
22.8692,2.2869199999999998e-05,-0.012652890171509945,-0.028224066823121556
22.869999999999997,2.2869999999999996e-05,-0.08236067521369728,-0.029665265082735457
22.870799999999996,2.2870799999999995e-05,-0.023950174234407928,-0.031089512642415808
22.8716,2.28716e-05,-0.00042278727209354994,-0.03249623060827145
22.8724,2.2872399999999998e-05,0.018737637843134092,-0.03388478771685729
22.873200000000004,2.2873200000000003e-05,-0.05978766860210283,-0.035254501237292075
22.873999999999995,2.2873999999999995e-05,-0.06993443816811917,-0.0366046390216759
22.8748,2.28748e-05,-0.04126860370827812,-0.037934422638304446
22.8756,2.2875599999999998e-05,-0.043921614825836675,-0.039243031459751374
22.876400000000004,2.2876400000000003e-05,-0.023345695490235796,-0.04052960762092657
22.877199999999995,2.2877199999999995e-05,-0.033898729137215144,-0.041793261892164466
22.878,2.2878e-05,-0.042792661843256696,-0.043033080638867495
22.8788,2.28788e-05,-0.01428267536094907,-0.04424813410214595
22.879600000000003,2.2879600000000004e-05,0.010601762830245942,-0.04543748623415009
22.880399999999995,2.2880399999999992e-05,-0.057566644114103616,-0.04660020627116372
22.8812,2.28812e-05,-0.013905727031484738,-0.04773538212077416
22.881999999999998,2.2881999999999995e-05,-0.048786760531212336,-0.048842135476817226
22.882800000000003,2.28828e-05,-0.04220766409613874,-0.049919638395743905
22.883599999999994,2.2883599999999992e-05,-0.05133328825128303,-0.05096713092048594
22.8844,2.2884399999999997e-05,-0.05376028163968849,-0.051983939243634404
22.885199999999998,2.2885199999999996e-05,-0.04427151643228455,-0.05296949385678733
22.885999999999996,2.2885999999999994e-05,-0.07777185667178232,-0.05392334712822138
22.886799999999994,2.2886799999999992e-05,-0.02350778501911166,-0.054845189776389365
22.8876,2.2887599999999998e-05,-0.07615039355093312,-0.05573486575133895
22.888399999999997,2.2888399999999996e-05,-0.06945308695841446,-0.05659238508977919
22.889199999999995,2.2889199999999994e-05,-0.056858518832518246,-0.05741793436626572
22.89,2.289e-05,-0.07442660806699053,-0.058211884430688574
22.8908,2.2890799999999998e-05,-0.04760068873138956,-0.0589747952155352
22.891600000000004,2.2891600000000003e-05,-0.03315712706973628,-0.059707417510923996
22.892399999999995,2.2892399999999994e-05,-0.035390823172054886,-0.060410691709587586
22.8932,2.28932e-05,-0.085411628343529,-0.0610857435775095
22.894,2.2893999999999998e-05,-0.08187648714401774,-0.06173387709153853
22.894800000000004,2.2894800000000003e-05,-0.053467498850483186,-0.06235656433880977
22.895599999999995,2.2895599999999995e-05,-0.0587283175396498,-0.06295543246508593
22.8964,2.28964e-05,-0.04880132415124416,-0.06353224772300302
22.897199999999998,2.2897199999999998e-05,-0.06930007584095565,-0.06408889676551606
22.898000000000003,2.2898000000000003e-05,-0.09827117619288661,-0.06462736539630326
22.898799999999994,2.289879999999999e-05,-0.052422711408062095,-0.06514971502229172
22.8996,2.28996e-05,-0.06779549870323143,-0.06565805709749392
22.900399999999998,2.2900399999999995e-05,-0.06716038003324076,-0.0661545259332944
22.901200000000003,2.29012e-05,-0.057012286292904335,-0.06664125035949056
22.901999999999994,2.2901999999999992e-05,-0.05405249659750111,-0.06712032481166601
22.9028,2.2902799999999997e-05,-0.04729126180490506,-0.0675937804731778
22.903599999999997,2.2903599999999995e-05,-0.07080257246153265,-0.06806355711346482
22.904400000000003,2.29044e-05,-0.05331089453012239,-0.06853147624085408
22.905199999999994,2.2905199999999992e-05,-0.0544426843726773,-0.0689992161375845
22.906,2.2905999999999997e-05,-0.06195176278419423,-0.0694682892866269
22.906799999999997,2.2906799999999996e-05,-0.039095619626204337,-0.06994002264402835
22.907599999999995,2.2907599999999994e-05,-0.08283862173193468,-0.07041554114988659
22.9084,2.29084e-05,-0.0605069528122526,-0.07089575479835707
22.9092,2.2909199999999997e-05,-0.02868178981957914,-0.07138134951014644
22.910000000000004,2.2910000000000003e-05,-0.05494975813097858,-0.07187278198178974
22.910799999999995,2.2910799999999994e-05,-0.08110935103937733,-0.07237027861506978
22.9116,2.29116e-05,-0.0775923666627999,-0.07287383853407277
22.912399999999998,2.2912399999999998e-05,-0.05371375391961786,-0.07338324058629578
22.913200000000003,2.2913200000000003e-05,-0.06412758372624294,-0.07389805414420693
22.913999999999994,2.2913999999999994e-05,-0.030713678055586113,-0.0744176534942596
22.9148,2.29148e-05,-0.06218685892466447,-0.07494123558124222
22.915599999999998,2.2915599999999998e-05,-0.08184527938680641,-0.07546784081266415
22.916400000000003,2.2916400000000003e-05,-0.0801466486200677,-0.07599637651053322
22.917199999999994,2.2917199999999995e-05,-0.07107871111355857,-0.07652564247068604
22.918,2.2918e-05,-0.05875820112254104,-0.07705435801090754
22.918799999999997,2.2918799999999995e-05,-0.052661212240099675,-0.0775811898740213
22.919600000000003,2.29196e-05,-0.1188026483255642,-0.07810478036165903
22.920399999999994,2.292039999999999e-05,-0.12195932850985669,-0.07862377506837191
22.9212,2.2921199999999997e-05,-0.07482171321928899,-0.07913684958492063
22.921999999999997,2.2921999999999995e-05,-0.03579708725291786,-0.07964273461031843
22.922800000000002,2.29228e-05,-0.0915600623232633,-0.08014023907181442
22.923599999999993,2.2923599999999992e-05,-0.06674371336654072,-0.08062827101962104
22.9244,2.2924399999999997e-05,-0.09023289467737405,-0.08110585614536188
22.925199999999997,2.2925199999999995e-05,-0.09074204895282278,-0.08157215376947032
22.926000000000002,2.2926e-05,-0.08110802686505725,-0.0820264701249482
22.9268,2.29268e-05,-0.06620883654249554,-0.08246826878627406
22.927599999999998,2.2927599999999997e-05,-0.10530798180611589,-0.08289717815210546
22.928400000000003,2.2928400000000002e-05,-0.0744795658499382,-0.08331299596054469
22.9292,2.29292e-05,-0.050934022064689666,-0.08371569087615825
22.93,2.293e-05,-0.09136109131712689,-0.08410540123547251
22.930799999999998,2.2930799999999997e-05,-0.06453233512145107,-0.08448243106475226
22.931600000000003,2.2931600000000003e-05,-0.0591255032090956,-0.08484724347394731
22.932399999999994,2.2932399999999994e-05,-0.11340754317316581,-0.08520045148329156
22.9332,2.29332e-05,-0.12705389663585265,-0.08554280627798096
22.933999999999997,2.2933999999999998e-05,-0.07227234863914356,-0.08587518285157915
22.934800000000003,2.2934800000000003e-05,-0.10412399052344079,-0.08619856303801854
22.935599999999994,2.2935599999999994e-05,-0.0788813286571084,-0.08651401606270588
22.9364,2.29364e-05,-0.10779682287755143,-0.08682267692044376
22.937199999999997,2.2937199999999994e-05,-0.06612391465940914,-0.0871257230482067
22.938000000000002,2.2938000000000003e-05,-0.05926735539798966,-0.08742434988085224
22.938799999999993,2.293879999999999e-05,-0.06700377571287985,-0.08771974595845564
22.9396,2.2939599999999996e-05,-0.06485651417940241,-0.08801306827848168
22.940399999999997,2.2940399999999995e-05,-0.06115247406808044,-0.08830541853159958
22.941200000000002,2.29412e-05,-0.12103691225917546,-0.08859782073509624
22.941999999999993,2.294199999999999e-05,-0.06174655022651543,-0.08889120062672448
22.9428,2.2942799999999997e-05,-0.058516107087701164,-0.08918636705702561
22.943599999999996,2.2943599999999995e-05,-0.08174371336654074,-0.08948399554452602
22.9444,2.29444e-05,-0.08749288115968168,-0.08978461411037776
22.9452,2.29452e-05,-0.0979541835407397,-0.09008859144371056
22.945999999999998,2.2945999999999997e-05,-0.0844878879185278,-0.09039612736677338
22.946800000000003,2.2946800000000002e-05,-0.0970907781130137,-0.0907072455134223
22.9476,2.29476e-05,-0.07058487680106929,-0.09102178813222762
22.9484,2.29484e-05,-0.10411226376338367,-0.09133941295967489
22.949199999999998,2.2949199999999997e-05,-0.08863299307082628,-0.09165959214789357
22.950000000000003,2.2950000000000002e-05,-0.09141745379154187,-0.09198161326063288
22.9508,2.29508e-05,-0.04901561512034025,-0.09230458237693476
22.9516,2.29516e-05,-0.10474170871342481,-0.09262742936631757
22.952399999999997,2.2952399999999997e-05,-0.07629224573982718,-0.0929489154025309
22.953200000000002,2.2953200000000002e-05,-0.11322805316418338,-0.09326764274753813
22.953999999999994,2.2953999999999994e-05,-0.06917978516636325,-0.09358206678261961
22.9548,2.29548e-05,-0.07315996392981128,-0.09389051022859099
22.955599999999997,2.2955599999999998e-05,-0.10868027713382433,-0.09419117949139717
22.956400000000002,2.2956400000000003e-05,-0.08014305541716549,-0.09448218306499971
22.957199999999993,2.295719999999999e-05,-0.08024745829740598,-0.09476155190029847
22.958,2.2957999999999996e-05,-0.0747848317420281,-0.09502726161744249
22.958799999999997,2.2958799999999994e-05,-0.07584493914730839,-0.0952772564086814
22.959600000000002,2.29596e-05,-0.08376236215683586,-0.09550947443303436
22.960399999999993,2.296039999999999e-05,-0.04749363750250901,-0.09572187442318689
22.961199999999998,2.2961199999999996e-05,-0.10962974010742199,-0.0959124631102406
22.961999999999996,2.2961999999999995e-05,-0.0919788095071109,-0.09607932293560202
22.9628,2.29628e-05,-0.13109743576788546,-0.09622063938264976
22.963599999999992,2.296359999999999e-05,-0.1197627023963338,-0.09633472716724874
22.964399999999998,2.2964399999999996e-05,-0.07366911820525979,-0.0964200545265301
22.965200000000003,2.29652e-05,-0.1402489709831608,-0.09647526495313008
22.966,2.2966e-05,-0.056653306274939585,-0.09649919589455822
22.9668,2.29668e-05,-0.07994767761383104,-0.09649089410918638
22.967599999999997,2.2967599999999997e-05,-0.13711233962741526,-0.09644962749566105
22.968400000000003,2.2968400000000002e-05,-0.11006796828842358,-0.0963748932791209
22.9692,2.29692e-05,-0.10918943140927295,-0.09626642247461968
22.97,2.297e-05,-0.07752144056835286,-0.09612418061707372
22.970799999999997,2.2970799999999997e-05,-0.10868443816811924,-0.09594836488038216
22.971600000000002,2.2971600000000002e-05,-0.08817320337552315,-0.09573939786697484
22.9724,2.29724e-05,-0.09398837988598896,-0.09549791847320543
22.9732,2.29732e-05,-0.06918527037497813,-0.09522477031012135
22.973999999999997,2.2973999999999997e-05,-0.08707205345868685,-0.09492098819890725
22.974800000000002,2.2974800000000002e-05,-0.05045475137213229,-0.09458778326859513
22.975599999999993,2.297559999999999e-05,-0.08701361046712441,-0.09422652714585109
22.976399999999998,2.2976399999999996e-05,-0.06272873364307929,-0.09383873563347644
22.977199999999996,2.2977199999999994e-05,-0.09862599517655668,-0.09342605213478593
22.978,2.2978e-05,-0.13231963270214153,-0.09299023092405845
22.978799999999993,2.297879999999999e-05,-0.08666786989497144,-0.09253312023566052
22.979599999999998,2.2979599999999996e-05,-0.10394733737443318,-0.09205664509807295
22.980399999999996,2.2980399999999994e-05,-0.09182920308101972,-0.09156278989652075
22.9812,2.29812e-05,-0.07437308245255025,-0.0910535807761328
22.981999999999992,2.298199999999999e-05,-0.0568042368752506,-0.09053106813048391
22.982799999999997,2.2982799999999996e-05,-0.079937275028094,-0.08999730950374575
22.983600000000003,2.29836e-05,-0.06134860821424237,-0.08945435324092924
22.9844,2.29844e-05,-0.11261109131712688,-0.08890422314901684
22.9852,2.2985199999999998e-05,-0.0535397491192503,-0.0883489043146656
22.985999999999997,2.2985999999999996e-05,-0.08367819661667686,-0.08779033011280368
22.986800000000002,2.29868e-05,-0.10282746280327015,-0.08723037036563086
22.9876,2.29876e-05,-0.09919359244356785,-0.08667082056942454
22.9884,2.2988399999999998e-05,-0.07724870660769445,-0.08611339209091194
22.989199999999997,2.2989199999999997e-05,-0.08293110934068337,-0.08555970325933991
22.990000000000002,2.2990000000000002e-05,-0.06815372237836903,-0.08501127134725629
22.9908,2.29908e-05,-0.07438840241540956,-0.08446950550754015
22.9916,2.29916e-05,-0.04926395070662215,-0.0839357007727349
22.992399999999996,2.2992399999999997e-05,-0.0776960132001131,-0.08341103320690027
22.9932,2.2993200000000002e-05,-0.07152942239744475,-0.08289655623381231
22.994,2.2994e-05,-0.05857246956211626,-0.08239319806312821
22.994799999999998,2.2994799999999995e-05,-0.0763270466998407,-0.08190176002150264
22.995599999999996,2.2995599999999994e-05,-0.11583245604442394,-0.08142291549074085
22.9964,2.29964e-05,-0.05453668466718076,-0.08095720907501695
22.997199999999992,2.299719999999999e-05,-0.11867744027384941,-0.08050505558304147
22.997999999999998,2.2997999999999996e-05,-0.12090829951609328,-0.08006673843899767
22.998799999999996,2.2998799999999994e-05,-0.08157878697759025,-0.07964240723398013
22.9996,2.29996e-05,-0.06126236215683589,-0.07923207429396441
23.000399999999992,2.300039999999999e-05,-0.05933695731821664,-0.07883561035271455
23.001199999999997,2.3001199999999996e-05,-0.08447464847281594,-0.07845273961960086
23.001999999999995,2.3001999999999994e-05,-0.078749122711124,-0.0780830346514658
23.0028,2.30028e-05,-0.08934319886965902,-0.07772591146398508
23.0036,2.3003599999999998e-05,-0.043994053605938555,-0.0773806253097359
23.004399999999997,2.3004399999999996e-05,-0.056921122858375695,-0.07704626756033832
23.005200000000002,2.30052e-05,-0.0568647603839606,-0.07672176415016647
23.006,2.3006e-05,-0.04897457260878435,-0.07640587602083918
23.0068,2.3006799999999998e-05,-0.06153850080896173,-0.0760972019196076
23.007599999999996,2.3007599999999996e-05,-0.03616779403093984,-0.07579418376456448
23.0084,2.30084e-05,-0.06012433076283874,-0.07549511462438648
23.0092,2.30092e-05,-0.11965470631319108,-0.0751981491867384
23.009999999999998,2.3009999999999998e-05,-0.08258120773413546,-0.07490131642593445
23.010799999999996,2.3010799999999997e-05,-0.06941620548125338,-0.07460253407377472
23.0116,2.3011600000000002e-05,-0.06410110483481923,-0.074299624497368
23.0124,2.30124e-05,-0.0933150555644171,-0.07399033168295673
23.013199999999998,2.3013199999999995e-05,-0.04870259499105334,-0.07367233914285982
23.013999999999996,2.3013999999999993e-05,-0.053723400162527524,-0.0733432886461082
23.0148,2.30148e-05,-0.07112599517655671,-0.07300079971431254
23.0156,2.3015599999999997e-05,-0.09728899277632275,-0.07264248982856
23.016399999999997,2.3016399999999995e-05,-0.027328711113558612,-0.07226599526759392
23.017199999999995,2.3017199999999994e-05,-0.06144393268296566,-0.07186899246757762
23.018,2.3018e-05,-0.04573089002425834,-0.07144921977637958
23.0188,2.3018799999999997e-05,-0.05730506908210953,-0.07100449944421784
23.019599999999997,2.3019599999999996e-05,-0.08985859469654989,-0.07053275961395822
23.020399999999995,2.3020399999999994e-05,-0.044548411427237866,-0.0700320559622599
23.0212,2.30212e-05,-0.0715642233575583,-0.06950059254648314
23.022,2.3021999999999997e-05,-0.09409278276622934,-0.06893674136401966
23.022799999999997,2.3022799999999996e-05,-0.07860727052222971,-0.06833906012808467
23.023600000000002,2.30236e-05,-0.06449412946997013,-0.0677063078003231
23.0244,2.30244e-05,-0.09040463044915947,-0.06703745750343373
23.025199999999998,2.3025199999999998e-05,-0.07653017874037205,-0.0663317065644188
23.025999999999996,2.3025999999999996e-05,-0.0853760710405882,-0.06558848358902249
23.0268,2.30268e-05,-0.003721319645350052,-0.06480745262402837
23.0276,2.30276e-05,-0.05369351657953625,-0.06398851461393669
23.028399999999998,2.3028399999999998e-05,-0.049714661990508335,-0.06313180646162633
23.029199999999996,2.3029199999999996e-05,-0.02947181161274115,-0.06223769800717991
23.03,2.303e-05,-0.09615379824230053,-0.06130678714404273
23.0308,2.30308e-05,-0.06585193704167813,-0.06033989315907319
23.031599999999997,2.3031599999999995e-05,-0.0646081785931204,-0.059338048288199254
23.032399999999996,2.3032399999999993e-05,0.0002720985637797435,-0.0583024874661261
23.0332,2.3033199999999998e-05,-0.07846598616472844,-0.05723463630369205
23.034,2.3033999999999997e-05,-0.01452893043008363,-0.05613609738127218
23.034799999999997,2.3034799999999995e-05,-0.09283786538900718,-0.05500863493745146
23.035599999999995,2.3035599999999993e-05,-0.06959985652453071,-0.05385415796770787
23.0364,2.30364e-05,-0.08532595011761535,-0.052674701697850435
23.0372,2.3037199999999997e-05,-0.025720487438521178,-0.051472407428701045
23.037999999999997,2.3037999999999995e-05,-0.07598130612768772,-0.05024950087815928
23.038799999999995,2.3038799999999994e-05,-0.024430201269792784,-0.049008269328987525
23.0396,2.30396e-05,-0.054942760236708854,-0.047751038055512694
23.040399999999998,2.3040399999999997e-05,-0.01185360145536607,-0.04648014661012778
23.041199999999996,2.3041199999999995e-05,0.004512528184901665,-0.04519792559834741
23.042,2.3042e-05,0.002016689219196399,-0.04390667455534857
23.0428,2.30428e-05,-0.03830257246153268,-0.042608641433762424
23.043599999999998,2.3043599999999997e-05,-0.0727084963029977,-0.04130600401150092
23.044399999999996,2.3044399999999996e-05,-0.0186545545852278,-0.04000085327990456
23.0452,2.30452e-05,-0.05637357442001134,-0.03869517867698358
23.046,2.3046e-05,-0.06023629936884156,-0.037390854957783035
23.046799999999998,2.3046799999999998e-05,-0.05127900629401527,-0.03608963053285879
23.047599999999996,2.3047599999999996e-05,-0.012421198722377236,-0.034793117210021714
23.0484,2.30484e-05,0.024752541702594,-0.03350278141102461
23.0492,2.30492e-05,-0.03989471983088344,-0.03221993705981546
23.049999999999997,2.3049999999999994e-05,-0.02257912721698807,-0.030945740382884803
23.050799999999995,2.3050799999999993e-05,0.030330541555342316,-0.029681186792489146
23.0516,2.3051599999999998e-05,-0.046978053164183464,-0.028427109883965504
23.0524,2.3052399999999996e-05,-0.033897972794287745,-0.02718418243006081
23.053199999999997,2.3053199999999995e-05,-0.0420414135329682,-0.025952919125124214
23.053999999999995,2.3053999999999993e-05,-0.008573793736436297,-0.0247336807444852
23.0548,2.3054799999999998e-05,0.008620751860009102,-0.023526679371860655
23.0556,2.3055599999999997e-05,-0.006180277133824408,-0.022331984394964026
23.056399999999996,2.3056399999999995e-05,-0.07424087650656586,-0.02114952900599282
23.057199999999995,2.3057199999999993e-05,-0.04566828599840089,-0.019979116927094424
23.058,2.3058e-05,-0.026701914512157532,-0.018820429061489497
23.058799999999998,2.3058799999999997e-05,-0.014919874548087186,-0.017673029840402508
23.059599999999996,2.3059599999999995e-05,0.017472317880234733,-0.016536373215269885
23.0604,2.30604e-05,-0.01980998645923182,-0.015409808452091524
23.0612,2.30612e-05,-0.01881040256266131,-0.014292586020380825
23.062000000000005,2.3062000000000004e-05,0.018638908682903188,-0.013183863904238532
23.062799999999996,2.3062799999999995e-05,-0.012593690837049976,-0.012082714639729358
23.0636,2.30636e-05,0.02405898004101059,-0.010988133347142982
23.0644,2.30644e-05,0.03027417908092722,-0.009899046981888877
23.065199999999997,2.3065199999999997e-05,0.0016215840668680759,-0.008814324947985203
23.065999999999995,2.3065999999999996e-05,-0.012490044299676817,-0.007732791086181381
23.0668,2.30668e-05,-0.024606098075973026,-0.006653236879868555
23.0676,2.30676e-05,-0.007764858777442818,-0.00557443557002336
23.068399999999997,2.3068399999999998e-05,-0.012160380033240714,-0.004495156799055399
23.069199999999995,2.3069199999999993e-05,0.028677114334424214,-0.0034141814320966524
23.07,2.3069999999999998e-05,-0.010965986164758412,-0.0023303162909055213
23.0708,2.3070799999999996e-05,0.026967324639080914,-0.0012424086139311763
23.071599999999997,2.3071599999999994e-05,-0.011207323856740725,-0.00014936008463090988
23.072399999999995,2.3072399999999993e-05,-0.000586200975319251,0.0009498597482574491
23.0732,2.3073199999999998e-05,-0.006135073588003581,0.002056200866982957
23.073999999999998,2.3073999999999996e-05,-0.014613095970242629,0.0031705212149623777
23.074799999999996,2.3074799999999995e-05,-0.005864420144532589,0.004293576340186959
23.075599999999994,2.3075599999999993e-05,0.03553726679867597,0.005426010342736404
23.0764,2.3076399999999998e-05,0.036801074075850426,0.00656834809927094
23.077199999999998,2.3077199999999997e-05,0.02398105605225387,0.00772098863780903
23.077999999999996,2.3077999999999995e-05,0.014708662331063382,0.00888419951171849
23.0788,2.30788e-05,-0.004786912259205467,0.010058112090143081
23.0796,2.30796e-05,0.03376336039176053,0.011242717795533264
23.080400000000004,2.3080400000000004e-05,0.03899505184086338,0.012437865407670487
23.081199999999995,2.3081199999999995e-05,-0.013477145093392928,0.013643259592517486
23.082,2.3082e-05,0.0314511724693326,0.014858460831787072
23.0828,2.30828e-05,-0.008025677466609316,0.016082886949805787
23.083600000000004,2.3083600000000004e-05,-0.0039132927572170795,0.017315816439407338
23.084399999999995,2.3084399999999995e-05,0.05043286391843538,0.018556393745263286
23.0852,2.30852e-05,0.010350022552526372,0.01980363656774423
23.086,2.3086e-05,0.013059396144440183,0.02105644513552464
23.086800000000004,2.3086800000000004e-05,0.0943483581388117,0.022313613304120215
23.087599999999995,2.3087599999999992e-05,-0.018045914806660956,0.02357384129538677
23.0884,2.3088399999999997e-05,-0.009040581326079211,0.024835749900222977
23.089199999999998,2.3089199999999996e-05,0.05673922639285056,0.02609789599991272
23.089999999999996,2.3089999999999994e-05,0.009145982441204459,0.027358789267355393
23.090799999999994,2.3090799999999992e-05,0.021281517214664758,0.02861690984529728
23.0916,2.3091599999999998e-05,0.05131764234902836,0.029870726687362938
23.092399999999998,2.3092399999999996e-05,0.061186192745871115,0.031118716144826832
23.093199999999996,2.3093199999999994e-05,0.0559503402624737,0.03235938031960013
23.093999999999994,2.3093999999999993e-05,0.06237434506287132,0.03359126470189397
23.0948,2.3094799999999998e-05,-0.019409963929811314,0.03481297468660418
23.095599999999997,2.3095599999999996e-05,0.06933663137878843,0.03602319069135085
23.096399999999996,2.3096399999999995e-05,0.03379324397468175,0.03722068170942156
23.0972,2.30972e-05,0.05327293077063866,0.03840431716599434
23.098,2.3097999999999998e-05,0.07254608083469671,0.0395730769219845
23.098800000000004,2.3098800000000003e-05,0.01954940966213259,0.040726059250751026
23.099599999999995,2.3099599999999995e-05,0.06723098018826246,0.0418624866388178
23.1004,2.31004e-05,0.10081548596787937,0.04298170932254636
23.1012,2.3101199999999998e-05,0.02792662236699317,0.0440832065463037
23.102000000000004,2.3102000000000003e-05,0.025912134610962756,0.045166585618311404
23.102799999999995,2.3102799999999995e-05,0.018849606449096945,0.04623157895197807
23.1036,2.31036e-05,0.09396157505506986,0.04727803936566633
23.1044,2.31044e-05,0.05697772722481809,0.048305933910965784
23.105200000000004,2.3105200000000004e-05,0.04832513221075896,0.04931533642724212
23.105999999999995,2.3105999999999992e-05,0.0550920407233747,0.05030641896684817
23.1068,2.31068e-05,0.018851119134821737,0.05127944224596918
23.107599999999998,2.3107599999999995e-05,0.07661742303257313,0.052234745306987324
23.108400000000003,2.31084e-05,0.05926910997577173,0.05317273456807004
23.109199999999994,2.3109199999999992e-05,0.05236318613427682,0.05409387237751387
23.11,2.3109999999999997e-05,0.07131556183188081,0.05499866512615656
23.110799999999998,2.3110799999999996e-05,0.08914390192406008,0.0558876509393625
23.111599999999996,2.3111599999999994e-05,0.056438689366448136,0.05676138697857212
23.112399999999994,2.3112399999999992e-05,0.06424962897858755,0.057620436426836404
23.1132,2.3113199999999998e-05,0.06527701594093194,0.05846535530720125
23.113999999999997,2.3113999999999996e-05,0.03270400932933748,0.05929667936357093
23.114799999999995,2.3114799999999994e-05,0.06672315008709373,0.06011491128332835
23.1156,2.31156e-05,0.08884336489765765,0.060920508536620094
23.1164,2.3116399999999998e-05,0.027020282422068664,0.06171387205652954
23.117200000000004,2.3117200000000003e-05,0.07527985280094385,0.0624953359190171
23.117999999999995,2.3117999999999994e-05,0.09020325298648013,0.06326515812795544
23.1188,2.31188e-05,0.09915014347549933,0.0640235125709067
23.1196,2.3119599999999998e-05,0.09234294879422855,0.06477048219374096
23.120400000000004,2.3120400000000003e-05,0.053080389827349084,0.06550605348394106
23.121199999999995,2.3121199999999995e-05,0.026665463438398596,0.06623011246981562
23.122,2.3122e-05,0.05143244781500589,0.06694244257820377
23.122799999999998,2.3122799999999998e-05,0.06865971385437741,0.06764272474704537
23.123600000000003,2.3123600000000003e-05,0.03277777228379941,0.06833054010700892
23.124399999999994,2.312439999999999e-05,0.04870283688305055,0.06900537536025088
23.1252,2.31252e-05,0.1094457631247494,0.06966663076315985
23.125999999999998,2.3125999999999995e-05,0.08074247935628476,0.07031363040813723
23.126800000000003,2.31268e-05,0.09534453734395143,0.070945634329452
23.127599999999994,2.3127599999999992e-05,0.06650337390945293,0.07156185187460551
23.1284,2.3128399999999997e-05,0.11701328452775894,0.07216145580372905
23.129199999999997,2.3129199999999995e-05,0.09567212109326739,0.07274359666903746
23.130000000000003,2.313e-05,0.03370643008592278,0.07330741713938146
23.130799999999994,2.3130799999999992e-05,0.07523672977227358,0.07385206605263125
23.1316,2.3131599999999997e-05,0.10360826875712459,0.07437671207519674
23.132399999999997,2.3132399999999996e-05,0.08418078340128787,0.074880556882832
23.133199999999995,2.3133199999999994e-05,0.09008504282906804,0.07536284775468988
23.134,2.3134e-05,0.09562559337315979,0.07582288945704513
23.1348,2.3134799999999997e-05,0.0557362378048456,0.07626005533080624
23.135600000000004,2.3135600000000003e-05,0.06784037630965378,0.07667379756970172
23.136399999999995,2.3136399999999994e-05,0.07565055957892886,0.07706365673232322
23.1372,2.31372e-05,0.08000295780602351,0.07742927053058372
23.137999999999998,2.3137999999999998e-05,0.09749255522028633,0.07777038187566712
23.138800000000003,2.3138800000000003e-05,0.09750711884031826,0.07808684607797732
23.139599999999994,2.3139599999999994e-05,0.08257464024333083,0.07837863704250915
23.1404,2.31404e-05,0.10601578114833587,0.07864585230506735
23.141199999999998,2.3141199999999998e-05,0.06261284589484883,0.07888871681124278
23.142000000000003,2.3142000000000003e-05,0.08631140079758592,0.0791075854190425
23.142799999999994,2.3142799999999995e-05,0.08660210306967397,0.07930294417373203
23.1436,2.31436e-05,0.0743205550730347,0.07947541043714745
23.144399999999997,2.3144399999999995e-05,0.09797674328996597,0.07962573195225262
23.145200000000003,2.3145200000000003e-05,0.08767544992070331,0.07975478490552745
23.145999999999994,2.314599999999999e-05,0.07338641206232921,0.07986357103654901
23.1468,2.3146799999999997e-05,0.05260452382625913,0.07995321384423143
23.147599999999997,2.3147599999999995e-05,0.09616879226583153,0.08002495393865532
23.148400000000002,2.31484e-05,0.1090228549066371,0.08008014355776015
23.149199999999993,2.3149199999999992e-05,0.05630383507185366,0.08012024020311928
23.15,2.3149999999999997e-05,0.12767961095500102,0.0801467992862516
23.150799999999997,2.3150799999999995e-05,0.07293986181273804,0.08016146565846367
23.151600000000002,2.31516e-05,0.0651567252663795,0.08016596392500121
23.1524,2.31524e-05,0.11223514122255718,0.08016208749135499
23.1532,2.3153199999999997e-05,0.06973722173970465,0.08015168632816771
23.154000000000003,2.3154000000000002e-05,0.07915014347550231,0.08013665345645113
23.1548,2.31548e-05,0.1035365863198131,0.08011891015206285
23.1556,2.31556e-05,0.09085369161939716,0.08010038986229844
23.156399999999998,2.3156399999999997e-05,0.11721149919106821,0.0800830208294722
23.157200000000003,2.3157200000000003e-05,0.08672598694710565,0.08006870744391632
23.157999999999994,2.3157999999999994e-05,0.09272973187797096,0.0800593104220604
23.1588,2.31588e-05,0.08365630916294697,0.08005662602058554
23.159599999999998,2.3159599999999998e-05,0.1187620362174705,0.0800623646233313
23.160400000000003,2.3160400000000003e-05,0.030083718654784986,0.08007812914294517
23.161199999999994,2.3161199999999994e-05,0.057687365192158224,0.08010539375276765
23.162,2.3162e-05,0.0991862686098699,0.08014548349177647
23.162799999999997,2.3162799999999994e-05,0.10951952607920112,0.08019955523838974
23.163600000000002,2.3163600000000003e-05,0.0913955663377779,0.08026858043677114
23.164399999999993,2.316439999999999e-05,0.04102485955979296,0.08035332985791681
23.1652,2.3165199999999996e-05,0.10515464474923197,0.08045436065045806
23.165999999999997,2.3165999999999995e-05,0.07045442543276703,0.08057200595341367
23.166800000000002,2.31668e-05,0.08209253269079875,0.08070636733352567
23.167599999999993,2.316759999999999e-05,0.06527909645807939,0.08085731025390146
23.1684,2.3168399999999997e-05,0.09074172301342742,0.08102446270691757
23.169199999999996,2.3169199999999995e-05,0.07975878325403629,0.08120721706897918
23.17,2.317e-05,0.05938107858174446,0.08140473515458181
23.1708,2.31708e-05,0.07877111462892461,0.08161595636328278
23.171599999999998,2.3171599999999997e-05,0.09127584349464513,0.08183960872536782
23.172400000000003,2.3172400000000002e-05,0.10976918583977335,0.08207422255367379
23.1732,2.31732e-05,0.11204033125067547,0.08231814631413399
23.174,2.3174e-05,0.049125745101162854,0.08256956427902173
23.174799999999998,2.3174799999999997e-05,0.10569708729903649,0.08282651555144926
23.175600000000003,2.3175600000000002e-05,0.0880531545929949,0.08308691411639674
23.1764,2.31764e-05,0.0993909133360591,0.08334856962344625
23.1772,2.31772e-05,0.1022045012967685,0.08360920862109579
23.177999999999997,2.3177999999999997e-05,0.08083004958791418,0.08386649597465066
23.178800000000003,2.3178800000000002e-05,0.1012940003175492,0.08411805623871067
23.179599999999994,2.3179599999999994e-05,0.05311159758456041,0.08436149481327325
23.1804,2.31804e-05,0.09612150820286647,0.0845944187590574
23.181199999999997,2.3181199999999998e-05,0.12717253719669985,0.0848144571565156
23.182000000000002,2.3182000000000003e-05,0.09748347680883629,0.08501928086592392
23.182799999999993,2.318279999999999e-05,0.0872442196340043,0.08520662152567725
23.1836,2.3183599999999996e-05,0.08247099370595179,0.08537428966176824
23.184399999999997,2.3184399999999994e-05,0.0743769175474498,0.08552019186749842
23.185200000000002,2.31852e-05,0.08679407618154078,0.08564234708677965
23.185999999999993,2.318599999999999e-05,0.10223173653111983,0.08573890204656104
23.186799999999998,2.3186799999999996e-05,0.09109162461994524,0.08580814583991046
23.187599999999996,2.3187599999999995e-05,0.10267620626356377,0.08584852360539053
23.1884,2.31884e-05,0.06934287293023078,0.08585864922097503
23.189199999999992,2.318919999999999e-05,0.08146857294936949,0.08583731693834648
23.189999999999998,2.3189999999999997e-05,0.10315472061322362,0.08578351189786253
23.190800000000003,2.31908e-05,0.0744179600589755,0.0856964194531629
23.1916,2.31916e-05,0.0753258126896218,0.08557543319262903
23.1924,2.31924e-05,0.10111034927427198,0.08542016149117536
23.193199999999997,2.3193199999999997e-05,0.10169326650417243,0.08523043237157917
23.194000000000003,2.3194000000000002e-05,0.12736034927427198,0.08500629640473101
23.1948,2.31948e-05,0.09887608534059078,0.08474802735861263
23.1956,2.31956e-05,0.09516221047495754,0.08445612035446103
23.196399999999997,2.3196399999999997e-05,0.0968184745558871,0.08413128741170285
23.197200000000002,2.3197200000000002e-05,0.09995699791734547,0.08377445042069956
23.198,2.3198e-05,0.06174962897858749,0.08338673172304735
23.1988,2.31988e-05,0.0676011191348217,0.08296944257617897
23.199599999999997,2.3199599999999997e-05,0.10853318162838266,0.08252406982253459
23.200400000000002,2.3200400000000002e-05,0.07756348131473334,0.08205226106694616
23.201199999999993,2.320119999999999e-05,0.09090929775095091,0.08155580860464043
23.201999999999998,2.3201999999999996e-05,0.09963073834231373,0.08103663228137621
23.202799999999996,2.3202799999999994e-05,0.07064639854463395,0.08049676144192014
23.2036,2.32036e-05,0.09807679662447688,0.07993831613143798
23.204399999999993,2.320439999999999e-05,0.07737774975430878,0.0793634877361272
23.205199999999998,2.3205199999999996e-05,0.09748688150026974,0.0787745192693483
23.205999999999996,2.3205999999999994e-05,0.07018660884930072,0.07817368552376029
23.2068,2.32068e-05,0.06157921738105221,0.07756327332162684
23.207599999999992,2.320759999999999e-05,0.08909794203538202,0.07694556210033968
23.208399999999997,2.3208399999999996e-05,0.09770533350362753,0.07632280505228205
23.209200000000003,2.32092e-05,0.0637641167346179,0.07569721099365873
23.21,2.321e-05,0.08877659983750574,0.07507092709171129
23.2108,2.3210799999999998e-05,0.06780765586672066,0.07444602256048763
23.211599999999997,2.3211599999999996e-05,0.06618468006014644,0.07382447343467576
23.212400000000002,2.32124e-05,0.08999463573743371,0.07320814852135413
23.2132,2.32132e-05,0.10027077438948961,0.07259879659871138
23.214,2.3214e-05,0.0558404521736483,0.07199803489433236
23.214799999999997,2.3214799999999997e-05,0.03815207226465356,0.07140733886021859
23.215600000000002,2.3215600000000002e-05,0.11427743204436136,0.07082803326816006
23.2164,2.32164e-05,0.08883712334621585,0.0702612846411313
23.2172,2.32172e-05,0.07052327101006661,0.0697080949970347
23.217999999999996,2.3217999999999997e-05,0.07634412124051915,0.06916929685356366
23.2188,2.3218800000000002e-05,0.061769109975771674,0.06864554947006317
23.2196,2.32196e-05,0.08581889065931658,0.06813733636086505
23.220399999999998,2.3220399999999995e-05,0.09740555282008556,0.06764496415430178
23.221199999999996,2.3221199999999994e-05,0.008268201904921169,0.06716856288323506
23.222,2.3222e-05,0.08466005409381228,0.06670808779821334
23.222799999999992,2.322279999999999e-05,0.03009204072337468,0.0662633227881406
23.223599999999998,2.3223599999999996e-05,0.09487358872001384,0.06583388543705182
23.224399999999996,2.3224399999999994e-05,0.05277285490663708,0.06541923362568587
23.2252,2.32252e-05,0.10512816585773821,0.06501867344587503
23.225999999999992,2.322599999999999e-05,0.06826744556205389,0.06463136809404647
23.226799999999997,2.3226799999999996e-05,0.06301419259861951,0.06425634737811994
23.227599999999995,2.3227599999999994e-05,0.05831605379931193,0.06389251750222816
23.2284,2.32284e-05,0.09558719921021397,0.0635386708487827
23.2292,2.3229199999999998e-05,0.10760036279196439,0.0631934955183561
23.229999999999997,2.3229999999999996e-05,0.060949016088183594,0.06285558441718783
23.230800000000002,2.32308e-05,0.05348589756541455,0.06252344374410074
23.2316,2.32316e-05,0.07053234942152065,0.06219550084260851
23.2324,2.3232399999999998e-05,0.04976162011404106,0.06187011150181956
23.233199999999997,2.3233199999999996e-05,0.09451952607920411,0.06154556684817037
23.234,2.3234e-05,0.0818803222388873,0.061220099963934696
23.2348,2.32348e-05,0.022554402903286364,0.06089189234773732
23.235599999999998,2.3235599999999998e-05,0.07263232689203303,0.060559080339583696
23.236399999999996,2.3236399999999997e-05,0.06856306521130395,0.06021976165720822
23.2372,2.3237200000000002e-05,0.10277001804663233,0.05987200218951811
23.238,2.3238e-05,0.022192018193884055,0.05951384316191532
23.238799999999998,2.3238799999999995e-05,0.05832380803646886,0.05914330877133584
23.239599999999996,2.3239599999999993e-05,0.08106306521130391,0.05875841440439678
23.2404,2.32404e-05,0.033933771989295924,0.05835717556012393
23.2412,2.3241199999999997e-05,0.02339340995663597,0.05793761756383167
23.241999999999997,2.3241999999999995e-05,0.07606098469415645,0.05749778608626556
23.242799999999995,2.3242799999999994e-05,0.09117295330012631,0.05703575838048024
23.2436,2.32436e-05,0.0689345283321533,0.05654965502698777
23.2444,2.3244399999999997e-05,0.0696239289594448,0.05603765188513603
23.245199999999997,2.3245199999999996e-05,0.10285834462111909,0.05549799194606873
23.245999999999995,2.3245999999999994e-05,0.04918078340128795,0.054928996873474925
23.2468,2.32468e-05,0.04492087278298196,0.05432907815831554
23.2476,2.3247599999999997e-05,0.0719158795418281,0.05369674795826991
23.248399999999997,2.3248399999999996e-05,0.033032349421523555,0.05303062980331245
23.249200000000002,2.32492e-05,0.02718502029958436,0.0523294693952459
23.25,2.325e-05,0.053501217528303946,0.05159214570582974
23.250799999999998,2.3250799999999998e-05,0.07129532449182929,0.05081768249664237
23.251599999999996,2.3251599999999996e-05,0.01543153974414535,0.05000526026213162
23.2524,2.32524e-05,0.07125087728887602,0.04915422846963502
23.2532,2.32532e-05,0.05896857294936941,0.04826411786881785
23.253999999999998,2.3253999999999998e-05,0.08777493542378789,0.04733465257343403
23.254799999999996,2.3254799999999996e-05,-0.023470147199023184,0.046365761581052656
23.2556,2.32556e-05,0.06010528016911654,0.0453575893977161
23.2564,2.32564e-05,0.06806015248729758,0.04431050544643208
23.257199999999997,2.3257199999999995e-05,0.08043910546987765,0.04322511190845817
23.257999999999996,2.3257999999999993e-05,0.04931147666158764,0.042102249582288816
23.2588,2.3258799999999998e-05,0.030169208369263956,0.04094300132570057
23.2596,2.3259599999999997e-05,0.08348722173970169,0.03974869271520919
23.260399999999997,2.3260399999999995e-05,0.019410962164665868,0.03852088967019019
23.261199999999995,2.3261199999999993e-05,0.03824664039057957,0.03726139288341909
23.262,2.3262e-05,0.07937200017029755,0.035972228959997195
23.2628,2.3262799999999997e-05,0.053789839283254315,0.03465563820585695
23.263599999999997,2.3263599999999995e-05,0.07787366458401557,0.033314059048871206
23.264399999999995,2.3264399999999994e-05,0.016790671490113263,0.0319501091582852
23.2652,2.32652e-05,0.03832097117646416,0.03056656347332841
23.266,2.3265999999999997e-05,0.023506702736888707,0.029166329523810527
23.266799999999996,2.3266799999999995e-05,0.02155065797242095,0.02775242055535404
23.2676,2.32676e-05,0.037338031417073037,0.02632792701973984
23.2684,2.32684e-05,0.04899353915513849,0.024895986970246718
23.269199999999998,2.3269199999999997e-05,0.03725462221974141,0.02345975585802077
23.269999999999996,2.3269999999999996e-05,0.006844953447381008,0.022022376204705794
23.2708,2.32708e-05,0.03674962897858758,0.020586947649539063
23.2716,2.32716e-05,0.025704841536196454,0.019156497915669254
23.272399999999998,2.3272399999999998e-05,0.0027206534665168425,0.01773395527266138
23.273199999999996,2.3273199999999996e-05,-0.028221811612741177,0.016322123072953342
23.274,2.3274e-05,-0.012123498555979717,0.01492365690417722
23.2748,2.32748e-05,0.0439135346492443,0.013541044801067314
23.275599999999997,2.3275599999999994e-05,-0.014213073440751955,0.012176590779858538
23.276399999999995,2.3276399999999993e-05,0.048013436255762154,0.01083240173446626
23.2772,2.3277199999999998e-05,0.058657633337230064,0.009510377550544045
23.278,2.3277999999999996e-05,-0.006689431409272917,0.00821220420973911
23.278799999999997,2.3278799999999995e-05,0.009787342662677445,0.006939349681690795
23.279599999999995,2.3279599999999993e-05,0.0017906714901132492,0.00569306250247072
23.2804,2.3280399999999998e-05,-0.014808473773547104,0.0044743730441680445
23.2812,2.3281199999999997e-05,0.007411794371524838,0.003284097521038462
23.281999999999996,2.3281999999999995e-05,0.00900545442660039,0.002122844735941805
23.282799999999995,2.3282799999999993e-05,0.01980682365986164,0.0009910254804731964
23.2836,2.32836e-05,-0.0011225904850892254,-0.0001111355878444186
23.284399999999998,2.3284399999999997e-05,-0.029288916912391216,-0.0011835858211532214
23.285199999999996,2.3285199999999995e-05,0.013275767630643531,-0.0022264284555393856
23.286,2.3286e-05,-0.006305485185539195,-0.003239904746641862
23.2868,2.32868e-05,-0.011767355398019652,-0.004224374680591522
23.287600000000005,2.3287600000000004e-05,-0.009878075693704025,-0.005180296653331643
23.288399999999996,2.3288399999999995e-05,0.002215660225363014,-0.006108206592041399
23.2892,2.32892e-05,0.03336333786226986,-0.007008697065026534
23.29,2.329e-05,0.012964828018504071,-0.00788239698380885
23.290799999999997,2.3290799999999997e-05,0.01593010292242214,-0.00872995251168002
23.291599999999995,2.3291599999999996e-05,-0.005395552037742335,-0.009552009723590358
23.2924,2.32924e-05,-0.02166578937782393,-0.010349199423074775
23.2932,2.32932e-05,0.009633575202321443,-0.011122124368853974
23.293999999999997,2.3293999999999998e-05,-0.02896549419736738,-0.011871349055335906
23.294799999999995,2.3294799999999993e-05,0.00997515474024957,-0.012597392148226812
23.2956,2.3295599999999998e-05,0.01983878775993031,-0.013300721678207048
23.2964,2.3296399999999996e-05,-0.009621418038832319,-0.013981753102504721
23.297199999999997,2.3297199999999994e-05,0.010024519320355085,-0.014640850318422093
23.297999999999995,2.3297999999999993e-05,0.019806067317004294,-0.015278329635179676
23.2988,2.3298799999999998e-05,-0.002574209839865893,-0.01589446658880561
23.299599999999998,2.3299599999999996e-05,-0.018640558796588547,-0.016489505338406638
23.300399999999996,2.3300399999999995e-05,-0.02983003528787853,-0.017063670227467593
23.301199999999994,2.3301199999999993e-05,-0.04518277375440116,-0.017617178960930742
23.302,2.3301999999999998e-05,-0.04825869309000219,-0.018150256787355244
23.302799999999998,2.3302799999999997e-05,0.014024179080927124,-0.01866315112210595
23.303599999999996,2.3303599999999995e-05,0.02710009841652794,-0.019156146189227567
23.3044,2.33044e-05,0.013268769736343944,-0.01962957742124579
23.3052,2.33052e-05,-0.017481722231117103,-0.020083845430493776
23.306000000000004,2.3306000000000004e-05,-0.004599100181633342,-0.020519429292613498
23.306799999999996,2.3306799999999995e-05,-0.05528358343173956,-0.020936898706944373
23.3076,2.33076e-05,-0.10039763255488987,-0.021336924431348533
23.3084,2.33084e-05,0.024678022405274724,-0.02172028633147325
23.309200000000004,2.3309200000000004e-05,-0.030442268269247896,-0.02208787848206705
23.309999999999995,2.3309999999999995e-05,-0.044723740401925394,-0.022440710975559743
23.3108,2.33108e-05,-0.05147589678310438,-0.02277990832813445
23.3116,2.33116e-05,-0.02395093057733544,-0.023106704553082388
23.312400000000004,2.3312400000000004e-05,-0.0015593059804059894,-0.023422435119010217
23.313199999999995,2.3313199999999992e-05,-0.014203427197912344,-0.02372852617118088
23.314,2.3313999999999997e-05,0.019628657825169316,-0.02402648154226333
23.314799999999998,2.3314799999999996e-05,-0.021506536708823187,-0.02431786814887917
23.315599999999996,2.3315599999999994e-05,-0.028691436062388775,-0.02460430033645528
23.316399999999994,2.3316399999999992e-05,-0.05469801785332895,-0.02488742363207229
23.3172,2.3317199999999998e-05,0.010755530290601945,-0.025168898264464445
23.317999999999998,2.3317999999999996e-05,-0.04869692127100378,-0.025450382774751687
23.318799999999996,2.3318799999999994e-05,0.023717400503082575,-0.025733518077237547
23.319599999999994,2.3319599999999993e-05,0.025283257492374367,-0.026019912382565274
23.3204,2.3320399999999998e-05,-0.06476610708770114,-0.026311127398104
23.321199999999997,2.3321199999999996e-05,-0.034055901288968626,-0.026608666140967695
23.321999999999996,2.3321999999999995e-05,-0.014114344280531044,-0.026913962571562994
23.3228,2.33228e-05,-0.022793418186084047,-0.027228373164250835
23.3236,2.3323599999999998e-05,0.02518793302359068,-0.027553170526108235
23.324400000000004,2.3324400000000003e-05,-0.004958836542495515,-0.027889539207905018
23.325199999999995,2.3325199999999995e-05,-0.0038088898769765844,-0.02823857383236881
23.326,2.3326e-05,-0.02109478741934534,-0.028601279548543735
23.3268,2.33268e-05,-0.04505132415124424,-0.0289785746346736
23.327600000000004,2.3327600000000003e-05,-0.030754532055707218,-0.029371294885304967
23.328399999999995,2.3328399999999995e-05,-0.03992895295950438,-0.029780199298399656
23.3292,2.33292e-05,-0.001297919459776753,-0.030205976553270845
23.33,2.333e-05,-0.012899145240644616,-0.03064925181630159
23.330800000000004,2.3330800000000004e-05,-0.00678059484377147,-0.03111059346790775
23.331599999999995,2.3331599999999992e-05,-0.07422423236938647,-0.0315905193527604
23.3324,2.33324e-05,-0.04444892592411964,-0.032089502107268714
23.333199999999998,2.3333199999999995e-05,-0.04071424588707884,-0.032607973070874444
23.334000000000003,2.3334e-05,-0.03012300658851863,-0.03314632431573017
23.334799999999994,2.3334799999999992e-05,-0.08832129711585956,-0.03370490845167806
23.3356,2.3335599999999997e-05,0.01611507813998947,-0.03428403603539252
23.336399999999998,2.3336399999999996e-05,-0.07116987454808721,-0.034883970587573324
23.337199999999996,2.3337199999999994e-05,-0.019479565849938263,-0.03550492138168163
23.337999999999994,2.3337999999999992e-05,-0.011010621879186333,-0.03614703429826199
23.3388,2.3338799999999998e-05,-0.06294359244356784,-0.036810381126389305
23.339599999999997,2.3339599999999996e-05,-0.022922787272093625,-0.0374949477390506
23.340399999999995,2.3340399999999994e-05,-0.022619413385686404,-0.038200621587732804
23.3412,2.33412e-05,-0.03227102446492358,-0.038927178972387635
23.342,2.3341999999999998e-05,-0.04157746280327013,-0.03967427255251815
23.342800000000004,2.3342800000000003e-05,-0.027095695490235827,-0.04044141956227225
23.343599999999995,2.3343599999999994e-05,0.0036137539656694306,-0.04122799117201943
23.3444,2.33444e-05,-0.054569972941539535,-0.04203320340628701
23.3452,2.3345199999999998e-05,-0.03809868407817385,-0.04285610997616047
23.346000000000004,2.3346000000000003e-05,-0.07303891691239117,-0.04369559730764897
23.346799999999995,2.3346799999999995e-05,-0.01759804038274959,-0.044550381978139514
23.3476,2.33476e-05,-0.024210992923574537,-0.045419010758209505
23.348399999999998,2.3348399999999998e-05,-0.03545966874935447,-0.04629986349393487
23.349200000000003,2.3349200000000003e-05,-0.019172787272093594,-0.04719115909614899
23.349999999999994,2.334999999999999e-05,0.0032820091820857655,-0.048090964872258606
23.3508,2.33508e-05,-0.04083812976447365,-0.04899720933247901
23.351599999999998,2.3351599999999995e-05,-0.055569556838109935,-0.04990769844059121
23.352400000000003,2.33524e-05,-0.0429235436149209,-0.05082013508434343
23.353199999999994,2.3353199999999992e-05,0.016088031417073045,-0.051732141357994366
23.354,2.3353999999999997e-05,-0.07423539129795109,-0.0526412831175093
23.354799999999997,2.3354799999999995e-05,-0.07651485877741282,-0.05354509617090282
23.355600000000003,2.33556e-05,-0.08291578937782396,-0.054441113368532926
23.356399999999994,2.3356399999999992e-05,-0.016375087105666042,-0.055326891790490544
23.3572,2.3357199999999997e-05,-0.058073717872404784,-0.056200039252437696
23.357999999999997,2.3357999999999996e-05,-0.07381172673698133,-0.057058239455299246
23.358799999999995,2.3358799999999994e-05,-0.05413382527768529,-0.05789927520648602
23.3596,2.33596e-05,-0.09178816056946404,-0.05872104919982098
23.3604,2.3360399999999997e-05,-0.08459361497308837,-0.059521601896771546
23.361200000000004,2.3361200000000003e-05,-0.06334985652453073,-0.06029912615589667
23.361999999999995,2.3361999999999994e-05,-0.02847714509339294,-0.06105197842382388
23.3628,2.33628e-05,-0.07373796378255948,-0.06177868649791615
23.363599999999998,2.3363599999999998e-05,-0.04407405811190268,-0.06247795403671483
23.364400000000003,2.3364400000000003e-05,-0.07846258147336094,-0.06314866208187736
23.365199999999994,2.3365199999999994e-05,-0.048700514473906,-0.06378986787485272
23.366,2.3366e-05,-0.09108570900792823,-0.06440080125269586
23.366799999999998,2.3366799999999998e-05,-0.038182281786940164,-0.06498085892744566
23.367600000000003,2.3367600000000003e-05,0.0033500984165280023,-0.06552959699586669
23.368399999999994,2.3368399999999995e-05,-0.07521133316307249,-0.06604672206139756
23.3692,2.33692e-05,-0.05875120322827132,-0.0665320813243713
23.369999999999997,2.3369999999999995e-05,-0.09288098841771042,-0.06698565188383959
23.370800000000003,2.3370800000000003e-05,-0.10196765057844637,-0.06740752935087624
23.371599999999994,2.337159999999999e-05,-0.07015705120580484,-0.06779791580328448
23.3724,2.3372399999999997e-05,-0.06887641127998612,-0.0681571071737392
23.373199999999997,2.3373199999999995e-05,-0.04297839340368126,-0.06848548032944311
23.374000000000002,2.3374e-05,-0.012714170023047311,-0.06878348028654838
23.374799999999993,2.3374799999999992e-05,-0.05407122125182784,-0.06905160811499741
23.3756,2.3375599999999997e-05,-0.045454751372132285,-0.0692904100716476
23.376399999999997,2.3376399999999995e-05,-0.04384936455706967,-0.06950046835413544
23.377200000000002,2.33772e-05,-0.07821216536993147,-0.06968239365293123
23.378,2.3378e-05,-0.08648629936884156,-0.06983681946842937
23.3788,2.3378799999999997e-05,-0.07922763706075397,-0.06996439800713959
23.379600000000003,2.3379600000000002e-05,-0.06084777600738345,-0.07006579740626392
23.380399999999995,2.3380399999999994e-05,-0.07914914524064454,-0.07014170006446765
23.3812,2.33812e-05,-0.03975154346766929,-0.07019280194505674
23.381999999999998,2.3381999999999997e-05,-0.05737467100223659,-0.07021981280813246
23.382800000000003,2.3382800000000003e-05,-0.06382912721698808,-0.07022345737534094
23.383599999999994,2.3383599999999994e-05,-0.058702594991053236,-0.07020447741970641
23.3844,2.33844e-05,-0.04665746730923426,-0.07016363471663599
23.385199999999998,2.3385199999999998e-05,-0.08314048293255705,-0.0701017147182863
23.386000000000003,2.3386000000000003e-05,-0.06269109582299093,-0.07001953074383951
23.386799999999994,2.3386799999999994e-05,-0.06752900629401526,-0.06991792842360317
23.3876,2.33876e-05,-0.06723206247051505,-0.06979779010583052
23.388399999999997,2.3388399999999994e-05,-0.07993103347665165,-0.0696600389374635
23.389200000000002,2.3389200000000003e-05,-0.07848206247051503,-0.06950564235613238
23.389999999999993,2.338999999999999e-05,-0.06664006682912749,-0.06933561477430586
23.3908,2.3390799999999996e-05,-0.053372174381659754,-0.06915101930105802
23.391599999999997,2.3391599999999995e-05,-0.0759410199589593,-0.06895296842748823
23.392400000000002,2.33924e-05,-0.07217078261897769,-0.06874262367492943
23.393199999999993,2.339319999999999e-05,-0.04448372688423308,-0.06852119425252276
23.394,2.3393999999999997e-05,-0.056261037982615836,-0.06828993479786682
23.394799999999996,2.3394799999999995e-05,-0.06542486778924106,-0.06805014228916917
23.3956,2.33956e-05,-0.0657760935700088,-0.06780315221073052
23.396399999999993,2.339639999999999e-05,-0.06221258147336095,-0.06755033402181061
23.397199999999998,2.3397199999999997e-05,-0.055143811759992944,-0.06729308594263374
23.398000000000003,2.3398000000000002e-05,-0.01863299307082633,-0.06703282905036244
23.3988,2.33988e-05,-0.10979182963639766,-0.06677100066098224
23.3996,2.33996e-05,-0.04770017423440798,-0.06650904693372
23.400399999999998,2.3400399999999997e-05,-0.0639564157858502,-0.06624841457617263
23.401200000000003,2.3401200000000002e-05,-0.08225154346766927,-0.06599054149047545
23.402,2.3402e-05,-0.08553059484380154,-0.0657368462125148
23.4028,2.34028e-05,-0.05861275573084468,-0.06548871605207192
23.403599999999997,2.3403599999999997e-05,-0.07411150742055628,-0.06524749393169903
23.404400000000003,2.3404400000000002e-05,-0.040729565849938254,-0.06501446403973132
23.405199999999994,2.3405199999999994e-05,-0.07373872012538685,-0.06479083653265238
23.406,2.3406e-05,-0.04194476488982479,-0.06457773160790237
23.406799999999997,2.3406799999999998e-05,-0.059606098075972946,-0.0643761633050603
23.407600000000002,2.3407600000000003e-05,-0.05989755669085828,-0.06418702339132484
23.408399999999993,2.340839999999999e-05,-0.048428536856074844,-0.06401106566316112
23.4092,2.3409199999999996e-05,-0.022462997576790378,-0.06384889096102614
23.409999999999997,2.3409999999999994e-05,-0.06446424588707889,-0.06370093314789294
23.410800000000002,2.34108e-05,-0.05998872012538681,-0.06356744623168743
23.411599999999993,2.341159999999999e-05,-0.08851894394777615,-0.06344849271247287
23.412399999999998,2.3412399999999996e-05,-0.09078517198152591,-0.06334393314179601
23.413199999999996,2.3413199999999995e-05,-0.09466038003324073,-0.06325341685607141
23.414,2.3414e-05,-0.039693100476106746,-0.06317637392983369
23.414799999999993,2.341479999999999e-05,-0.0533589349359479,-0.06311200857487427
23.415599999999998,2.3415599999999997e-05,-0.032097776007383394,-0.06305929441906566
23.416400000000003,2.34164e-05,-0.010347700143351735,-0.06301697224324466
23.4172,2.34172e-05,-0.0741665457206514,-0.0629835507750792
23.418,2.3418e-05,-0.055703086958414416,-0.06295731103561746
23.418799999999997,2.3418799999999997e-05,-0.027519360051205588,-0.06293631456161876
23.419600000000003,2.3419600000000002e-05,-0.06718402206468965,-0.06291841565829367
23.4204,2.34204e-05,-0.030773445221468854,-0.06290127771296358
23.4212,2.34212e-05,-0.05282746280327022,-0.06288239350576946
23.421999999999997,2.3421999999999997e-05,-0.036897480826926565,-0.06285910935744417
23.422800000000002,2.3422800000000002e-05,-0.03617895295950435,-0.06282865284399956
23.4236,2.34236e-05,-0.05452552573861624,-0.06278816368331384
23.4244,2.34244e-05,-0.05178551222092376,-0.06273472725924248
23.425199999999997,2.3425199999999997e-05,-0.06911510062335846,-0.0626654101048299
23.426000000000002,2.3426000000000002e-05,-0.07579557456726294,-0.06257729654268089
23.426799999999993,2.342679999999999e-05,-0.0522905054620777,-0.062467525607289714
23.427599999999998,2.3427599999999996e-05,-0.07934603572963383,-0.06233332736671012
23.428399999999996,2.3428399999999994e-05,-0.06063216086396739,-0.06217205781040585
23.4292,2.34292e-05,-0.07764173124284535,-0.061981231552011296
23.429999999999993,2.342999999999999e-05,-0.07196840692137363,-0.06175855169187315
23.430799999999998,2.3430799999999996e-05,-0.05522873364307923,-0.06150193629232898
23.431599999999996,2.3431599999999994e-05,-0.07260693028283194,-0.061209541039945185
23.4324,2.34324e-05,-0.04268144958008113,-0.060879777793986456
23.433199999999992,2.343319999999999e-05,-0.05979391015354507,-0.06051132883086305
23.433999999999997,2.3433999999999996e-05,-0.08446632640422636,-0.06010315667566921
23.434800000000003,2.34348e-05,-0.08116911820525974,-0.05965450946726473
23.4356,2.34356e-05,-0.02954008935864827,-0.05916492186013772
23.4364,2.3436399999999998e-05,-0.045629324003992555,-0.05863421155547101
23.437199999999997,2.3437199999999996e-05,-0.07135768662565933,-0.058062471665602806
23.438000000000002,2.3438e-05,-0.05395925264592505,-0.05745005920006604
23.4388,2.34388e-05,-0.08358079163070598,-0.056797579993532764
23.4396,2.34396e-05,-0.06158502852903247,-0.05610587041506687
23.440399999999997,2.3440399999999997e-05,-0.04440580289551632,-0.05537597625712721
23.441200000000002,2.3441200000000002e-05,-0.07469726151040157,-0.05460912931256743
23.442,2.3442e-05,-0.05255680935985907,-0.05380672227888745
23.4428,2.34428e-05,-0.006148313033785602,-0.052970282747876636
23.443599999999996,2.3443599999999997e-05,-0.01727518549921825,-0.05210144712619483
23.4444,2.3444400000000002e-05,-0.024066303874705652,-0.05120193536293316
23.4452,2.34452e-05,-0.028288008841500734,-0.05027352729518146
23.445999999999998,2.3445999999999995e-05,-0.00646757471448467,-0.04931804125245531
23.446799999999996,2.3446799999999994e-05,-0.044285512220923806,-0.04833731532840931
23.4476,2.34476e-05,-0.07869975813097851,-0.04733319148962208
23.448399999999992,2.344839999999999e-05,-0.025019927882598214,-0.046307502486144334
23.449199999999998,2.3449199999999996e-05,-0.04643693478869604,-0.045262061393820906
23.449999999999996,2.3449999999999994e-05,-0.0557288095071109,-0.044198653577140756
23.4508,2.34508e-05,-0.011176116099529398,-0.04311903088979994
23.451599999999992,2.345159999999999e-05,0.014510447667754223,-0.042024907973795614
23.452399999999997,2.3452399999999996e-05,-0.07166654572065145,-0.04091796052974992
23.453199999999995,2.3453199999999994e-05,-0.03750404008824615,-0.03979982538154719
23.454,2.3454e-05,-0.03307088101243005,-0.03867210205510628
23.4548,2.3454799999999998e-05,-0.05571348954415145,-0.03753635549643981
23.455599999999997,2.3455599999999996e-05,-0.03293527037497812,-0.036394119529673495
23.456400000000002,2.34564e-05,-0.014357762489660919,-0.0352469007011528
23.4572,2.34572e-05,-0.05300203543513049,-0.03409618222981676
23.458,2.3457999999999998e-05,-0.05488923462226858,-0.032943427852600245
23.458799999999997,2.3458799999999996e-05,-0.01282122125182783,-0.0317900854098474
23.459600000000002,2.34596e-05,0.0160776288313359,-0.030637590077102664
23.4604,2.34604e-05,-0.0223328721478534,-0.029487367219918834
23.461199999999998,2.3461199999999998e-05,-0.0320484114272378,-0.028340834883149306
23.461999999999996,2.3461999999999997e-05,-0.023559230116404373,-0.027199405881243543
23.4628,2.3462800000000002e-05,-0.040042245739827176,-0.026064489359318564
23.4636,2.34636e-05,-0.017654214345759978,-0.024937491622975056
23.464399999999998,2.3464399999999995e-05,0.004255114187172504,-0.02381981603001573
23.465199999999996,2.3465199999999993e-05,-0.08137849179713352,-0.022712861779912958
23.466,2.3466e-05,-0.003145400309779278,-0.02161802148948441
23.4668,2.3466799999999997e-05,-0.03711933752168495,-0.020536677499775172
23.467599999999997,2.3467599999999995e-05,0.004741382773999492,-0.019470196943611257
23.468399999999995,2.3468399999999994e-05,-0.008319972941539522,-0.018419925717838702
23.4692,2.34692e-05,0.0064135346492443235,-0.017387181605189584
23.47,2.3469999999999997e-05,-0.021230398056797162,-0.0163732468310671
23.470799999999997,2.3470799999999996e-05,0.007928702884140493,-0.01537936031360368
23.471599999999995,2.3471599999999994e-05,-0.033964737854439986,-0.014406709800620282
23.4724,2.34724e-05,-0.0039348542715486046,-0.013456424023077857
23.4732,2.3473199999999997e-05,-0.0106022772810761,-0.012529564958505188
23.473999999999997,2.3473999999999996e-05,-0.03459910018160339,-0.011627120299320257
23.474800000000002,2.34748e-05,0.024988962017414074,-0.010749996254682627
23.4756,2.34756e-05,0.019911794371524794,-0.009899010865187161
23.476399999999998,2.3476399999999998e-05,0.019510447667754227,-0.009074888049102099
23.477199999999996,2.3477199999999996e-05,-0.03275786088314314,-0.008278252585446637
23.478,2.3478e-05,0.0013183986918856583,-0.007509626152380771
23.4788,2.34788e-05,-0.014512286292904353,-0.006769424420686142
23.479599999999998,2.3479599999999998e-05,0.010000877288875998,-0.00605795512613766
23.480399999999996,2.3480399999999996e-05,0.037959910641351735,-0.005375417040019046
23.4812,2.34812e-05,-0.010793494050085672,-0.004721899781164694
23.482,2.3482e-05,-0.015133409174255652,-0.004097384403010775
23.482799999999997,2.3482799999999995e-05,-0.01630888987697654,-0.00350174462827866
23.483599999999996,2.3483599999999993e-05,0.01039938713264199,-0.002934748539451729
23.4844,2.3484399999999998e-05,0.019607852653695024,-0.0023960605246796936
23.4852,2.3485199999999997e-05,-0.0017722727751818823,-0.0018852433270251634
23.485999999999997,2.3485999999999995e-05,-0.0018481162467811618,-0.001401760093837559
23.486799999999995,2.3486799999999993e-05,0.004286510455818515,-0.0009449763304471871
23.4876,2.34876e-05,0.033947011435037866,-0.000514161640890408
23.4884,2.3488399999999997e-05,-0.051352012905609756,-0.00010849111919244937
23.489199999999997,2.3489199999999995e-05,-0.06260068873138969,0.00027295375011551857
23.489999999999995,2.3489999999999994e-05,0.026631986652605244,0.000631184793542813
23.4908,2.34908e-05,-0.0008971405874588223,0.0009673074478811013
23.4916,2.3491599999999997e-05,0.029903472302935108,0.0012825214392573124
23.492399999999996,2.3492399999999996e-05,0.05477958842551045,0.0015781213999837185
23.4932,2.34932e-05,0.01398389291226887,0.0018554968656227305
23.494,2.3494e-05,-0.0013444471799174407,0.002116131134602793
23.494799999999998,2.3494799999999997e-05,0.0492899151472459,0.00236159862796247
23.495599999999996,2.3495599999999996e-05,-0.024050983911846457,0.0025935605779151658
23.4964,2.34964e-05,-0.0075588898769765045,0.002813759034390166
23.4972,2.34972e-05,0.01714605830520599,0.0030240092797258803
23.497999999999998,2.3497999999999998e-05,0.04266012995780688,0.003226190777840508
23.498799999999996,2.3498799999999996e-05,0.008012868424329578,0.0034222367708916105
23.4996,2.34996e-05,-0.004425283892670495,0.0036141226250455587
23.5004,2.35004e-05,0.011024103216925596,0.0038038530650759406
23.501199999999997,2.3501199999999994e-05,0.01589265361376868,0.003993448508918882
23.501999999999995,2.3501999999999993e-05,0.004311476661587599,0.004184930764362942
23.5028,2.3502799999999998e-05,0.01982970934848327,0.00438030836274992
23.5036,2.3503599999999996e-05,0.0008731726165843723,0.004581561803723531
23.504399999999997,2.3504399999999995e-05,0.018070555073034678,0.0047906289918995815
23.505199999999995,2.3505199999999993e-05,0.0030824703444964907,0.005009391159445483
23.506,2.3505999999999998e-05,-0.010023521085500309,0.005239659578472516
23.5068,2.3506799999999997e-05,-0.010131328657108418,0.005483163363896487
23.507599999999996,2.3507599999999995e-05,-0.0010119460534363522,0.005741538635051818
23.508399999999995,2.3508399999999993e-05,0.01150961546089524,0.006016319225872314
23.5092,2.35092e-05,0.0038155618318808093,0.006308929012095624
23.509999999999998,2.3509999999999997e-05,0.015652640096076142,0.006620675791423038
23.510799999999996,2.3510799999999995e-05,0.00877243880320766,0.006952746545447319
23.5116,2.35116e-05,0.037798577455273485,0.007306203845619472
23.5124,2.35124e-05,0.03433587503592406,0.007681983138082281
23.513200000000005,2.3513200000000004e-05,-0.01401410243458534,0.008080890656326766
23.513999999999996,2.3513999999999995e-05,-0.007229225610510315,0.00850360176805168
23.5148,2.35148e-05,0.06472681915396761,0.008950659635964666
23.5156,2.35156e-05,0.004269866318639126,0.009422474114628444
23.516399999999997,2.3516399999999997e-05,-0.00977367281346364,0.009919320809495674
23.517199999999995,2.3517199999999996e-05,-0.0024601607167455963,0.01044134022910034
23.518,2.3518e-05,0.0489740581579543,0.010988536976891882
23.5188,2.35188e-05,-0.010502791777957654,0.011560778916248581
23.519599999999997,2.3519599999999998e-05,0.08352750790836305,0.012157796191184973
23.520399999999995,2.3520399999999993e-05,0.04512532899773336,0.012779179949875596
23.5212,2.3521199999999998e-05,0.010138568443475271,0.013424380659501692
23.522,2.3521999999999996e-05,0.043471901776805266,0.01409270603879396
23.522799999999997,2.3522799999999994e-05,-0.009885073587973636,0.014783318835574167
23.523599999999995,2.3523599999999993e-05,0.01229982576556199,0.015495234867559382
23.5244,2.3524399999999998e-05,0.005903056199505707,0.016227321859142066
23.525199999999998,2.3525199999999996e-05,0.004754622219741433,0.016978299622519427
23.525999999999996,2.3525999999999995e-05,0.029719821259657997,0.017746742065050364
23.526799999999994,2.3526799999999993e-05,-0.001058473773547064,0.01853108139152512
23.5276,2.3527599999999998e-05,0.05998347680883931,0.019329614748771134
23.528399999999998,2.3528399999999997e-05,0.009534089699233195,0.0201405134601838
23.529199999999996,2.3529199999999995e-05,0.01486734716857152,0.02096183493640023
23.53,2.353e-05,0.04619867584875581,0.021791537327087274
23.5308,2.35308e-05,-0.011892563449734439,0.02262749697816613
23.531600000000005,2.3531600000000004e-05,-0.009862755730814743,0.023467528747865125
23.532399999999996,2.3532399999999995e-05,-0.039106590043334055,0.024309409183941033
23.5332,2.35332e-05,0.04026245232089998,0.025150902436664388
23.534,2.3534e-05,0.05890180788921717,0.02598978854965895
23.534800000000004,2.3534800000000004e-05,0.04340381254237313,0.026823893472684993
23.535599999999995,2.3535599999999995e-05,0.05714265361376869,0.027651119893606073
23.5364,2.35364e-05,0.031296080834696705,0.02846947789285167
23.5372,2.35372e-05,0.056229315774544486,0.02927711448233488
23.538000000000004,2.3538000000000004e-05,0.025730564084832985,0.030072341224036958
23.538799999999995,2.3538799999999992e-05,0.05806223300444491,0.030853659259231565
23.5396,2.3539599999999997e-05,0.019065977935310396,0.031619781189407614
23.540399999999998,2.3540399999999996e-05,0.06155898004101068,0.03236964933394057
23.541199999999996,2.3541199999999994e-05,0.04575628663345932,0.03310244995393383
23.541999999999994,2.3541999999999992e-05,0.10406314107530246,0.03381762308872904
23.5428,2.3542799999999998e-05,0.018375253133731784,0.03451486772872526
23.543599999999998,2.3543599999999996e-05,0.03212109209943703,0.035194142177032615
23.544399999999996,2.3544399999999994e-05,0.018952685155057547,0.035855659626346764
23.545199999999994,2.3545199999999993e-05,0.043865682754853585,0.03649987912968022
23.546,2.3545999999999998e-05,0.08225178535973654,0.03712749220430731
23.546799999999998,2.3546799999999996e-05,0.06263308323489047,0.037739405285002824
23.547599999999996,2.3547599999999995e-05,0.04434911448167589,0.038336718220140134
23.5484,2.35484e-05,0.01244451481446085,0.03892069905806132
23.5492,2.3549199999999998e-05,0.10139897102921236,0.03949275549292032
23.550000000000004,2.3550000000000003e-05,0.02695484153619654,0.04005440345862948
23.550799999999995,2.3550799999999995e-05,0.06101918583977339,0.04060723343587585
23.5516,2.35516e-05,0.0492447116014354,0.04115287509539866
23.5524,2.35524e-05,0.04192495795327522,0.041692960971558383
23.553200000000004,2.3553200000000003e-05,0.05035626410396865,0.042229089934103535
23.553999999999995,2.3553999999999995e-05,0.012185776642441692,0.042762791278710154
23.5548,2.35548e-05,0.012854939929688669,0.04329549027330624
23.5556,2.35556e-05,0.08528193331809109,0.04382847596064928
23.556400000000004,2.3556400000000004e-05,0.020398062958351892,0.04436287191634976
23.557199999999995,2.3557199999999992e-05,0.054230147981403354,0.0448996105210291
23.558,2.3558e-05,0.06317703847042266,0.04543941118165864
23.558799999999998,2.3558799999999995e-05,-0.007941511926420342,0.04598276286145201
23.559600000000003,2.35596e-05,0.06892961095500105,0.046529911230187064
23.560399999999994,2.3560399999999992e-05,0.03074720822201238,0.047080850686932414
23.5612,2.3561199999999997e-05,0.0431019513416806,0.047635321410055394
23.561999999999998,2.3561999999999996e-05,0.010478067464255947,0.04819281146135933
23.562799999999996,2.3562799999999994e-05,0.09985751241426044,0.04875256383371277
23.563599999999994,2.3563599999999992e-05,0.04106098469415653,0.049313588195644194
23.5644,2.3564399999999998e-05,0.07406881479531813,0.0498746769664151
23.565199999999997,2.3565199999999996e-05,0.029279512561508847,0.050434425285335094
23.565999999999995,2.3565999999999994e-05,0.07970866233106333,0.05099125443508123
23.5668,2.35668e-05,0.03548014798140342,0.0515434383071952
23.5676,2.3567599999999998e-05,0.09228242528551855,0.052089132516656506
23.568400000000004,2.3568400000000003e-05,0.037544756660406686,0.05262640577601288
23.569199999999995,2.3569199999999995e-05,-0.022265350744873902,0.0531532731449139
23.57,2.357e-05,0.01410985730684089,0.053667730766890666
23.5708,2.3570799999999998e-05,0.0721330073708959,0.05416779162793649
23.571600000000004,2.3571600000000003e-05,0.09225878325403625,0.054651521661504256
23.572399999999995,2.3572399999999995e-05,0.057706089846484954,0.055117075227647826
23.5732,2.35732e-05,0.10803859097296598,0.05556272875583991
23.573999999999998,2.3573999999999998e-05,0.1114685729493694,0.05598691127339869
23.574800000000003,2.3574800000000003e-05,0.0980121120814722,0.056388230645541076
23.575599999999994,2.357559999999999e-05,0.0885352621455271,0.05676549458086877
23.5764,2.35764e-05,0.09923714587570309,0.057117725771286404
23.577199999999998,2.3577199999999995e-05,0.032386828165755666,0.05744417089654693
23.578000000000003,2.3578e-05,0.07170366908990955,0.05774430356891256
23.578799999999994,2.3578799999999992e-05,0.07481722624559883,0.05801782156279294
23.5796,2.3579599999999997e-05,0.0972169843996531,0.05826463883861484
23.580399999999997,2.3580399999999995e-05,0.08799130690999779,0.05848487295563976
23.581200000000003,2.35812e-05,0.05703484604210063,0.05867882854733603
23.581999999999994,2.3581999999999992e-05,0.052801414315278405,0.058846977660405836
23.5828,2.3582799999999997e-05,0.03482006310560348,0.05898993791648307
23.583599999999997,2.3583599999999996e-05,0.0054996289785875785,0.05910844956957914
23.584399999999995,2.3584399999999994e-05,0.06907089531246557,0.05920335253375314
23.5852,2.35852e-05,0.07220733815677327,0.059275564324846444
23.586,2.3585999999999997e-05,0.04675454635573972,0.05932605964117236
23.586800000000004,2.3586800000000003e-05,0.0476476468549224,0.059355852087757156
23.587599999999995,2.3587599999999994e-05,0.0367288238071134,0.05936597839141673
23.5884,2.35884e-05,0.044446519467606804,0.05935748534602376
23.589199999999998,2.3589199999999998e-05,0.07755932028043866,0.059331419609639655
23.590000000000003,2.3590000000000003e-05,0.05603942317982491,0.05928882032123876
23.590799999999994,2.3590799999999994e-05,0.034861105617129406,0.05923071434420586
23.5916,2.35916e-05,0.09266637150925217,0.059158113817294966
23.592399999999998,2.3592399999999998e-05,0.07986242979141933,0.059072015608539155
23.593200000000003,2.3593200000000003e-05,0.005204009329337511,0.05897340221088486
23.593999999999994,2.3593999999999995e-05,0.06949512770486477,0.05886324358661173
23.5948,2.35948e-05,0.10572640305053815,0.05874249944733602
23.595599999999997,2.3595599999999995e-05,0.0946530561995087,0.0586121214187069
23.596400000000003,2.3596400000000003e-05,0.08979566473126421,0.05847305450283028
23.597199999999994,2.359719999999999e-05,0.10375711884031835,0.05832623729626709
23.598,2.3597999999999997e-05,0.06098930225685206,0.0581726005933227
23.598799999999997,2.3598799999999995e-05,0.03381764234902829,0.05801306426080312
23.599600000000002,2.35996e-05,0.0709079735766649,0.05784853252444755
23.600399999999993,2.3600399999999992e-05,0.07040014347549928,0.05767988798270508
23.6012,2.3601199999999997e-05,0.05004059562611185,0.05750798473013924
23.601999999999997,2.3601999999999995e-05,0.05013932478633276,0.05733364096276619
23.602800000000002,2.36028e-05,0.09924471160143233,0.05715763140757267
23.6036,2.36036e-05,0.03641088630067435,0.056980679895248534
23.6044,2.3604399999999997e-05,0.03949247935628475,0.05680345238114759
23.605200000000004,2.3605200000000002e-05,0.07067628212756516,0.056626550713287704
23.605999999999995,2.3605999999999994e-05,0.0195904521736483,0.05645050742903725
23.6068,2.36068e-05,0.09599346329114389,0.05627578180498182
23.607599999999998,2.3607599999999997e-05,0.05448680563627517,0.05610275728864477
23.608400000000003,2.3608400000000003e-05,0.06942004057612294,0.05593174034464602
23.609199999999994,2.3609199999999994e-05,0.0350808817947702,0.05576296069149761
23.61,2.361e-05,0.00977694007694041,0.05559657289280871
23.610799999999998,2.3610799999999998e-05,0.0524800721174018,0.05543265925255746
23.611600000000003,2.3611600000000003e-05,0.09961825523942913,0.055271233885046
23.612399999999994,2.3612399999999994e-05,0.06898181239512136,0.05511224767546716
23.6132,2.36132e-05,0.08005232238613891,0.05495559369210005
23.613999999999997,2.3613999999999994e-05,0.05965305619950567,0.054801112554287414
23.614800000000002,2.3614800000000003e-05,0.11118827326301872,0.05464859732678736
23.615599999999993,2.361559999999999e-05,0.03812143233886478,0.05449779764915308
23.6164,2.3616399999999996e-05,0.03771932929223676,0.05434842296417576
23.617199999999997,2.3617199999999995e-05,0.06710501579368022,0.05420014485204387
23.618000000000002,2.3618e-05,0.09226294428833104,0.05405259857305698
23.618799999999993,2.361879999999999e-05,0.05416886812982602,0.0539053839519779
23.6196,2.3619599999999997e-05,0.030578877141624217,0.05375806573813586
23.620399999999997,2.3620399999999995e-05,0.05100745907974624,0.05361017359874328
23.6212,2.36212e-05,0.06130383507185666,0.05346120193672139
23.621999999999993,2.362199999999999e-05,0.05253151721466476,0.05331060971452038
23.622799999999998,2.3622799999999997e-05,0.08781673427816761,0.05315782040208526
23.623600000000003,2.3623600000000002e-05,0.013184036364722207,0.053002222097996175
23.6244,2.36244e-05,0.047243463291146814,0.052843167837595115
23.6252,2.36252e-05,0.08567495795327518,0.05267997608726184
23.625999999999998,2.3625999999999997e-05,0.06113947651433593,0.05251193139055325
23.626800000000003,2.3626800000000002e-05,0.03242370964298669,0.052338285076065034
23.6276,2.36276e-05,0.07380856393758117,0.05215825589814994
23.6284,2.36284e-05,0.0655357541129511,0.05197103047965414
23.629199999999997,2.3629199999999997e-05,0.031408805783526894,0.05177576343608828
23.630000000000003,2.3630000000000002e-05,0.0768665149617126,0.051571577063163704
23.630799999999994,2.3630799999999994e-05,0.10271233139792713,0.05135756047073524
23.6316,2.36316e-05,0.0988030787289963,0.05113276806213604
23.632399999999997,2.3632399999999998e-05,0.05117919485157163,0.0508962173228634
23.633200000000002,2.3633200000000003e-05,0.05235618823997712,0.05064688603662155
23.633999999999993,2.363399999999999e-05,0.029472998359100555,0.050383709271230225
23.6348,2.3634799999999996e-05,0.05161401834113577,0.05010557667948916
23.635599999999997,2.3635599999999994e-05,0.024575888553616365,0.049811330753847145
23.636400000000002,2.36364e-05,0.049079217381052254,0.0494997666446637
23.637199999999993,2.363719999999999e-05,0.07670234491562256,0.04916963404278234
23.637999999999998,2.3637999999999996e-05,0.012572559726180543,0.04881964149180087
23.638799999999996,2.3638799999999995e-05,0.027641405303480138,0.048448463374620374
23.6396,2.36396e-05,0.04738890868290313,0.04805474972097559
23.640399999999993,2.364039999999999e-05,0.021356604343406693,0.047637138875205966
23.641199999999998,2.3641199999999997e-05,0.053849606449096976,0.04719427291292399
23.642000000000003,2.3642e-05,0.09462241627372403,0.046724815513647995
23.6428,2.36428e-05,0.006282841388944749,0.04622747183279018
23.6436,2.36436e-05,0.07864023285719324,0.045701009815701944
23.644399999999997,2.3644399999999997e-05,0.004449356327621556,0.04514428236642645
23.645200000000003,2.3645200000000002e-05,0.047660129957806885,0.04455624978326411
23.646,2.3646e-05,0.09779025538668384,0.04393600184740293
23.6468,2.36468e-05,0.02745151270876056,0.043282778888201166
23.647599999999997,2.3647599999999997e-05,0.08547882380711336,0.042595991094364204
23.648400000000002,2.3648400000000002e-05,0.08071808098194544,0.04187523535002373
23.6492,2.36492e-05,0.07749463573743376,0.04112030896629282
23.65,2.365e-05,0.05973381704826719,0.0403312198395476
23.650799999999997,2.3650799999999997e-05,0.042029928664938376,0.039508192783908394
23.651600000000002,2.3651600000000002e-05,0.04750919935746578,0.038651672030650744
23.652399999999993,2.365239999999999e-05,0.0674855573259866,0.037762320109325474
23.6532,2.3653199999999996e-05,0.042388908682903126,0.036841013484235643
23.653999999999996,2.3653999999999994e-05,0.029178702884140484,0.03588883542392413
23.6548,2.36548e-05,0.014077136863904882,0.034907066661426386
23.655599999999993,2.365559999999999e-05,0.016620259892577982,0.03389717445991049
23.656399999999998,2.3656399999999996e-05,0.0037682777689128644,0.03286080069551449
23.657199999999996,2.3657199999999994e-05,0.03316379902468081,0.031799749476966024
23.658,2.3658e-05,0.049220313227088974,0.030715974651346723
23.658799999999992,2.365879999999999e-05,0.03574720822201238,0.029611567346781803
23.659599999999998,2.3659599999999996e-05,0.009847109828520106,0.028488743538813133
23.660399999999996,2.3660399999999995e-05,0.04703408969923317,0.027349831535063818
23.6612,2.36612e-05,0.06396441191507451,0.026197259238551294
23.662,2.3661999999999998e-05,0.0077338929122688915,0.025033541039762627
23.662799999999997,2.3662799999999996e-05,0.052327628831335904,0.02386126419802596
23.663600000000002,2.36636e-05,0.05078900707639544,0.022683074619330213
23.6644,2.36644e-05,-0.008226728989933374,0.02150166201372338
23.6652,2.36652e-05,0.032580881794770256,0.020319744497196656
23.665999999999997,2.3665999999999997e-05,0.033078877141624274,0.019140052769781476
23.666800000000002,2.3666800000000002e-05,-0.006050151704957374,0.017965314033907186
23.6676,2.36676e-05,0.027829217381052263,0.01679823580838809
23.6684,2.36684e-05,0.02913557985546744,0.01564148975870385
23.669199999999996,2.3669199999999997e-05,0.0005983581388084858,0.014497695619620752
23.67,2.3670000000000002e-05,0.05061859547886005,0.013369405242038104
23.6708,2.36708e-05,-0.019886397762293728,0.012259086765525316
23.671599999999998,2.3671599999999995e-05,-0.010717650578476401,0.01116910890580839
23.672399999999996,2.3672399999999994e-05,0.06065131592179607,0.010101725333346814
23.6732,2.36732e-05,0.047726895017959126,0.0090590590805565
23.673999999999992,2.367399999999999e-05,0.004972317880234667,0.00804308686763508
23.674799999999998,2.3674799999999996e-05,0.07476162011404408,0.007055623246530226
23.675599999999996,2.3675599999999994e-05,-0.002144303727454,0.006098304575984035
23.6764,2.36764e-05,0.0029759869471086553,0.005172573031606145
23.677199999999992,2.367719999999999e-05,-0.021119753625114424,0.004279661057749374
23.677999999999997,2.3677999999999996e-05,0.004756702736888774,0.0034205768186526594
23.678799999999995,2.3678799999999994e-05,-0.003686518685266593,0.002596091256287244
23.6796,2.36796e-05,-0.013944500514428304,0.0018067273052659216
23.6804,2.3680399999999998e-05,0.0017976693844130587,0.0010527516947059024
23.681199999999997,2.3681199999999996e-05,-0.018833288251283054,0.0003341696319259708
23.682000000000002,2.3682e-05,-0.0045219325357440665,-0.0003492774695846683
23.6828,2.36828e-05,0.012247624325441797,-0.0009981111886950295
23.6836,2.3683599999999998e-05,0.0063747611663007575,-0.001613112324113436
23.684399999999997,2.3684399999999996e-05,-0.0029067109663367674,-0.0021953143656748657
23.685200000000002,2.36852e-05,0.00974213911685684,-0.002745994495444017
23.686,2.3686e-05,0.03409094414107938,-0.003266662429521213
23.686799999999998,2.3686799999999998e-05,0.011417127852116571,-0.0037590474003432344
23.687599999999996,2.3687599999999997e-05,-0.0040398249832118704,-0.004225083532826168
23.6884,2.3688400000000002e-05,-0.048152209692614134,-0.004666893781227433
23.6892,2.36892e-05,0.0170403312506755,-0.005086772496925127
23.689999999999998,2.3689999999999995e-05,0.0043143135215923945,-0.005487166654140135
23.690799999999996,2.3690799999999993e-05,-0.019034339774667064,-0.005870655801781504
23.6916,2.36916e-05,-0.01694192802984984,-0.006239930894510923
23.6924,2.3692399999999997e-05,0.02814772271892385,-0.006597772229299556
23.693199999999997,2.3693199999999995e-05,0.0008516111022528472,-0.006947026765317346
23.693999999999996,2.3693999999999994e-05,0.03894209405788562,-0.007290585140886274
23.6948,2.36948e-05,-0.0013395298027552016,-0.007631358695970022
23.6956,2.3695599999999997e-05,-0.028731722231117085,-0.007972256732618357
23.696399999999997,2.3696399999999996e-05,-0.01258328825131294,-0.008316164117848015
23.697199999999995,2.3697199999999994e-05,0.0030983581388084325,-0.00866591922039659
23.698,2.3698e-05,0.021602103069673917,-0.009024292133110998
23.6988,2.3698799999999997e-05,-0.051725556543606555,-0.009393963160246432
23.699599999999997,2.3699599999999996e-05,-0.025132652831428404,-0.009777501588940193
23.700400000000002,2.37004e-05,-0.01128600418838499,-0.010177344794608219
23.7012,2.37012e-05,-0.009667377927510268,-0.010595777790391175
23.701999999999998,2.3701999999999998e-05,0.029346277621660977,-0.011034913449049102
23.702799999999996,2.3702799999999996e-05,-0.03096390564758089,-0.011496673759457456
23.7036,2.37036e-05,0.012747132358010727,-0.011982772559711226
23.7044,2.37044e-05,0.008990890806568341,-0.01249470019207161
23.705199999999998,2.3705199999999998e-05,0.03519909195218529,-0.013033710478484548
23.705999999999996,2.3705999999999996e-05,0.0031916020904546594,-0.013600810338870263
23.7068,2.37068e-05,-0.031233046405337306,-0.014196752253704347
23.7076,2.37076e-05,0.01646441191507453,-0.014822029602925028
23.708399999999997,2.3708399999999995e-05,0.025350778895393833,-0.015476874736985266
23.709199999999996,2.3709199999999993e-05,-0.0347715922963161,-0.016161259498550937
23.71,2.3709999999999998e-05,-0.04641045589717219,-0.016874897809365047
23.7108,2.3710799999999997e-05,-0.034741708713424746,-0.017617249847749844
23.711599999999997,2.3711599999999995e-05,-0.023006952812252623,-0.01838752730354278
23.712399999999995,2.3712399999999993e-05,-0.0270762144929817,-0.0191846992628268
23.7132,2.37132e-05,-0.03695308695841448,-0.020007498433988313
23.714,2.3713999999999997e-05,-0.033072961529577394,-0.020854427614113383
23.714799999999997,2.3714799999999995e-05,-0.05376992788259827,-0.021723766467911524
23.715599999999995,2.3715599999999994e-05,-0.0016915119264203637,-0.022613578857219343
23.7164,2.37164e-05,0.006001217528303959,-0.023521721133758614
23.7172,2.3717199999999997e-05,0.013128241721739875,-0.024445851970965177
23.717999999999996,2.3717999999999996e-05,0.028769601943202883,-0.025383444401542297
23.7188,2.37188e-05,-0.0256147603839606,-0.026331800687453312
23.7196,2.37196e-05,-0.03350702867628419,-0.027288070475274175
23.720399999999998,2.3720399999999997e-05,0.026801074075850417,-0.02824927244705079
23.721199999999996,2.3721199999999996e-05,0.007048085487842526,-0.029212319451230866
23.722,2.3722e-05,-0.04062024559257549,-0.030174046923195
23.7228,2.37228e-05,-0.016608670560511407,-0.031131244244562838
23.723599999999998,2.3723599999999998e-05,-0.04241836186233239,-0.032080688516754094
23.724399999999996,2.3724399999999996e-05,0.02021441191507445,-0.03301918007148308
23.7252,2.37252e-05,-0.02834361497308846,-0.03394357894734711
23.726,2.3726e-05,-0.054521932535714024,-0.034850841503934304
23.726799999999997,2.3726799999999994e-05,-0.002300908047814687,-0.035738056274988356
23.727599999999995,2.3727599999999993e-05,-0.11818284961843284,-0.036602478081664946
23.7284,2.3728399999999998e-05,-0.06699129260999526,-0.03744155938934584
23.7292,2.3729199999999996e-05,-0.07156838439185298,-0.038252977955572684
23.729999999999997,2.3729999999999995e-05,-0.0819663264042263,-0.039034660016711714
23.730799999999995,2.3730799999999993e-05,0.008193682607601893,-0.039784798585767465
23.7316,2.3731599999999998e-05,-0.0786085946965499,-0.04050186681192241
23.7324,2.3732399999999997e-05,0.0008794141680267265,-0.04118462668409679
23.733199999999997,2.3733199999999995e-05,-0.03609251839076322,-0.04183213357906736
23.733999999999995,2.3733999999999993e-05,-0.008997458297406058,-0.04244373725206167
23.7348,2.37348e-05,-0.04630340466839167,-0.0430190798709441
23.735599999999998,2.3735599999999997e-05,0.02611167344855192,-0.04355809163056313
23.736399999999996,2.3736399999999995e-05,-0.035959744613286215,-0.04406098436966259
23.7372,2.37372e-05,-0.072977637060754,-0.044528243460052984
23.738,2.3738e-05,-0.024778590190585814,-0.04496061806072362
23.738800000000005,2.3738800000000004e-05,-0.0186301562108514,-0.045359109669913265
23.739599999999996,2.3739599999999995e-05,-0.07797480020077918,-0.045724958815142026
23.7404,2.37404e-05,-0.02931880049528257,-0.04605962969441259
23.7412,2.37412e-05,-0.029953919165273235,-0.04636479258212931
23.741999999999997,2.3741999999999997e-05,-0.07223679133620253,-0.04664230382275016
23.742799999999995,2.3742799999999996e-05,-0.051620585831973265,-0.0468941832574828
23.7436,2.37436e-05,-0.04888057231428089,-0.04712258896547644
23.7444,2.37444e-05,-0.08175544012659786,-0.047329789260174907
23.745199999999997,2.3745199999999998e-05,-0.05981055429072435,-0.04751813198012457
23.745999999999995,2.3745999999999993e-05,-0.07294226826924788,-0.047690011255746304
23.7468,2.3746799999999998e-05,-0.04429307794668613,-0.04784783211494332
23.7476,2.3747599999999996e-05,-0.0074949616768290594,-0.047993973499071654
23.748399999999997,2.3748399999999994e-05,-0.08848130612768779,-0.048130750460536664
23.749199999999995,2.3749199999999993e-05,-0.041864760383960586,-0.048260376455246765
23.75,2.3749999999999998e-05,0.015178286780710981,-0.04838492671291238
23.750799999999998,2.3750799999999996e-05,-0.04495391916527325,-0.04850630369325474
23.751599999999996,2.3751599999999995e-05,0.007096693725090475,-0.04862620562544249
23.752399999999994,2.3752399999999993e-05,-0.051462657337292494,-0.048746099045488545
23.7532,2.3753199999999998e-05,-0.02771606202875998,-0.04886719607457062
23.753999999999998,2.3753999999999997e-05,-0.027205583578991166,-0.04899043696433712
23.754799999999996,2.3754799999999995e-05,-0.03786510062335846,-0.049116478234009796
23.7556,2.37556e-05,-0.03318152544411279,-0.0492456865631069
23.7564,2.37564e-05,-0.024474648472815885,-0.049378138471869205
23.757200000000005,2.3757200000000004e-05,-0.024120585831973296,-0.04951362570037294
23.757999999999996,2.3757999999999995e-05,-0.09100003078201446,-0.049651666076083914
23.7588,2.37588e-05,0.006903964270366103,-0.049791519539674284
23.7596,2.37596e-05,-0.08392785637727895,-0.049932208899139324
23.760400000000004,2.3760400000000004e-05,-0.025426948306388475,-0.05007254482364381
23.761199999999995,2.3761199999999995e-05,-0.03674995491798294,-0.050211154566643226
23.762,2.3762e-05,-0.028244129469970236,-0.05034651389780493
23.7628,2.37628e-05,-0.072809305980436,-0.05047698170298709
23.763600000000004,2.3763600000000004e-05,-0.01721182513043351,-0.050600836670725596
23.764399999999995,2.3764399999999992e-05,-0.02589846476174884,-0.05071631542984457
23.7652,2.3765199999999997e-05,-0.0430207600894571,-0.05082165145025613
23.766,2.3765999999999996e-05,-0.09421647813218947,-0.05091511396201252
23.766799999999996,2.3766799999999994e-05,-0.056893887624024364,-0.05099504608007767
23.767599999999995,2.3767599999999992e-05,-0.05586309597024264,-0.05105990128369635
23.7684,2.3768399999999998e-05,-0.05481755218499418,-0.05110827744696407
23.769199999999998,2.3769199999999996e-05,-0.015758693090002218,-0.05113894774867836
23.769999999999996,2.3769999999999994e-05,-0.08361975362511442,-0.05115088793655007
23.770799999999994,2.3770799999999993e-05,-0.05079897925863042,-0.051143299521269975
23.7716,2.3771599999999998e-05,-0.0862512032282714,-0.05111562852838618
23.772399999999998,2.3772399999999996e-05,-0.030307981806115936,-0.051067579489926365
23.773199999999996,2.3773199999999995e-05,-0.039843274733590506,-0.050999124457423384
23.774,2.3774e-05,-0.05496299757679046,-0.05091050695242402
23.7748,2.3774799999999998e-05,-0.038619753625114495,-0.050802240885216364
23.775600000000004,2.3775600000000003e-05,-0.06055423687525063,-0.05067510453092293
23.776399999999995,2.3776399999999995e-05,-0.06979523432776513,-0.05053012966970704
23.7772,2.37772e-05,-0.056965570061298876,-0.05036858601759832
23.778,2.3778e-05,-0.04775237567452817,-0.05019196113044965
23.778800000000004,2.3778800000000003e-05,-0.04876652319113073,-0.05000193606413082
23.779599999999995,2.3779599999999995e-05,-0.06794983399501009,-0.049800357198494585
23.7804,2.37804e-05,-0.019446845406972058,-0.049589204748289
23.7812,2.37812e-05,-0.08314048293255705,-0.04937055857551778
23.782000000000004,2.3782000000000004e-05,-0.03568568647840753,-0.04914656199034605
23.782799999999995,2.3782799999999992e-05,-0.012989552332245746,-0.04891938429077098
23.7836,2.37836e-05,-0.025493713366540716,-0.0486911828440882
23.784399999999998,2.3784399999999995e-05,-0.020520760089457135,-0.048464065532645074
23.785200000000003,2.37852e-05,-0.013274013052891331,-0.04824005433439853
23.785999999999994,2.3785999999999992e-05,-0.040597359903953856,-0.04802105067127266
23.7868,2.3786799999999997e-05,-0.04361483624799212,-0.047808802964816655
23.787599999999998,2.3787599999999996e-05,-0.08542278727209363,-0.04760487664040903
23.788399999999996,2.3788399999999994e-05,-0.07067736440981787,-0.04741062667302293
23.789199999999994,2.3789199999999992e-05,-0.020739968435675382,-0.04722717272041959
23.79,2.3789999999999998e-05,-0.05165179358918459,-0.04705537696074396
23.790799999999997,2.3790799999999996e-05,-0.036096111593665325,-0.046895824892816344
23.791599999999995,2.3791599999999994e-05,-0.04359611159366528,-0.046748809483627835
23.7924,2.37924e-05,-0.018401301621723598,-0.046614319108259715
23.7932,2.3793199999999998e-05,-0.007311310633551837,-0.046492029729580074
23.794000000000004,2.3794000000000003e-05,-0.06756248307980872,-0.046381301724998165
23.794799999999995,2.3794799999999995e-05,-0.013818724631251,-0.04628118168360757
23.7956,2.37956e-05,-0.00979182963636771,-0.04619040937818693
23.7964,2.3796399999999998e-05,-0.02823297054140561,-0.04610742999053695
23.797200000000004,2.3797200000000003e-05,-0.026333288251283005,-0.046030411542093565
23.797999999999995,2.3797999999999995e-05,-0.07398421885169415,-0.04595726733468304
23.7988,2.37988e-05,-0.04921666664362423,-0.04588568304577662
23.799599999999998,2.3799599999999998e-05,0.004465244121933498,-0.04581314800132991
23.800400000000003,2.3800400000000003e-05,-0.049422447032695715,-0.045736990105499975
23.801199999999994,2.380119999999999e-05,-0.01758045139130804,-0.04565441390812145
23.802,2.3802e-05,-0.015760017264292103,-0.04556254126594601
23.802799999999998,2.3802799999999995e-05,-0.05423123026365606,-0.04545845396719476
23.803600000000003,2.38036e-05,-0.06312516296969772,-0.045339237563436906
23.804399999999994,2.3804399999999992e-05,-0.04130132415124421,-0.04520202553474367
23.8052,2.3805199999999997e-05,-0.08315712706973621,-0.04504404285116338
23.805999999999997,2.3805999999999995e-05,-0.04925752064374522,-0.04486264801817228
23.806800000000003,2.38068e-05,-0.0449726438196002,-0.04465537280352682
23.807599999999994,2.3807599999999992e-05,-0.027001127364239763,-0.044419959005567645
23.8084,2.3808399999999997e-05,-0.06201077360714946,-0.044154391792842994
23.809199999999997,2.3809199999999996e-05,-0.01880756570268649,-0.04385692927763813
23.809999999999995,2.3809999999999994e-05,-0.05757704669984076,-0.04352612806327735
23.8108,2.38108e-05,-0.00968818309898456,-0.04316086454240903
23.8116,2.3811599999999997e-05,-0.051494053605938506,-0.04276035174162546
23.812400000000004,2.3812400000000003e-05,-0.06992535975670222,-0.04232415151185222
23.813199999999995,2.3813199999999994e-05,-0.041905802895516264,-0.041852181861360756
23.814,2.3814e-05,-0.05684944042110107,-0.041344719249037216
23.814799999999998,2.3814799999999998e-05,-0.029839113699295705,-0.04080239573181659
23.815600000000003,2.3815600000000003e-05,-0.0466873508921255,-0.04022619098648382
23.816399999999994,2.3816399999999994e-05,-0.054788992776322765,-0.039617419361446776
23.8172,2.38172e-05,-0.08644941789158056,-0.038977712229109195
23.817999999999998,2.3817999999999998e-05,0.00859994668853492,-0.038308996017385175
23.818800000000003,2.3818800000000003e-05,-0.024054388603243715,-0.037613466430698475
23.819599999999994,2.3819599999999995e-05,-0.06061684090110797,-0.03689355951774559
23.8204,2.38204e-05,-0.0216463083805698,-0.0361519203499206
23.821199999999997,2.3821199999999995e-05,-0.037983310780803636,-0.0353913701114765
23.822000000000003,2.3822000000000003e-05,0.017269185839773438,-0.03461487240649105
23.822799999999994,2.382279999999999e-05,-0.012874746866268216,-0.03382549959237175
23.8236,2.3823599999999997e-05,0.02797731112138857,-0.03302639992572923
23.824399999999997,2.3824399999999995e-05,-0.038980057817399216,-0.03222076619996453
23.825200000000002,2.38252e-05,-0.011368089211396426,-0.03141180635344244
23.825999999999993,2.3825999999999992e-05,-0.06496091705964302,-0.030602716281569846
23.8268,2.3826799999999997e-05,-0.010474800200779177,-0.029796654875471625
23.827599999999997,2.3827599999999995e-05,0.010722809847665826,-0.028996721194719237
23.828400000000002,2.38284e-05,-0.008004872295105159,-0.02820593365687072
23.8292,2.38292e-05,-0.006883485038287396,-0.027427211120667348
23.83,2.3829999999999997e-05,-0.0362379637825595,-0.02666335567608262
23.830800000000004,2.3830800000000002e-05,-0.08332470180732687,-0.025917036827133873
23.831599999999995,2.3831599999999994e-05,-0.011902966035471585,-0.025190776636385713
23.8324,2.38324e-05,-0.039863512073672,-0.02448693538231356
23.833199999999998,2.3833199999999997e-05,-0.03522589678310439,-0.023807697389853895
23.834000000000003,2.3834000000000003e-05,-0.041441095822990937,-0.02315505687884927
23.834799999999994,2.3834799999999994e-05,-0.03945025009843961,-0.02253080386482681
23.8356,2.38356e-05,-0.01573505105852302,-0.02193651031974964
23.836399999999998,2.3836399999999998e-05,0.005827969070763772,-0.021373516969695507
23.837200000000003,2.3837200000000003e-05,0.017310984694156484,-0.020842921261839436
23.837999999999994,2.3837999999999994e-05,0.014762187945473682,-0.020345567126383555
23.8388,2.38388e-05,-0.006370169728543762,-0.01988203714045468
23.839599999999997,2.3839599999999994e-05,0.016954085193339075,-0.0194526475633841
23.840400000000002,2.3840400000000003e-05,-0.013444424650426834,-0.019057446500177676
23.841199999999994,2.384119999999999e-05,-0.02436892141825553,-0.0186962152239753
23.842,2.3841999999999996e-05,-0.019302156358103173,-0.018368472494443223
23.842799999999997,2.3842799999999995e-05,-0.02954008935864827,-0.01807348157574643
23.843600000000002,2.38436e-05,0.011376085340590869,-0.01781025960169891
23.844399999999993,2.384439999999999e-05,-0.01159978066049916,-0.017577588947174684
23.8452,2.3845199999999997e-05,0.0274083896800974,-0.017374030299304153
23.845999999999997,2.3845999999999995e-05,-0.026359010799979377,-0.017197937123659905
23.8468,2.38468e-05,-0.04319400854699729,-0.017047471161768368
23.847599999999993,2.3847599999999992e-05,-0.026771516432284592,-0.016920618502621783
23.848399999999998,2.3848399999999997e-05,-0.032283507567807956,-0.016815205711491917
23.849200000000003,2.3849200000000002e-05,-0.02288514945200526,-0.016728915533831323
23.85,2.385e-05,-0.07213881851883908,-0.016659301821089104
23.8508,2.38508e-05,-0.0002168183716173555,-0.016603803507968674
23.851599999999998,2.3851599999999997e-05,0.002774935423784597,-0.01655975767735938
23.852400000000003,2.3852400000000002e-05,0.0009142151281101851,-0.016524411960550708
23.8532,2.38532e-05,0.02929067149011333,-0.016494936688156842
23.854,2.3854e-05,0.010243539155138537,-0.01646843726789418
23.854799999999997,2.3854799999999997e-05,0.0035004611854465573,-0.01644196719519862
23.855600000000003,2.3855600000000002e-05,-0.06174711805800803,-0.016412541934012235
23.856399999999994,2.3856399999999994e-05,-0.0051931763401383835,-0.01637715370733325
23.8572,2.38572e-05,0.006431691472148393,-0.01633278709417806
23.857999999999997,2.3857999999999998e-05,-0.008730965888219866,-0.016276435291061472
23.858800000000002,2.3858800000000003e-05,-0.059761946053406345,-0.016205116931147664
23.859599999999993,2.385959999999999e-05,0.026988886153422542,-0.016115893393617402
23.8604,2.3860399999999996e-05,0.007882742995462544,-0.01600588655760943
23.861199999999997,2.3861199999999994e-05,-0.044148388897717106,-0.015872296977099843
23.862000000000002,2.3862e-05,0.019426282127565142,-0.015712422465908024
23.862799999999993,2.386279999999999e-05,-0.006335368768460414,-0.015523677061823227
23.863599999999998,2.3863599999999996e-05,0.007844537343951408,-0.015303610294908166
23.864399999999996,2.3864399999999995e-05,-0.02009785187134483,-0.015049926634223927
23.8652,2.38652e-05,-0.029046822877551448,-0.014760504924205168
23.865999999999993,2.386599999999999e-05,-0.02090470631319108,-0.0144334175540004
23.866799999999998,2.3866799999999997e-05,0.0029237855069883523,-0.014066949069013368
23.867600000000003,2.38676e-05,0.025590036070218702,-0.013659613958777584
23.8684,2.38684e-05,-0.009307641566688174,-0.013210173408472652
23.8692,2.38692e-05,0.00039806295835187466,-0.012717650817273768
23.869999999999997,2.3869999999999997e-05,-0.02508328825128303,-0.012181345830299874
23.870800000000003,2.3870800000000002e-05,-0.023854849765684638,-0.011600846534580165
23.8716,2.38716e-05,-0.020443024612175176,-0.010976039400724039
23.8724,2.38724e-05,-0.016795158463833504,-0.010307116556607598
23.873199999999997,2.3873199999999997e-05,0.005747208222012357,-0.009594580057535728
23.874000000000002,2.3874000000000002e-05,-0.03138813804001328,-0.00883924293503974
23.8748,2.38748e-05,0.03303651045581857,-0.008042226921321342
23.8756,2.38756e-05,-0.03301527488084233,-0.007204956831473719
23.876399999999997,2.3876399999999997e-05,-0.020257860883143075,-0.006329151637104989
23.877200000000002,2.3877200000000002e-05,0.010187365192158238,-0.0054168122978551225
23.877999999999993,2.387799999999999e-05,-0.006007028676284221,-0.004470206458589237
23.8788,2.3878799999999996e-05,-0.007405878759477846,-0.0034918501858440852
23.879599999999996,2.3879599999999994e-05,0.0014449309178904413,-0.0024844869922618805
23.8804,2.38804e-05,-0.012375995176556742,-0.0014510644593644594
23.881199999999993,2.388119999999999e-05,0.031429610955000964,-0.00039470881806520533
23.881999999999998,2.3881999999999996e-05,0.03056431352159239,0.0006813021084165526
23.882799999999996,2.3882799999999994e-05,-0.012968558649336881,0.001773567168145764
23.8836,2.38836e-05,0.03709045217364837,0.0028785909409671734
23.884399999999992,2.388439999999999e-05,0.011533257492374327,0.003992813259261696
23.885199999999998,2.3885199999999996e-05,-0.019748706607694455,0.005112638945546896
23.885999999999996,2.3885999999999995e-05,-0.005246701954548572,0.006234467601871606
23.8868,2.38868e-05,0.0020390070763954826,0.007354723323300998
23.8876,2.3887599999999998e-05,0.017983552672830916,0.00846988417999102
23.888399999999997,2.3888399999999996e-05,0.01475046118544654,0.009576511219804441
23.889200000000002,2.38892e-05,0.025037758766107032,0.010671276630527193
23.89,2.389e-05,-0.009102429009069213,0.011750990620559369
23.8908,2.38908e-05,0.06195900257049125,0.012812626545376347
23.891599999999997,2.3891599999999997e-05,-0.01421023658074727,0.013853343805585082
23.892400000000002,2.3892400000000002e-05,0.11209102000507798,0.014870508055456182
23.8932,2.38932e-05,0.0016049399296886868,0.015861708300797042
23.894,2.3894e-05,0.02296274750135674,0.016824770561302042
23.894799999999996,2.3894799999999997e-05,0.025926698230994694,0.0177577679318134
23.8956,2.3895600000000002e-05,0.015119843789148546,0.01865902705401521
23.8964,2.38964e-05,0.04413822820404745,0.01952713113828946
23.897199999999998,2.3897199999999995e-05,0.015910054093815296,0.020360919732668216
23.897999999999996,2.3897999999999994e-05,0.031383083234890474,0.021159485455113848
23.8988,2.38988e-05,0.03849289545971435,0.02192216792392383
23.899599999999992,2.389959999999999e-05,0.02472473863682012,0.022648545148639426
23.900399999999998,2.3900399999999996e-05,0.02953484604210055,0.023338422676459383
23.901199999999996,2.3901199999999994e-05,0.009998040428871313,0.023991820823771232
23.902,2.3902e-05,0.048517105322625986,0.0246089603509318
23.902799999999992,2.390279999999999e-05,0.011312724971876076,0.02519024694691395
23.903599999999997,2.3903599999999996e-05,0.04058171400162913,0.025736254875914927
23.904399999999995,2.3904399999999994e-05,0.0456687164018329,0.026247710114741127
23.9052,2.39052e-05,0.02201536504490642,0.026725473294914134
23.906,2.3905999999999998e-05,0.012667127852116544,0.027170522765907947
23.906799999999997,2.3906799999999996e-05,0.03193328002186491,0.027583938110242092
23.907600000000002,2.39076e-05,0.013097790307385893,0.027966884442335666
23.9084,2.39084e-05,0.08185119499882032,0.0283205977861335
23.9092,2.3909199999999998e-05,0.009694855053888896,0.028646371761971025
23.909999999999997,2.3909999999999996e-05,-0.007069216598712069,0.02894554576367585
23.910800000000002,2.39108e-05,-0.0036239146594091443,0.029219494791946164
23.9116,2.39116e-05,0.04236526665142415,0.029469621082526615
23.912399999999998,2.3912399999999998e-05,0.04993411222872379,0.029697347559300914
23.913199999999996,2.3913199999999997e-05,0.0407799286649384,0.029904112959600358
23.914,2.3914000000000002e-05,0.007834702589637144,0.030091368312383092
23.9148,2.39148e-05,0.026071387279893554,0.030260574370323413
23.915599999999998,2.3915599999999995e-05,0.09513856844347524,0.030413199582544077
23.916399999999996,2.3916399999999993e-05,0.04269644360361524,0.030550718188103697
23.9172,2.39172e-05,0.04000787518317561,0.03067460801350402
23.918,2.3917999999999997e-05,0.03435535603311812,0.030786347621936997
23.918799999999997,2.3918799999999995e-05,0.07233595089992562,0.030887412595218152
23.919599999999996,2.3919599999999994e-05,0.013383575202321474,0.030979270875451555
23.9204,2.39204e-05,0.04413349933831989,0.03106337720919361
23.9212,2.3921199999999997e-05,0.05515180788921714,0.031141166824581862
23.921999999999997,2.3921999999999996e-05,0.036987561979132555,0.031214048541315036
23.922799999999995,2.3922799999999994e-05,0.02212241627372702,0.031283397568042166
23.9236,2.39236e-05,-0.0014800578173692625,0.03135054828902551
23.9244,2.3924399999999997e-05,0.08920858646706475,0.031416787373452965
23.925199999999997,2.3925199999999996e-05,0.015473150087093712,0.03148334753085148
23.926000000000002,2.3926e-05,0.031451928812190055,0.03155140219041806
23.9268,2.39268e-05,0.04984919034566748,0.031622061346390166
23.927599999999998,2.3927599999999998e-05,-0.030366424797678482,0.03169636880763626
23.928399999999996,2.3928399999999996e-05,-0.006667869894941392,0.031775301081496045
23.9292,2.39292e-05,0.059908389680097374,0.03185976805101793
23.93,2.393e-05,0.02170442543276707,0.03195061543787016
23.930799999999998,2.3930799999999998e-05,0.09319992415904432,0.03204862881203604
23.931599999999996,2.3931599999999996e-05,0.008764873077485413,0.03215453871105376
23.9324,2.39324e-05,0.06431015248729754,0.032269026351871434
23.9332,2.39332e-05,0.06696600046480095,0.03239272945863843
23.933999999999997,2.3933999999999995e-05,0.00227202269977822,0.03252624783084366
23.934799999999996,2.3934799999999993e-05,0.02224421963400436,0.0326701483866907
23.9356,2.39356e-05,0.038837123346212477,0.032824969504842615
23.9364,2.3936399999999997e-05,0.04716629564525754,0.03299122451971838
23.937199999999997,2.3937199999999995e-05,0.04321524412193356,0.03316940418890641
23.937999999999995,2.3937999999999993e-05,0.048758631526043095,0.03335997788863232
23.9388,2.39388e-05,0.04912158406686806,0.03356339326508958
23.9396,2.3939599999999997e-05,0.05390180788921717,0.03378007409663534
23.940399999999997,2.3940399999999995e-05,0.06484994668853494,0.034010416189889967
23.941199999999995,2.3941199999999994e-05,0.09579108759354282,0.03425478123035807
23.942,2.3942e-05,-0.006672787272093528,0.03451348864276705
23.9428,2.3942799999999997e-05,0.05907846103819481,0.03478680569464854
23.943599999999996,2.3943599999999996e-05,0.02269076988359553,0.03507493626917875
23.9444,2.39444e-05,0.017211499191068236,0.035378008874916794
23.9452,2.39452e-05,0.017751293392305523,0.035696064505065815
23.945999999999998,2.3945999999999997e-05,0.07290430450979413,0.03602904491335058
23.946799999999996,2.3946799999999996e-05,0.03380307872899624,0.03637678177315317
23.9476,2.39476e-05,0.054230147981403354,0.03673898707950115
23.9484,2.39484e-05,0.005624080687445021,0.037115245090189194
23.949199999999998,2.3949199999999998e-05,0.060495467944292836,0.037505006094613984
23.949999999999996,2.3949999999999996e-05,0.011993047187717432,0.037907582305013454
23.9508,2.39508e-05,0.044303910935855284,0.03832214613848554
23.9516,2.39516e-05,0.06022613867510174,0.0387477310930763
23.952399999999997,2.3952399999999994e-05,0.01897008563509428,0.039183235341161395
23.953199999999995,2.3953199999999993e-05,0.04429350835011814,0.03962742809410977
23.954,2.3953999999999998e-05,0.022406309162949944,0.040078958742813524
23.9548,2.3954799999999996e-05,0.015511544250049414,0.040536368731697144
23.955599999999997,2.3955599999999995e-05,0.04245283688305057,0.04099810604816023
23.956399999999995,2.3956399999999993e-05,0.05412234040972541,0.04146254208892159
23.9572,2.3957199999999998e-05,0.04901037180375267,0.04192799051536075
23.958,2.3957999999999997e-05,0.022550998211848916,0.042392727573690656
23.958799999999997,2.3958799999999995e-05,0.0713747611663037,0.04285501326833442
23.959599999999995,2.3959599999999993e-05,0.048215244121933565,0.0433131127355097
23.9604,2.39604e-05,0.0776024433091087,0.04376531714527832
23.961199999999998,2.3961199999999997e-05,0.09847190177680831,0.044209963465587594
23.961999999999996,2.3961999999999995e-05,0.011912474850390709,0.04464545248068832
23.9628,2.39628e-05,0.0643657586188553,0.045070264584409686
23.9636,2.39636e-05,0.045160886300674274,0.0454829730328577
23.964400000000005,2.3964400000000004e-05,0.026801074075850417,0.045882254473579145
23.965199999999996,2.3965199999999995e-05,0.09913482351260994,0.046266896625526244
23.966,2.3966e-05,0.12684968231309857,0.04663580298587618
23.9668,2.39668e-05,-0.0147632702277265,0.04698799445436557
23.967599999999997,2.3967599999999997e-05,0.06349005859970946,0.04732260786024065
23.968399999999995,2.3968399999999996e-05,0.11072905139910816,0.047638891546804306
23.9692,2.39692e-05,0.0286965953316084,0.04793619833216741
23.97,2.397e-05,0.0810700631056065,0.048213976271763034
23.970799999999997,2.3970799999999998e-05,0.06374179887742903,0.04847175773770166
23.971599999999995,2.3971599999999993e-05,0.007073808036468954,0.04870914744241155
23.9724,2.3972399999999998e-05,0.042628922200595554,0.04892581014371691
23.9732,2.3973199999999996e-05,0.03517336940355875,0.04912145882191908
23.973999999999997,2.3973999999999994e-05,0.05908621527536195,0.0492958440813677
23.974799999999995,2.3974799999999993e-05,-0.013125162969697679,0.049448745405576054
23.9756,2.3975599999999998e-05,0.03607006310560357,0.0495799647269167
23.976399999999998,2.3976399999999996e-05,0.020594953447381048,0.04968932258240838
23.977199999999996,2.3977199999999995e-05,0.06513648792632798,0.04977665689917514
23.977999999999994,2.3977999999999993e-05,0.07624463573743379,0.049841824185578316
23.9788,2.3978799999999998e-05,0.05183587503592402,0.04988470265391946
23.979599999999998,2.3979599999999997e-05,0.06855890417700905,0.049905196642975824
23.980399999999996,2.3980399999999995e-05,0.10027077438948961,0.04990324167100533
23.9812,2.39812e-05,0.02747515474024964,0.04987880950459526
23.982,2.3982e-05,0.07588981675376372,0.04983191273565725
23.982800000000005,2.3982800000000004e-05,0.09989023285719323,0.04976260848889972
23.983599999999996,2.3983599999999995e-05,0.040471069569946394,0.04967100101314433
23.9844,2.39844e-05,0.017752049735162978,0.049557243035629014
23.9852,2.39852e-05,0.07391429099210178,0.04942153587964198
23.986000000000004,2.3986000000000004e-05,0.05202368711349614,0.04926412843315503
23.986799999999995,2.3986799999999995e-05,0.03465305619950565,0.04908531507224945
23.9876,2.39876e-05,0.07435251917310337,0.04888543260355439
23.9884,2.39884e-05,0.11534378100108422,0.048664856247149
23.989200000000004,2.3989200000000004e-05,0.023846201757669494,0.04842399467420986
23.989999999999995,2.3989999999999992e-05,0.028863602237706232,0.04816328416628974
23.9908,2.3990799999999997e-05,0.03389764685492247,0.04788318207054686
23.9916,2.3991599999999996e-05,0.05241179437152477,0.0475841598181196
23.992399999999996,2.3992399999999994e-05,0.06833553479649601,0.047266695770455135
23.993199999999995,2.3993199999999992e-05,0.07938940065033429,0.04693126806801287
23.994,2.3993999999999998e-05,0.05553442993867108,0.046578347567432184
23.994799999999998,2.3994799999999996e-05,0.01685119499882337,0.04620839094342855
23.995599999999996,2.3995599999999994e-05,0.07444160209045458,0.04582183409831919
23.996399999999994,2.3996399999999993e-05,0.030512868424329542,0.04541908610044644
23.9972,2.3997199999999998e-05,0.0717566268728903,0.04500052390457189
23.997999999999998,2.3997999999999996e-05,0.05305107407585041,0.044566488093974406
23.998799999999996,2.3998799999999995e-05,0.07623971836028154,0.04411727986927322
23.9996,2.39996e-05,-0.01827117619288654,0.04365315952693036
24.0004,2.4000399999999998e-05,0.030424541849845665,0.043174346714918904
24.001200000000004,2.4001200000000003e-05,0.044670456679552495,0.0426810227731002
24.001999999999995,2.4001999999999995e-05,0.0513183986918857,0.04217333540023387
24.0028,2.40028e-05,0.04943952157330711,0.041651405738220716
24.0036,2.40036e-05,0.03881556183188084,0.041115337802859864
24.004400000000004,2.4004400000000003e-05,0.036974322533390724,0.04056523008985136
24.005199999999995,2.4005199999999995e-05,-0.015415789377823952,0.04000118914318555
24.006,2.4006e-05,0.07381764234902832,0.03942334483512433
24.0068,2.40068e-05,0.004808904177009077,0.03883186702048931
24.007600000000004,2.4007600000000004e-05,0.05861734716857159,0.038226983084908045
24.008399999999995,2.4008399999999992e-05,0.0276268416834482,0.03760899574629391
24.0092,2.40092e-05,0.07781181690101546,0.03697830033798871
24.009999999999998,2.4009999999999995e-05,0.054474322533390684,0.036335400722848
24.010800000000003,2.40108e-05,0.07454316811069028,0.03568092297107586
24.011599999999994,2.4011599999999992e-05,0.10701044766775425,0.035015625997626615
24.0124,2.4012399999999997e-05,0.042347866171387416,0.034340408510741355
24.013199999999998,2.4013199999999996e-05,0.048970653466516856,0.0336563118686915
24.013999999999996,2.4013999999999994e-05,0.059573808036468945,0.032964518746215546
24.014799999999994,2.4014799999999992e-05,-0.001159283450915316,0.03226634781179273
24.0156,2.4015599999999998e-05,0.018945687260747746,0.03156324484416471
24.016399999999997,2.4016399999999996e-05,0.030356264103968633,0.030856770834770394
24.017199999999995,2.4017199999999994e-05,0.04662706927544291,0.030148587628097613
24.018,2.4018e-05,0.023846201757669494,0.029440441572600874
24.0188,2.4018799999999998e-05,0.021544416420978818,0.028734145551680336
24.019600000000004,2.4019600000000003e-05,0.04850254170259405,0.028031559690217197
24.020399999999995,2.4020399999999995e-05,0.044455597879063835,0.027334570992679098
24.0212,2.40212e-05,0.04217461771384723,0.026645072148368698
24.022,2.4021999999999998e-05,0.02897897553510642,0.025964939744333393
24.022800000000004,2.4022800000000003e-05,0.019405476956091072,0.025296012170418332
24.023599999999995,2.4023599999999995e-05,-0.0036927602367088364,0.024640067566531854
24.0244,2.40244e-05,0.04044118598702506,0.023998802203118837
24.025199999999998,2.4025199999999998e-05,0.029205181775634248,0.023373809665182675
24.026000000000003,2.4026000000000003e-05,0.04203408969923317,0.022766561134652998
24.026799999999994,2.402679999999999e-05,0.03520608984648488,0.02217838698541017
24.0276,2.40276e-05,0.02218369612529436,0.021610459871797702
24.028399999999998,2.4028399999999995e-05,-0.016656710966336807,0.021063779514326735
24.029200000000003,2.40292e-05,0.03526037180375263,0.02053915942639023
24.029999999999994,2.4029999999999992e-05,0.04501752142605542,0.02003721582842143
24.0308,2.4030799999999997e-05,-0.007177024170390012,0.019558358940409092
24.031599999999997,2.4031599999999995e-05,-0.013148805001176656,0.019102786763367574
24.032400000000003,2.40324e-05,0.05511776327200113,0.01867048139102853
24.033199999999994,2.4033199999999992e-05,0.03722398229395263,0.01826120782208702
24.034,2.4033999999999997e-05,0.028595785654239925,0.017874515156173745
24.034799999999997,2.4034799999999996e-05,0.007214336051083015,0.017509739994531193
24.035599999999995,2.4035599999999994e-05,0.04661118148113086,0.017166011874288747
24.0364,2.40364e-05,0.04429899355870304,0.016842260623685257
24.0372,2.4037199999999997e-05,-0.014053064428963702,0.01653722558919086
24.038000000000004,2.4038000000000003e-05,0.011808071970150102,0.01624946674357668
24.038799999999995,2.4038799999999994e-05,0.03551910997577168,0.015977377734482393
24.0396,2.40396e-05,0.022405552820082497,0.01571920094847089
24.040399999999998,2.4040399999999998e-05,0.001029020594087826,0.015473044634515827
24.041200000000003,2.4041200000000003e-05,-0.01882212932271854,0.015236902085234448
24.041999999999994,2.4041999999999994e-05,0.020336215275362002,0.015008672832808548
24.0428,2.40428e-05,0.026769109975771643,0.014786185748636722
24.043599999999998,2.4043599999999998e-05,-0.01167411144638364,0.014567223816584806
24.044400000000003,2.4044400000000003e-05,0.06752659983750242,0.014349550210547062
24.045199999999994,2.4045199999999995e-05,0.023963655572217246,0.014130935201581199
24.046,2.4046e-05,-0.01692868858410801,0.013909183376747387
24.046799999999998,2.4046799999999995e-05,0.03160077889539381,0.013682160668835012
24.047600000000003,2.4047600000000003e-05,0.03864306971719811,0.01344782074132048
24.048399999999994,2.404839999999999e-05,0.014276107870081378,0.013204230301671095
24.0492,2.4049199999999997e-05,0.012941185987025094,0.01294959292214967
24.049999999999997,2.4049999999999995e-05,0.010853691619400196,0.012682270962755347
24.050800000000002,2.40508e-05,0.022008367150606722,0.012400805223752968
24.051599999999993,2.4051599999999992e-05,0.010415463438398609,0.012103931976401488
24.0524,2.4052399999999997e-05,0.046524935423784664,0.011790597015093803
24.053199999999997,2.4053199999999995e-05,0.05055031773298313,0.011459966363844132
24.054000000000002,2.4054e-05,-0.022619413385686404,0.011111433291573079
24.0548,2.40548e-05,0.051461007223647215,0.010744621366170453
24.0556,2.4055599999999997e-05,0.014063141075305485,0.010359383390357526
24.056400000000004,2.4056400000000002e-05,0.004290671490113307,0.009955796168694091
24.057199999999995,2.4057199999999994e-05,0.04792870288414053,0.009534151130753102
24.058,2.4058e-05,0.09090929775095091,0.009094940895865704
24.058799999999998,2.4058799999999997e-05,0.008707754260202871,0.008638841947305988
24.059600000000003,2.4059600000000003e-05,-0.024029422397444766,0.00816669373330218
24.060399999999994,2.4060399999999994e-05,-0.008241292609965312,0.007679474735222728
24.0612,2.40612e-05,0.00040922188695635686,0.007178276253744235
24.061999999999998,2.4061999999999998e-05,0.043082470344496526,0.006664274744828547
24.062800000000003,2.4062800000000003e-05,0.024156385026941618,0.0061387034745083
24.063599999999994,2.4063599999999994e-05,-0.005723892129918529,0.005602824159438994
24.0644,2.40644e-05,0.0015444164209788003,0.005057899222505338
24.065199999999997,2.4065199999999994e-05,-0.01111899728225696,0.004505165324624736
24.066000000000003,2.4066000000000003e-05,0.0051588057835268986,0.003945808864470287
24.066799999999994,2.406679999999999e-05,0.0057152441219335826,0.003380944109136655
24.0676,2.4067599999999996e-05,-0.005636321898292107,0.0028115945340749025
24.068399999999997,2.4068399999999995e-05,-0.013007520643715242,0.002238677848258935
24.069200000000002,2.40692e-05,-0.009048903394668906,0.001662995084510955
24.069999999999993,2.406999999999999e-05,-0.04738148038517154,0.0010852240355447122
24.0708,2.4070799999999997e-05,0.0018449534473810036,0.0005059171858260436
24.071599999999997,2.4071599999999995e-05,0.00801910997577171,-7.449589133058307e-05
24.072400000000002,2.40724e-05,-0.007839189563327298,-0.000655701921284588
24.073199999999993,2.4073199999999992e-05,-0.001688675066415679,-0.0012374935616237233
24.073999999999998,2.4073999999999997e-05,0.014221069569946287,-0.0018197558992751493
24.074800000000003,2.4074800000000002e-05,0.006102027205682203,-0.002402450520271037
24.0756,2.40756e-05,0.022099530585105387,-0.0029855979068019573
24.0764,2.40764e-05,0.013549825765562074,-0.0035692589231558457
24.077199999999998,2.4077199999999997e-05,-0.006240044299676839,-0.004153516114319169
24.078000000000003,2.4078000000000002e-05,0.040837615313643605,-0.004738455462161473
24.0788,2.40788e-05,0.033850362791964406,-0.005324149140898324
24.0796,2.40796e-05,-0.018888138040013214,-0.0059106396926687215
24.080399999999997,2.4080399999999997e-05,-0.02685568197254351,-0.006497925896545513
24.081200000000003,2.4081200000000002e-05,0.014858268757124593,-0.007085950444162287
24.081999999999994,2.4081999999999994e-05,0.013087955553071406,-0.007674589418588873
24.0828,2.40828e-05,-0.02598546716198258,-0.008263643536520513
24.083599999999997,2.4083599999999998e-05,-0.017257028676284203,-0.00885283112337676
24.084400000000002,2.4084400000000003e-05,0.011842116587366225,-0.009441782798772745
24.085199999999993,2.408519999999999e-05,-0.010957664096168718,-0.010030037858577652
24.086,2.4085999999999996e-05,-0.00920891240645716,-0.010617042367806261
24.086799999999997,2.4086799999999994e-05,-0.0069871315756704355,-0.011202149012011275
24.087600000000002,2.40876e-05,0.024689937676736662,-0.0117846187718878
24.088399999999993,2.408839999999999e-05,0.0027130877407944842,-0.012363624483646559
24.089199999999998,2.4089199999999996e-05,-0.02501652319113068,-0.012938256320930002
24.089999999999996,2.4089999999999995e-05,-0.01018069323725379,-0.013507529170972877
24.0908,2.40908e-05,0.007785338009521636,-0.014070391795122254
24.091599999999993,2.409159999999999e-05,-0.008711484891035681,-0.01462573760302773
24.092399999999998,2.4092399999999997e-05,0.009126501444020274,-0.015172416843157994
24.093200000000003,2.40932e-05,-0.0197591091934316,-0.01570924998846855
24.094,2.4094e-05,-0.04924919857515553,-0.016235042048659065
24.0948,2.40948e-05,-0.023945256857285768,-0.01674859748781795
24.095599999999997,2.4095599999999997e-05,0.002403472302935139,-0.01724873541762187
24.096400000000003,2.4096400000000002e-05,-0.015783091464378507,-0.017734304801306274
24.0972,2.40972e-05,0.006139665025770569,-0.01820419951168634
24.098,2.4098e-05,-0.006747118057978008,-0.018657373168295077
24.098799999999997,2.4098799999999997e-05,-0.016487623543091634,-0.01909285369116628
24.099600000000002,2.4099600000000002e-05,-0.03668735089212549,-0.01950975746303787
24.1004,2.41004e-05,0.018379414168026798,-0.019907302929194962
24.1012,2.41012e-05,-0.02162323418054346,-0.02028482342227259
24.101999999999997,2.4101999999999997e-05,-0.018941095822990972,-0.020641778984257224
24.102800000000002,2.4102800000000002e-05,-0.02456013818726488,-0.020977766945937046
24.103599999999993,2.410359999999999e-05,-0.025244621437431225,-0.021292531002385668
24.1044,2.4104399999999996e-05,-0.027358594696549887,-0.021585968512619114
24.105199999999996,2.4105199999999994e-05,-0.06312724348684506,-0.021858135778319604
24.106,2.4106e-05,0.007978823807113344,-0.022109251127733737
24.106799999999993,2.410679999999999e-05,0.011008026911178859,-0.022339695740806794
24.107599999999998,2.4107599999999996e-05,-0.02583737342164616,-0.022550012273415333
24.108399999999996,2.4108399999999994e-05,-0.04531214284041085,-0.02274090141720548
24.1092,2.41092e-05,-0.008259449432829413,-0.022913216534832304
24.109999999999992,2.410999999999999e-05,-0.03366287665381751,-0.023067956479633712
24.110799999999998,2.4110799999999996e-05,-0.03579689874148306,-0.023206256712413567
24.111599999999996,2.4111599999999995e-05,-0.0071185811788274655,-0.02332937888395742
24.1124,2.41124e-05,0.014135579855467428,-0.023438699131201956
24.1132,2.4113199999999998e-05,-0.010975064576215332,-0.02353569540165782
24.113999999999997,2.4113999999999996e-05,0.00989023285719326,-0.023621934136773395
24.114800000000002,2.41148e-05,0.007614926411996348,-0.023699056579841154
24.1156,2.41156e-05,-0.0758574222501931,-0.023768764834075494
24.1164,2.41164e-05,-0.008468066681905917,-0.023832807629061554
24.117199999999997,2.4117199999999997e-05,-0.01915954782638174,-0.023892965625629186
24.118000000000002,2.4118000000000002e-05,-0.048422106793197806,-0.023951036051188635
24.1188,2.41188e-05,-0.021948169581292087,-0.024008816506049954
24.1196,2.41196e-05,-0.03543659454929826,-0.02406808787081882
24.120399999999997,2.4120399999999997e-05,-0.04215621899894573,-0.024130596346147108
24.1212,2.4121200000000002e-05,0.009704501296768475,-0.024198034769084165
24.122,2.4122e-05,-0.025951422544696512,-0.024272023469873193
24.122799999999998,2.4122799999999995e-05,-0.036735959129343576,-0.024354091033636602
24.123599999999996,2.4123599999999994e-05,0.005510787907182069,-0.02444565538820449
24.1244,2.41244e-05,-0.02537815155770573,-0.024548005654742647
24.125199999999992,2.412519999999999e-05,0.010501709495735034,-0.024662285192982313
24.125999999999998,2.4125999999999996e-05,-0.0359729840590981,-0.024789476252656584
24.126799999999996,2.4126799999999994e-05,-0.015186178445838694,-0.024930386595312253
24.1276,2.41276e-05,-0.019146308380569854,-0.025085638381544127
24.128399999999992,2.412839999999999e-05,0.019824224139898372,-0.02525565955467239
24.129199999999997,2.4129199999999996e-05,-0.01277601770607728,-0.02544067790343548
24.129999999999995,2.4129999999999994e-05,-0.03663098841771051,-0.025640717927327913
24.1308,2.41308e-05,-0.04814804865831934,-0.02585560053325131
24.1316,2.4131599999999998e-05,-0.02838806217601164,-0.02608494548845347
24.132399999999997,2.4132399999999996e-05,-0.004040581326079207,-0.02632817650860239
24.133200000000002,2.41332e-05,0.0018213114158920352,-0.026584528899168115
24.134,2.4134e-05,-0.03258120773413542,-0.026853059741411993
24.1348,2.4134799999999998e-05,0.010115682754853639,-0.027132660641904328
24.135599999999997,2.4135599999999996e-05,0.003431615608146976,-0.02742207301536145
24.136400000000002,2.41364e-05,-0.019254115952277773,-0.027719905765860572
24.1372,2.41372e-05,-0.059512854124296966,-0.02802465509661258
24.137999999999998,2.4137999999999998e-05,-0.009957323856740752,-0.02833472603509023
24.138799999999996,2.4138799999999997e-05,-0.0162421248168243,-0.02864845515141729
24.1396,2.4139600000000002e-05,-0.037133901141716885,-0.028964133911304535
24.1404,2.41404e-05,-0.04577193253571399,-0.029280032124189496
24.141199999999998,2.4141199999999995e-05,-0.05859251839076318,-0.029594420981093342
24.141999999999996,2.4141999999999993e-05,0.020827969070763785,-0.029905595223653793
24.1428,2.41428e-05,-0.024233310780803596,-0.030211894068816
24.1436,2.4143599999999997e-05,-0.030791413532968215,-0.030511720611180418
24.144399999999997,2.4144399999999995e-05,-0.056335936599922976,-0.030803559476516657
24.145199999999996,2.4145199999999994e-05,-0.0818250420467248,-0.03108599249225944
24.146,2.4146e-05,-0.05050487229510525,-0.031357712145886
24.1468,2.4146799999999997e-05,-0.0218876460725822,-0.03161753270796952
24.147599999999997,2.4147599999999996e-05,-0.013241292609965316,-0.031864399117500365
24.148399999999995,2.4148399999999994e-05,0.013011544250049467,-0.0320973939839952
24.1492,2.41492e-05,0.0022741032169255604,-0.03231574323936167
24.15,2.4149999999999997e-05,-0.009265274880872254,-0.03251882099829923
24.150799999999997,2.4150799999999996e-05,-0.018803404668391588,-0.03270615406048665
24.151600000000002,2.41516e-05,-0.027619413385716496,-0.03287742627113868
24.1524,2.41524e-05,-0.021018187604848637,-0.033032482728328705
24.1532,2.4153199999999998e-05,-0.07158994590615475,-0.03317133364661697
24.153999999999996,2.4153999999999996e-05,-0.02938140452113991,-0.03329415758424801
24.1548,2.41548e-05,-0.00466662158465303,-0.03340130372143494
24.1556,2.41556e-05,-0.0287114848910357,-0.033493292927343675
24.156399999999998,2.4156399999999998e-05,-0.0021889394418419528,-0.03357081742563157
24.157199999999996,2.4157199999999996e-05,-0.0058067334958274985,-0.03363473889618339
24.158,2.4158e-05,-0.05726402657055385,-0.033686084800434495
24.1588,2.41588e-05,-0.03164763255488989,-0.03372604261056071
24.159599999999998,2.4159599999999995e-05,-0.07048179809504884,-0.033755951514749166
24.160399999999996,2.4160399999999993e-05,-0.03180631739239803,-0.03377729112440281
24.1612,2.41612e-05,-0.05468118520471488,-0.03379166676090656
24.162,2.4161999999999997e-05,-0.052172863136125125,-0.033800791037373164
24.162799999999997,2.4162799999999995e-05,-0.08811532821535328,-0.03380646163459426
24.163599999999995,2.4163599999999993e-05,-0.071488379885989,-0.03381053537858253
24.1644,2.41644e-05,0.018051074075850382,-0.03381489897334356
24.1652,2.4165199999999997e-05,-0.02019941789158053,-0.033821437032919455
24.165999999999997,2.4165999999999995e-05,0.009550166004989924,-0.033831998330792035
24.166799999999995,2.4166799999999994e-05,-0.01707129711585953,-0.033848361335652936
24.1676,2.41676e-05,-0.0293855655554347,-0.03387220007632237
24.1684,2.4168399999999997e-05,-0.05147930147447177,-0.0339050512258847
24.169199999999996,2.4169199999999996e-05,0.010401467649789442,-0.033948283119067675
24.17,2.417e-05,-0.051173279239554725,-0.03400306729348908
24.1708,2.41708e-05,-0.03396057682014508,-0.03407035308623686
24.171599999999998,2.4171599999999997e-05,0.005720161499095711,-0.03415084579000731
24.172399999999996,2.4172399999999996e-05,-0.028222567955668576,-0.034244988849350726
24.1732,2.41732e-05,-0.021523180846002465,-0.03435295054458792
24.174,2.4174e-05,-0.01219934202754902,-0.03447461555291644
24.174799999999998,2.4174799999999998e-05,0.011535338009521667,-0.0346095816839376
24.175599999999996,2.4175599999999996e-05,-0.030754532055707218,-0.034757161967603416
24.1764,2.41764e-05,-0.0029178698949413606,-0.03491639212824868
24.1772,2.41772e-05,-0.023717158611085254,-0.035086043304098785
24.177999999999997,2.4177999999999994e-05,-0.006764518538014852,-0.03526463968099272
24.178799999999995,2.4178799999999993e-05,-0.07058752514960931,-0.03545048052868492
24.1796,2.4179599999999998e-05,-0.05653566394888698,-0.03564166597915576
24.1804,2.4180399999999996e-05,-0.0017645185380148476,-0.0358361257950878
24.181199999999997,2.4181199999999995e-05,-0.0512810868111625,-0.03603165037153434
24.181999999999995,2.4181999999999993e-05,-0.0049266839309521915,-0.03622592328128868
24.1828,2.4182799999999998e-05,-0.03318644282123506,-0.0364165547494002
24.1836,2.4183599999999997e-05,-0.04581221870444241,-0.0366011154690929
24.184399999999997,2.4184399999999995e-05,-0.07011392817710149,-0.03677717015206635
24.185199999999995,2.4185199999999993e-05,-0.07158502852903237,-0.03694231018844869
24.186,2.4186e-05,0.0017621120814722557,-0.037094184834800606
24.186799999999998,2.4186799999999997e-05,-0.010482554437946101,-0.03723053047886661
24.187599999999996,2.4187599999999995e-05,-0.014375162969697652,-0.037349197696915346
24.1884,2.41884e-05,-0.06645433526870281,-0.03744817592153797
24.1892,2.41892e-05,-0.010866500661680156,-0.03752561552165063
24.190000000000005,2.4190000000000004e-05,-0.05420683188927966,-0.037579847013787665
24.190799999999996,2.4190799999999995e-05,-0.04895433526870285,-0.03760939706449882
24.1916,2.41916e-05,-0.051082115805026085,-0.03761300094737455
24.1924,2.41924e-05,-0.062494961676829,-0.03758961117700551
24.193199999999997,2.4193199999999997e-05,-0.03794775347786261,-0.0375384021481629
24.193999999999996,2.4193999999999996e-05,-0.021190679719561345,-0.03745877075781823
24.1948,2.41948e-05,-0.03251727953405803,-0.03735033315604734
24.1956,2.41956e-05,-0.06604939536205989,-0.037212917915507016
24.196399999999997,2.4196399999999998e-05,-0.038527833847758375,-0.03704655600012925
24.197199999999995,2.4197199999999993e-05,0.020953177122478572,-0.036851467970167334
24.198,2.4197999999999998e-05,-0.04526334609175797,-0.03662804891632772
24.1988,2.4198799999999996e-05,-0.0710535563963548,-0.036376851659995185
24.199599999999997,2.4199599999999994e-05,-0.022306393256399604,-0.03609856875622344
24.200399999999995,2.4200399999999993e-05,0.008181199504717407,-0.035794013811449255
24.2012,2.4201199999999998e-05,-0.05376368633115591,-0.035464102631816846
24.201999999999998,2.4201999999999996e-05,-0.013235807401380528,-0.03510983474410858
24.202799999999996,2.4202799999999995e-05,0.02235410772282964,-0.03473227582367411
24.203599999999994,2.4203599999999993e-05,-0.04944816958129217,-0.034332541499968436
24.2044,2.4204399999999998e-05,0.00700080142487447,-0.03391178290346664
24.205199999999998,2.4205199999999997e-05,-0.038133485038287396,-0.03347117417710314
24.205999999999996,2.4205999999999995e-05,-0.03680896574096815,-0.03301190201858513
24.2068,2.42068e-05,-0.03916370886067655,-0.03253515718426682
24.2076,2.42076e-05,-0.026909207586883865,-0.03204212780322872
24.208400000000005,2.4208400000000004e-05,-0.022878907900562906,-0.031533994332092086
24.209199999999996,2.4209199999999995e-05,-0.04199753416143759,-0.031011926011793995
24.21,2.421e-05,-0.024491292609995274,-0.030477078734732526
24.2108,2.42108e-05,0.015322219486752497,-0.029930594270268885
24.211600000000004,2.4211600000000004e-05,-0.03133253190845553,-0.029373600819929298
24.212399999999995,2.4212399999999995e-05,-0.02866836186233246,-0.028807214866580173
24.2132,2.42132e-05,-0.0197661070877011,-0.02823254423013042
24.214,2.4214e-05,-0.009314639460987761,-0.027650692164901
24.214799999999997,2.4214799999999997e-05,-0.011145476173740843,-0.027062762270031696
24.215599999999995,2.4215599999999992e-05,0.011412966817821668,-0.02646986394099505
24.2164,2.4216399999999997e-05,-0.04571689423561898,-0.025873118035369083
24.2172,2.4217199999999996e-05,-0.09406762804902569,-0.025273662339320352
24.217999999999996,2.4217999999999994e-05,-0.00585969127877517,-0.024672656338818013
24.218799999999995,2.4218799999999992e-05,-0.012275753330610928,-0.024071284799411643
24.2196,2.4219599999999998e-05,-0.031393811759992896,-0.023470759778051818
24.220399999999998,2.4220399999999996e-05,-0.00971466199050841,-0.022872320866430627
24.221199999999996,2.4221199999999994e-05,-0.008077122563872163,-0.02227723359707696
24.221999999999994,2.4221999999999993e-05,-0.05405306442899371,-0.02168678599756786
24.2228,2.4222799999999998e-05,-0.06567717589838318,-0.021102283292400523
24.223599999999998,2.4223599999999996e-05,0.009981396291691924,-0.020525040782950497
24.224399999999996,2.4224399999999995e-05,-0.02051243802086744,-0.01995637502914325
24.2252,2.42252e-05,0.029148819301219375,-0.019397593608486367
24.226,2.4225999999999998e-05,-0.008286496155776035,-0.01884998386455506
24.226800000000004,2.4226800000000003e-05,-0.0030472389809509393,-0.018314801093433874
24.227599999999995,2.4227599999999995e-05,-0.043275337227181465,-0.017793256539101642
24.2284,2.42284e-05,-0.045476312886533865,-0.017286505440518758
24.2292,2.42292e-05,0.010922537196699778,-0.01679563528387739
24.230000000000004,2.4230000000000003e-05,0.02104150369697233,-0.016321654418578385
24.230799999999995,2.4230799999999995e-05,-0.012101180698780634,-0.015865481269873537
24.2316,2.42316e-05,-0.0007997356015279067,-0.015427934434536147
24.2324,2.42324e-05,0.02015180788921711,-0.015009723911011413
24.233200000000004,2.4233200000000004e-05,-0.021816719978135057,-0.014611443606434803
24.233999999999995,2.4233999999999992e-05,-0.039573377633006834,-0.014233565134136344
24.2348,2.42348e-05,-0.01587765959027454,-0.013876432807835348
24.235599999999998,2.4235599999999995e-05,0.035912134610962765,-0.01354025968453974
24.236400000000003,2.42364e-05,-0.022216742507655707,-0.013225124521454721
24.237199999999994,2.4237199999999992e-05,-0.040948585684721595,-0.012930969554089795
24.238,2.4237999999999997e-05,-0.0028337043547425056,-0.012657599016784801
24.238799999999998,2.4238799999999996e-05,0.022291503696972303,-0.012404678318080644
24.239599999999996,2.4239599999999994e-05,-0.03186192352398576,-0.012171733797529647
24.240399999999994,2.4240399999999992e-05,-0.03924711805800796,-0.011958153028328875
24.2412,2.4241199999999998e-05,-0.012642299074308139,-0.01176318565973278
24.241999999999997,2.4241999999999996e-05,0.0006011949988232734,-0.011585944827417182
24.242799999999995,2.4242799999999994e-05,0.027948183881324806,-0.01142540923653557
24.2436,2.42436e-05,-0.012671614825806699,-0.011280426120485368
24.2444,2.4244399999999998e-05,-0.014937842859556572,-0.011149715327238007
24.245200000000004,2.4245200000000003e-05,0.04290714136980889,-0.01103187475080478
24.245999999999995,2.4245999999999995e-05,-0.03199961467858503,-0.010925387241889588
24.2468,2.42468e-05,0.005704841536196548,-0.010828629042158715
24.2476,2.4247599999999998e-05,0.007662966817821748,-0.010739879701562684
24.248400000000004,2.4248400000000003e-05,-0.0365279097117599,-0.0106573333600346
24.249199999999995,2.4249199999999995e-05,-0.019734710819085177,-0.01057911121819068
24.25,2.425e-05,-0.008823453497008527,-0.010503275003029375
24.250799999999998,2.4250799999999998e-05,0.030648479061781364,-0.010427841264947552
24.251600000000003,2.4251600000000003e-05,0.015478067464255951,-0.010350796408587949
24.252399999999994,2.425239999999999e-05,-0.02627900629401525,-0.01027011240680201
24.2532,2.42532e-05,-0.028349100181603415,-0.010183763120003485
24.253999999999998,2.4253999999999995e-05,-0.015741292609965263,-0.010089741061336484
24.254800000000003,2.42548e-05,-0.0038660086942490235,-0.00998607439510547
24.255599999999994,2.4255599999999992e-05,0.011391405303480151,-0.00987084398778069
24.2564,2.4256399999999997e-05,0.04312483703030234,-0.009742200416330732
24.257199999999997,2.4257199999999995e-05,-0.03247340016252753,-0.009598380895314076
24.258000000000003,2.4258e-05,-0.013897216451460359,-0.009437726055318597
24.258799999999994,2.4258799999999992e-05,-0.006038992776352781,-0.009258696407850445
24.2596,2.4259599999999997e-05,-0.012999198575125548,-0.009059888241366004
24.260399999999997,2.4260399999999996e-05,0.015524595184356671,-0.00884004867046277
24.261199999999995,2.4261199999999994e-05,-0.01390497068865737,-0.00859808959487578
24.262,2.4262e-05,-0.010808814012974954,-0.008333100364547562
24.2628,2.4262799999999997e-05,-0.026449417891580507,-0.008044358962924143
24.263600000000004,2.4263600000000003e-05,0.004974398397382118,-0.0077313415295279875
24.264399999999995,2.4264399999999994e-05,-0.029305561049570605,-0.007393730077852162
24.2652,2.42652e-05,0.020983060705409895,-0.007031418336380947
24.266,2.4265999999999998e-05,-0.01871432175101051,-0.00664451572884962
24.266800000000003,2.4266800000000003e-05,0.00316379902468078,-0.006233349586178253
24.267599999999995,2.4267599999999994e-05,-0.010266939294590105,-0.005798465732358276
24.2684,2.42684e-05,0.05972190177680525,-0.005340627612909255
24.269199999999998,2.4269199999999998e-05,-0.014889802453731282,-0.004860814139948379
24.270000000000003,2.4270000000000003e-05,0.014364434444565255,-0.0043602163950179715
24.270799999999994,2.4270799999999995e-05,0.003896322680642328,-0.003840233241616417
24.2716,2.42716e-05,0.008741798877428986,-0.0033024657746460804
24.272399999999998,2.4272399999999995e-05,-0.04109327473359059,-0.0027487104219056204
24.273200000000003,2.4273200000000003e-05,0.004913307057249572,-0.002180950445758412
24.273999999999994,2.427399999999999e-05,-0.020527757983726858,-0.0016013455850353306
24.2748,2.4274799999999997e-05,0.032484233151696684,-0.0010122196354225756
24.275599999999997,2.4275599999999995e-05,0.010490550567140655,-0.0004160458713434096
24.276400000000002,2.42764e-05,-0.01569608906414477,0.00018456969128717408
24.277199999999993,2.4277199999999992e-05,-0.021993373127112692,0.0007869071493521776
24.278,2.4277999999999997e-05,0.003727991600254388,0.001388153638513529
24.278799999999997,2.4278799999999995e-05,-0.02492327923955473,0.0019854262602436107
24.279600000000002,2.42796e-05,0.0158126491078745,0.0025757968492356982
24.280399999999993,2.4280399999999992e-05,0.06676702945862434,0.0031563182828145972
24.2812,2.4281199999999997e-05,-0.02084002177018618,0.0037240519076569057
24.282000000000004,2.4282000000000002e-05,0.006495051840863297,0.004276095605433733
24.282799999999995,2.4282799999999994e-05,0.006307996106148517,0.004809612054984123
24.2836,2.42836e-05,0.0167106669842092,0.0053218568215342345
24.284399999999998,2.4284399999999997e-05,0.007788174869536535,0.0058102059431164995
24.285200000000003,2.4285200000000003e-05,0.00477826425122041,0.006272182678718015
24.285999999999994,2.4285999999999994e-05,0.042714411915074524,0.0067054830668751095
24.2868,2.42868e-05,0.017587123346212485,0.007107999942935671
24.287599999999998,2.4287599999999998e-05,-0.009260357503720007,0.007477845086666048
24.288400000000003,2.4288400000000003e-05,0.03160777678969351,0.00781336922346167
24.289199999999994,2.4289199999999994e-05,0.02219485505388885,0.008113179668174675
24.29,2.429e-05,0.013085875035923955,0.00837615545416241
24.290799999999997,2.4290799999999995e-05,0.019439521573307084,0.008601459829004674
24.291600000000003,2.4291600000000003e-05,-0.012865668454821066,0.00878855004125565
24.292399999999994,2.429239999999999e-05,0.0063698437891485105,0.00893718438811611
24.2932,2.4293199999999996e-05,0.028646662920070343,0.00904742651295963
24.293999999999997,2.4293999999999995e-05,0.043060152487297554,0.009119646916638283
24.294800000000002,2.42948e-05,-0.018514594402016415,0.009154521603038476
24.295599999999993,2.429559999999999e-05,-0.0024622412338929367,0.009153027765101476
24.2964,2.4296399999999997e-05,0.06411250565541093,0.009116436442091817
24.297199999999997,2.4297199999999995e-05,0.036319722866175685,0.0090463021046794
24.298000000000002,2.4298e-05,0.040661718507533307,0.0089444491418274
24.298799999999993,2.4298799999999992e-05,0.020169208369264058,0.008812955287903637
24.299599999999998,2.4299599999999997e-05,0.04185819289312287,0.008654132183859579
24.300400000000003,2.4300400000000002e-05,-0.01654398601750673,0.00847050348049979
24.3012,2.43012e-05,-0.029398048658319298,0.008264781093750555
24.302,2.4302e-05,-0.04986824093935949,0.00803984035011611
24.302799999999998,2.4302799999999997e-05,0.0370390070763954,0.007798694762122087
24.303600000000003,2.4303600000000002e-05,-0.008631480385141499,0.0075444710217368195
24.3044,2.43044e-05,0.013104031858828247,0.00728038454425328
24.3052,2.43052e-05,0.048703593225908004,0.00700971564765432
24.305999999999997,2.4305999999999997e-05,0.014431199504717385,0.006735786299384772
24.306800000000003,2.4306800000000002e-05,-0.01665179358918467,0.006461937319518969
24.307599999999994,2.4307599999999994e-05,0.025284013835241592,0.0061915059665299905
24.3084,2.43084e-05,-0.006922447032665757,0.005927803895174936
24.309199999999997,2.4309199999999998e-05,0.041581865729632295,0.005674095509750138
24.310000000000002,2.4310000000000003e-05,-0.016146800348030843,0.0054335767271606735
24.310799999999993,2.431079999999999e-05,0.055681199504717394,0.0052093541469113835
24.3116,2.4311599999999996e-05,0.03279309224668869,0.005004424634426801
24.312399999999997,2.4312399999999994e-05,-0.02807088101243005,0.004821655374355339
24.313200000000002,2.43132e-05,-0.012153382138901048,0.0046637645404415656
24.313999999999993,2.431399999999999e-05,0.028705673743055438,0.004533302825052203
24.314799999999998,2.4314799999999996e-05,-0.0036099188707998664,0.00443263611261378
24.315599999999996,2.4315599999999995e-05,0.027039007076395394,0.0043639295430326405
24.3164,2.43164e-05,-0.023470147199023184,0.00432913314249451
24.317199999999993,2.431719999999999e-05,0.011844953447381013,0.004329969154785822
24.317999999999998,2.4317999999999997e-05,-0.007021932535744013,0.004367921182854607
24.318800000000003,2.43188e-05,0.03174338742714522,0.004444225212119955
24.3196,2.43196e-05,0.004194779189897302,0.00455986252451988
24.3204,2.43204e-05,0.03267412574641615,0.004715554454328919
24.321199999999997,2.4321199999999997e-05,-0.010540241086641311,0.004911758917843025
24.322000000000003,2.4322000000000002e-05,0.006587539449641966,0.00514866867477898
24.3228,2.43228e-05,0.03314431802748652,0.005426211322622021
24.3236,2.43236e-05,-0.0015857848718897616,0.005744051054086393
24.324399999999997,2.4324399999999997e-05,-0.004771592296316074,0.006101592216370053
24.325200000000002,2.4325200000000002e-05,0.036102783548539685,0.006497984714236365
24.326,2.4326e-05,-0.033077122563872186,0.006932131300809345
24.3268,2.43268e-05,-0.006655954623479454,0.007402696785751675
24.327599999999997,2.4327599999999997e-05,0.01689223751033908,0.007908119144651525
24.328400000000002,2.4328400000000002e-05,0.06906181690101543,0.008446622427682616
24.329199999999993,2.432919999999999e-05,-0.028591194216443072,0.009016231259247654
24.33,2.4329999999999996e-05,0.018359933170842502,0.009614786651410152
24.330799999999996,2.4330799999999994e-05,0.028123512856012223,0.010239962859373309
24.3316,2.43316e-05,0.03138232689203302,0.010889285050335332
24.332399999999993,2.433239999999999e-05,0.022512036217470444,0.01156014758750953
24.333199999999998,2.4333199999999996e-05,-0.00641461693149703,0.012249832757139879
24.333999999999996,2.4333999999999994e-05,0.02378076087179737,0.012955529814966796
24.3348,2.43348e-05,0.008078309310201703,0.013674354281640988
24.335599999999992,2.433559999999999e-05,0.026866514961712662,0.014403367434125274
24.336399999999998,2.4336399999999996e-05,0.029789423179824914,0.015139595916955219
24.337199999999996,2.4337199999999995e-05,-0.007847511631916992,0.015880051364046802
24.338,2.4338e-05,0.02827444345636343,0.01662174990378239
24.3388,2.4338799999999998e-05,0.021590376309656767,0.017361731411614286
24.339599999999997,2.4339599999999996e-05,0.013698108017333066,0.01809707835409681
24.340400000000002,2.43404e-05,0.001826796624476823,0.018824934030326902
24.3412,2.43412e-05,0.03359578565423993,0.01954251997103974
24.342,2.4342e-05,0.12111242979141934,0.02024715220711133
24.342799999999997,2.4342799999999997e-05,0.007121848442294243,0.020936256086474488
24.343600000000002,2.4343600000000002e-05,-0.003791489396929748,0.02160737935835839
24.3444,2.43444e-05,0.01942703847042271,0.022258203389234926
24.3452,2.43452e-05,0.025905136716653065,0.022886552551725687
24.345999999999997,2.4345999999999997e-05,0.022961423327076624,0.023490401914484135
24.3468,2.4346800000000002e-05,0.04934703396452844,0.024067883328814235
24.3476,2.43476e-05,0.06194160209045463,0.024617289933529126
24.348399999999998,2.4348399999999995e-05,0.013485897565414628,0.025137079066530378
24.349199999999996,2.4349199999999994e-05,0.041995884047722254,0.025625873611354814
24.35,2.435e-05,-0.004642223210306495,0.02608246190047393
24.350799999999992,2.435079999999999e-05,0.04266088630067433,0.026505796389460917
24.351599999999998,2.4351599999999996e-05,-0.005466478132189478,0.02689499135240925
24.352399999999996,2.4352399999999994e-05,0.07437899806459713,0.027249319814110884
24.3532,2.43532e-05,0.07029441642097878,0.027568209858643472
24.353999999999992,2.435399999999999e-05,-0.014446089064144685,0.027851240394619798
24.354799999999997,2.4354799999999996e-05,0.05101994218263073,0.02809813646599388
24.355599999999995,2.4355599999999994e-05,0.012841700483936735,0.028308764269015217
24.3564,2.43564e-05,0.03254475666040668,0.028483126103332625
24.3572,2.4357199999999998e-05,0.010679118987570013,0.028621355491835816
24.357999999999997,2.4357999999999996e-05,0.03572016149909574,0.0287237126539794
24.358800000000002,2.43588e-05,0.03609994668853489,0.028790580441077723
24.3596,2.43596e-05,-0.000837373421616161,0.028822460757787258
24.3604,2.4360399999999998e-05,0.04454241176782281,0.028819971412365024
24.361199999999997,2.4361199999999996e-05,0.03946316360478619,0.028783843262727943
24.362000000000002,2.4362e-05,0.06033753944964193,0.028714917453721997
24.3628,2.43628e-05,0.03843085926528955,0.028614142489151954
24.363599999999998,2.4363599999999998e-05,0.05049830480429751,0.028482570884780928
24.364399999999996,2.4364399999999997e-05,0.05143660884930068,0.02832135522109301
24.3652,2.4365200000000002e-05,0.011583378415346957,0.028131743534609562
24.366,2.4366e-05,0.023802322386138886,0.027915074115701915
24.366799999999998,2.4366799999999995e-05,0.0068992354046486515,0.027672769881863575
24.367599999999996,2.4367599999999993e-05,0.0013371233462124987,0.02740633253196364
24.3684,2.43684e-05,0.05475537856259871,0.027117336636886074
24.3692,2.4369199999999997e-05,0.014480564084832892,0.026807423698451092
24.369999999999997,2.4369999999999995e-05,0.08591213461095981,0.026478296062270947
24.370799999999996,2.4370799999999994e-05,0.042075888553616325,0.026131710467485032
24.3716,2.43716e-05,0.024684452468151763,0.025769471007013982
24.3724,2.4372399999999997e-05,0.022367347168571583,0.025393421361417097
24.373199999999997,2.4373199999999996e-05,0.010497548461440243,0.02500543630786032
24.373999999999995,2.4373999999999994e-05,0.04992087278298196,0.024607412614593482
24.3748,2.43748e-05,0.02476918583977339,0.02420125946366112
24.3756,2.4375599999999997e-05,0.0353458615182316,0.02378888852046153
24.376399999999997,2.4376399999999996e-05,0.0343296334844817,0.0233722037430216
24.377200000000002,2.43772e-05,-0.004026585537469818,0.02295309102793321
24.378,2.4378e-05,0.07670083222990487,0.02253340781359044
24.3788,2.4378799999999998e-05,0.03640596892351211,0.022114972781874558
24.379599999999996,2.4379599999999996e-05,0.006835118693066522,0.021699555819348633
24.3804,2.43804e-05,-0.004249954917982968,0.021288868443201353
24.3812,2.43812e-05,0.008240398839137297,0.020884554959380616
24.381999999999998,2.4381999999999998e-05,0.030761204010611443,0.020488184640383447
24.382799999999996,2.4382799999999996e-05,0.03693536053901225,0.020101245140910842
24.3836,2.43836e-05,0.016534770178099012,0.019725137243806562
24.3844,2.43844e-05,0.00959953058510532,0.01936117092369926
24.385199999999998,2.4385199999999995e-05,-0.006293569914077257,0.019010562667297747
24.385999999999996,2.4385999999999993e-05,0.03569651946760677,0.018674433963656475
24.3868,2.43868e-05,0.03207796907076377,0.018353810823100395
24.3876,2.4387599999999997e-05,0.010616514961712675,0.018049624093629084
24.388399999999997,2.4388399999999995e-05,0.042295664731267224,0.017762710261491742
24.389199999999995,2.4389199999999993e-05,0.00544610336417739,0.017493812386063092
24.39,2.439e-05,0.02118619274587119,0.017243580823200523
24.3908,2.4390799999999997e-05,0.06333137376220122,0.017012573407889173
24.391599999999997,2.4391599999999995e-05,0.0480141925986195,0.016801254784132653
24.392399999999995,2.4392399999999994e-05,0.02006064445472866,0.016609994609653678
24.3932,2.43932e-05,0.02698831832198989,0.016439064460658345
24.394,2.4393999999999997e-05,0.019344953447381075,0.016288633416465505
24.394799999999996,2.4394799999999996e-05,0.021901315921796116,0.016158762461763145
24.3956,2.43956e-05,0.02223306070540987,0.016049397952833257
24.3964,2.43964e-05,0.020722242016243175,0.015960364446904893
24.397199999999998,2.4397199999999997e-05,0.014816469902741436,0.015891357214686746
24.397999999999996,2.4397999999999996e-05,0.0159622555339356,0.015841934764257187
24.3988,2.43988e-05,0.004390156993191674,0.015811511703103853
24.3996,2.43996e-05,0.0551016869662444,0.015799352248796687
24.400399999999998,2.4400399999999998e-05,-0.002268943947776103,0.01580456466823428
24.401199999999996,2.4401199999999996e-05,0.009621092099437067,0.015826096896533887
24.402,2.4402e-05,0.0034754949796774737,0.01586273357299338
24.4028,2.44028e-05,0.049305235110145285,0.015913094717926537
24.403599999999997,2.4403599999999995e-05,0.004500045082016957,0.015975636234543802
24.404399999999995,2.4404399999999993e-05,0.03673847004999309,0.016048652363461553
24.4052,2.4405199999999998e-05,0.016834362350209187,0.01613028018209745
24.406,2.4405999999999996e-05,-0.001356930282801927,0.01621850624337617
24.406799999999997,2.4406799999999995e-05,-0.015243297263111244,0.016311175464226797
24.407599999999995,2.4407599999999993e-05,0.05163633619833463,0.01640600236409795
24.4084,2.4408399999999998e-05,0.006121508202866499,0.01650058468961804
24.4092,2.4409199999999997e-05,0.0255518304187079,0.016592419356911567
24.409999999999997,2.4409999999999995e-05,0.01926078790718211,0.01667892054843741
24.410799999999995,2.4410799999999993e-05,-0.00713598165886431,0.016757439750706444
24.4116,2.44116e-05,0.04853866683695751,0.016825287496831466
24.412399999999998,2.4412399999999997e-05,0.030944855053888887,0.016879756550660627
24.413199999999996,2.4413199999999995e-05,0.02988890868290317,0.016918146235135035
24.414,2.4414e-05,0.02080640755643215,0.016937787597676644
24.4148,2.44148e-05,0.01713849257947364,0.01693606914295273
24.415600000000005,2.4415600000000004e-05,0.004861861959986724,0.01691046292943148
24.416399999999996,2.4416399999999995e-05,0.01079316811069031,0.016858550876079514
24.4172,2.44172e-05,0.0278918214069096,0.016778051128011284
24.418,2.4418e-05,0.025281176975226805,0.016666844284550963
24.418799999999997,2.4418799999999997e-05,-0.00670475137216231,0.01652299922602528
24.419599999999996,2.4419599999999996e-05,0.04281314107530554,0.016344798217882206
24.4204,2.44204e-05,0.028103275515970694,0.01613076093248345
24.4212,2.44212e-05,0.03483462672563553,0.015879667004297205
24.421999999999997,2.4421999999999998e-05,0.008112353927417826,0.015590576730887047
24.422799999999995,2.4422799999999993e-05,0.021582622072489732,0.015262849565229199
24.4236,2.4423599999999998e-05,0.0023234677970410678,0.014896160101642276
24.4244,2.4424399999999996e-05,0.057678286780711074,0.014490511300297276
24.425199999999997,2.4425199999999994e-05,0.018158881647518332,0.014046244706039173
24.425999999999995,2.4425999999999993e-05,0.018068474555887115,0.0135640474208697
24.4268,2.4426799999999998e-05,0.01203692655924804,0.013044955622690858
24.427599999999998,2.4427599999999996e-05,0.012340111934220466,0.012490354486865165
24.428399999999996,2.4428399999999995e-05,0.03853034476836792,0.011901974425303488
24.429199999999994,2.4429199999999993e-05,0.016518693872342283,0.011281883584653022
24.43,2.4429999999999998e-05,0.0027840138352415167,0.010632476556281
24.430799999999998,2.4430799999999997e-05,0.036499212875158116,0.009956459274631853
24.431599999999996,2.4431599999999995e-05,0.03449796456486953,0.009256830121168578
24.4324,2.44324e-05,0.00017696260642097172,0.00853685729812377
24.4332,2.44332e-05,0.02820124833333426,0.007800052594111708
24.434000000000005,2.4434000000000004e-05,0.034087539449641935,0.007050141740839904
24.434799999999996,2.4434799999999995e-05,0.017034846042100593,0.006291031647967718
24.4356,2.44356e-05,0.015441185987025041,0.005526774893672632
24.4364,2.44364e-05,-0.005856098075943006,0.004761531947999479
24.437200000000004,2.4437200000000004e-05,-0.0012400442996768346,0.003999531707626758
24.437999999999995,2.4437999999999995e-05,-0.00017785637724898606,0.0032450309911216508
24.4388,2.44388e-05,0.009730980188262461,0.002502273654549177
24.4396,2.44396e-05,0.026561816901015445,0.0017754499444602992
24.440399999999997,2.4440399999999997e-05,0.012786094352389088,0.0010686566470891929
24.441199999999995,2.4441199999999992e-05,-0.07378940887975227,0.000385858561525254
24.442,2.4441999999999997e-05,-0.005631404521139971,-0.0002691481753612306
24.4428,2.4442799999999996e-05,0.006065145728451293,-0.0008927704104140376
24.443599999999996,2.4443599999999994e-05,-0.004405046552618974,-0.0014816495577749766
24.444399999999995,2.4444399999999992e-05,0.019529172322080957,-0.002032690254546245
24.4452,2.4445199999999998e-05,0.001972242016243131,-0.0025430860784368195
24.445999999999998,2.4445999999999996e-05,0.0001045238262591397,-0.0030103424132330503
24.446799999999996,2.4446799999999994e-05,-0.005609843006808335,-0.0034322965642099097
24.447599999999994,2.4447599999999993e-05,0.024447843641896783,-0.0038071352052713014
24.4484,2.4448399999999998e-05,0.014602935276532891,-0.004133409216326911
24.449199999999998,2.4449199999999996e-05,0.024730223845394916,-0.004410045943945486
24.449999999999996,2.4449999999999995e-05,-0.004901717725182997,-0.0046363588643790025
24.4508,2.44508e-05,-0.020324625943295316,-0.004812054529045683
24.4516,2.4451599999999998e-05,-0.02253392367123741,-0.004937236554840008
24.452400000000004,2.4452400000000003e-05,-0.03552151643228463,-0.005012406345726741
24.453199999999995,2.4453199999999995e-05,0.029056899523863255,-0.00503846024934286
24.454,2.4454e-05,-0.027162460550388068,-0.00501668296393944
24.4548,2.44548e-05,0.02970941867392085,-0.004948737162746281
24.455600000000004,2.4455600000000003e-05,0.003232644601980361,-0.0048366494243849995
24.456399999999995,2.4456399999999995e-05,0.013663874888672378,-0.004682792610225013
24.4572,2.44572e-05,-0.03091038003324076,-0.004489864815049996
24.458,2.4458e-05,-0.01078441563862853,-0.0042608649652637245
24.458800000000004,2.4458800000000004e-05,-0.008162044446928585,-0.003999065096788584
24.459599999999995,2.4459599999999992e-05,-0.031900885518294064,-0.00370797936022246
24.4604,2.44604e-05,-0.028641882970878663,-0.003391329888626173
24.461199999999998,2.4461199999999995e-05,0.01954808548784248,-0.0030530098059599916
24.462000000000003,2.4462e-05,0.019636412062326247,-0.0026970438268624124
24.462799999999994,2.4462799999999992e-05,-0.02235651417940243,-0.0023275470662558646
24.4636,2.4463599999999997e-05,0.0250655618318808,-0.0019486827907641863
24.464399999999998,2.4464399999999996e-05,-0.012318308527821564,-0.0015646198804592025
24.465199999999996,2.4465199999999994e-05,0.04593785715958909,-0.0011794907578969907
24.465999999999994,2.4465999999999992e-05,0.002848698378246417,-0.0007973505157868536
24.4668,2.4466799999999998e-05,0.03017204522926875,-0.0004221379301277148
24.467599999999997,2.4467599999999996e-05,-0.008243373127112763,-5.763896081768479e-05
24.468399999999995,2.4468399999999994e-05,0.016063065211303962,0.00029254677945005493
24.4692,2.44692e-05,-0.014935762342409231,0.0006250362309594846
24.47,2.4469999999999998e-05,0.0123985549257829,0.0009366895000767924
24.470800000000004,2.4470800000000003e-05,0.015380662478315044,0.0012246326525244449
24.471599999999995,2.4471599999999995e-05,0.03128700242323956,0.0014862764625089677
24.4724,2.44724e-05,0.06591062192523789,0.0017193308957694229
24.4732,2.4473199999999998e-05,-0.03614963720800557,0.0019218151558683008
24.474000000000004,2.4474000000000003e-05,0.03085917682797512,0.0020920632526187015
24.474799999999995,2.4474799999999995e-05,-0.005687766995555066,0.002228725231741808
24.4756,2.44756e-05,-0.0005368363952138466,0.0023307643622318165
24.476399999999998,2.4476399999999998e-05,0.024701096605331152,0.0023974506606906127
24.477200000000003,2.4477200000000003e-05,0.012390989200050662,0.0024283511507436164
24.477999999999994,2.4477999999999995e-05,-0.044694424650426834,0.0024233172527675585
24.4788,2.44788e-05,0.03366047019724483,0.0023824696987219066
24.479599999999998,2.4479599999999995e-05,-0.00038306893485795523,0.002306181356810705
24.480400000000003,2.44804e-05,0.024431199504717394,0.002195058310515872
24.481199999999994,2.4481199999999992e-05,0.030102443309111715,0.002049919483449574
24.482,2.4481999999999997e-05,0.003613942477134202,0.0018717750847998642
24.482799999999997,2.4482799999999995e-05,0.012641405303480124,0.0016618041975391593
24.483600000000003,2.44836e-05,0.001984725119127728,0.0014213319249403004
24.484399999999994,2.4484399999999992e-05,-0.006356173939934595,0.0011518066083815554
24.4852,2.4485199999999997e-05,-0.02266745379154189,0.0008547776936605953
24.485999999999997,2.4485999999999996e-05,-0.003187766995555119,0.0005318748332177818
24.486799999999995,2.4486799999999994e-05,-0.025974308233318144,0.00018478875925027904
24.4876,2.44876e-05,-0.0306230824525503,-0.00018474565148083038
24.4884,2.4488399999999997e-05,0.00042170498984095417,-0.0005749638655507512
24.489200000000004,2.4489200000000003e-05,0.01461901158228951,-0.0009840836781422274
24.489999999999995,2.4489999999999994e-05,0.029482644601980357,-0.0014103148486938216
24.4908,2.44908e-05,0.0005225146672092063,-0.0018518667055440795
24.4916,2.4491599999999998e-05,-0.030851180698750702,-0.002306954110343032
24.492400000000004,2.4492400000000003e-05,0.025181691472148438,-0.0027738021551114676
24.493199999999995,2.4493199999999994e-05,-0.03366287665381751,-0.0032506499223016252
24.494,2.4494e-05,0.05974346329114688,-0.0037357536335069124
24.494799999999998,2.4494799999999998e-05,-0.0037044869967359784,-0.004227389544098702
24.495600000000003,2.4495600000000003e-05,0.00022065346651689577,-0.0047238569563871945
24.496399999999994,2.4496399999999995e-05,0.02428083673579895,-0.005223481680060531
24.4972,2.44972e-05,-0.02365795927659531,-0.0057246201731641425
24.497999999999998,2.4497999999999995e-05,0.022915463438398564,-0.0062256644920856835
24.498800000000003,2.4498800000000003e-05,0.021684944435582887,-0.006725048095852126
24.499599999999994,2.449959999999999e-05,0.00959953058510532,-0.0072212524842202325
24.5004,2.4500399999999997e-05,-0.022782259257519533,-0.007712814573388549
24.501199999999997,2.4501199999999995e-05,-0.022995793883687998,-0.008198334611891312
24.502000000000002,2.4502e-05,-0.03665671096630685,-0.008676484341725662
24.502799999999993,2.4502799999999992e-05,-0.0009618251304635006,-0.009146015078220543
24.5036,2.4503599999999997e-05,0.0010415036969723124,-0.00960576545060313
24.504399999999997,2.4504399999999995e-05,0.012779096458079398,-0.010054668679876562
24.505200000000002,2.45052e-05,0.04206189276501715,-0.01049175939297674
24.505999999999993,2.4505999999999992e-05,0.02148389291226893,-0.010916180010072668
24.5068,2.4506799999999997e-05,-0.020925699996099945,-0.01132718666200173
24.507600000000004,2.4507600000000002e-05,-0.04346806668187586,-0.011724154415039986
24.508399999999995,2.4508399999999994e-05,0.007129414168026704,-0.01210658137495425
24.5092,2.45092e-05,-0.05112391465940924,-0.012474091111992373
24.509999999999998,2.4509999999999997e-05,-0.08516045589717214,-0.012826432849061178
24.510800000000003,2.4510800000000003e-05,-0.0005082769865726311,-0.013163478976256852
24.511599999999994,2.4511599999999994e-05,-0.026048071187839916,-0.013485219671153462
24.5124,2.45124e-05,0.02591345878524276,-0.013791754689920149
24.513199999999998,2.4513199999999998e-05,-0.017261946053406363,-0.014083282678532082
24.514000000000003,2.4514000000000003e-05,-0.019550491944385295,-0.014360088541325066
24.514799999999994,2.4514799999999994e-05,-0.009672863136095167,-0.014622529464532442
24.5156,2.45156e-05,0.0026775304378536813,-0.014871020179106596
24.516399999999997,2.4516399999999995e-05,0.0025905280376498085,-0.015106018028111696
24.517200000000003,2.4517200000000003e-05,-0.026493297263111226,-0.015328008395955064
24.517999999999994,2.451799999999999e-05,0.01797315008709377,-0.015537491036411836
24.5188,2.4518799999999996e-05,0.020050241868991514,-0.015734967790571108
24.519599999999997,2.4519599999999995e-05,0.001401807889217177,-0.015920932117830217
24.520400000000002,2.45204e-05,-0.017307149599257055,-0.016095860763709332
24.521199999999993,2.452119999999999e-05,0.004078461038194869,-0.016260207746627106
24.522,2.4521999999999997e-05,-0.014731306127657717,-0.016414400686294354
24.522799999999997,2.4522799999999995e-05,-0.015040921565507182,-0.016558839364461106
24.523600000000002,2.45236e-05,0.012017445562053863,-0.0166938963234262
24.524399999999993,2.4524399999999992e-05,-0.03120599968242077,-0.01681991925503631
24.525199999999998,2.4525199999999997e-05,-0.005862339627385249,-0.016937234892928286
24.526000000000003,2.4526000000000002e-05,-0.012200098370476531,-0.017046154085034727
24.5268,2.45268e-05,0.012210742848210776,-0.017146977695466418
24.5276,2.45276e-05,-0.016300567808386845,-0.017240002965098866
24.528399999999998,2.4528399999999997e-05,-0.05343402206468961,-0.017325529933754684
24.529200000000003,2.4529200000000002e-05,-0.0334465051675743,-0.01740386748935427
24.53,2.453e-05,0.01329033125067558,-0.017475338597181093
24.5308,2.45308e-05,0.0008355347964960069,-0.01754028431796066
24.531599999999997,2.4531599999999997e-05,-0.012682773754401078,-0.017599066324779436
24.532400000000003,2.4532400000000002e-05,-0.05087425489880715,-0.017652067698149372
24.533199999999994,2.4533199999999994e-05,-0.03639513593431287,-0.017699691779882544
24.534,2.4534e-05,-0.021514102434585403,-0.017742358856593445
24.534799999999997,2.4534799999999998e-05,-0.026000787124841884,-0.017780500502719544
24.535600000000002,2.4535600000000003e-05,-0.019380080346819817,-0.017814551554426832
24.536399999999993,2.453639999999999e-05,-0.0014543352687328426,-0.017844939856246245
24.5372,2.4537199999999996e-05,-0.03956013818729487,-0.01787207406565739
24.537999999999997,2.4537999999999994e-05,0.002297745248414529,-0.017896329897593655
24.538800000000002,2.45388e-05,-0.04018693478869606,-0.017918035251532072
24.539599999999993,2.453959999999999e-05,0.011333718654784941,-0.017937454709356114
24.540399999999998,2.4540399999999996e-05,-0.021458496302997676,-0.01795477393572885
24.541199999999996,2.4541199999999995e-05,-0.0025916103199026264,-0.017970084549290846
24.542,2.4542e-05,-0.038312975047269826,-0.017983370048633363
24.542799999999993,2.454279999999999e-05,0.010313141075305454,-0.017994493370499923
24.543599999999998,2.4543599999999997e-05,0.012413874888672405,-0.018003186645069363
24.544399999999996,2.4544399999999995e-05,0.015253373909452916,-0.018009043699600075
24.5452,2.45452e-05,-0.006445256857285808,-0.018011515817643122
24.546,2.4546e-05,-0.05449337312714275,-0.018009911152225232
24.546799999999998,2.4546799999999997e-05,0.05223230436254234,-0.018003398034421903
24.547600000000003,2.4547600000000002e-05,-0.01026410243458542,-0.0179910122750642
24.5484,2.45484e-05,-0.013781843154090034,-0.017971668457212018
24.5492,2.45492e-05,0.017781176975226742,-0.017944175124632537
24.549999999999997,2.4549999999999997e-05,-0.009211749266501923,-0.017907253648054625
24.550800000000002,2.4550800000000002e-05,-0.037820464909000484,-0.017859560407811115
24.5516,2.45516e-05,-0.05337974010742197,-0.017799711803811118
24.5524,2.45524e-05,0.0013955663377749339,-0.0177263115265192
24.553199999999997,2.4553199999999997e-05,-0.008619753625114468,-0.017637979530328106
24.554000000000002,2.4554000000000002e-05,-0.009159547826351644,-0.017533382240317908
24.554799999999993,2.455479999999999e-05,0.033357852653695064,-0.017411263628073537
24.5556,2.4555599999999996e-05,0.007377749754308827,-0.017270476832969766
24.556399999999996,2.4556399999999994e-05,0.01843918133387923,-0.017110015947315246
24.5572,2.45572e-05,-0.07497680485389491,-0.016929047435042036
24.557999999999993,2.455799999999999e-05,0.003083794518776606,-0.016726940458312547
24.558799999999998,2.4558799999999996e-05,0.014698259745326347,-0.01650329522477674
24.559599999999996,2.4559599999999994e-05,-0.052864344280531106,-0.016257968404407512
24.5604,2.45604e-05,-0.0590538207718212,-0.015991094685226588
24.561199999999992,2.456119999999999e-05,-0.04898629936884158,-0.01570310359451794
24.561999999999998,2.4561999999999996e-05,-0.05970482723616399,-0.015394730819807629
24.562799999999996,2.4562799999999995e-05,0.03618127536871896,-0.015067023476159047
24.5636,2.45636e-05,-0.027420442379509802,-0.014721339072220826
24.5644,2.4564399999999998e-05,0.00020192881219005532,-0.01435933822721617
24.565199999999997,2.4565199999999996e-05,-0.04705465297868017,-0.013982971384960359
24.566000000000003,2.4566e-05,-0.03382572252562066,-0.013594459849613142
24.5668,2.45668e-05,-0.01599795026483708,-0.01319627151022872
24.5676,2.45676e-05,-0.03137565493715877,-0.012791091710915917
24.568399999999997,2.4568399999999997e-05,0.021459494537922286,-0.012381789877590515
24.569200000000002,2.4569200000000002e-05,0.019390156993191687,-0.011971382683780984
24.57,2.457e-05,0.006477651360826453,-0.011562994659191566
24.5708,2.45708e-05,-0.024515690984271643,-0.011159817166616397
24.571599999999997,2.4571599999999997e-05,-0.010788008841500663,-0.010765066596304001
24.572400000000002,2.4572400000000002e-05,0.01027909645807934,-0.010381942512791776
24.5732,2.45732e-05,-0.026507860883143164,-0.01001358641123383
24.573999999999998,2.4573999999999995e-05,0.030704085193339004,-0.009663041719417245
24.574799999999996,2.4574799999999994e-05,0.02041470709553128,-0.009333215683152409
24.5756,2.45756e-05,0.016384407409180457,-0.009026843749911454
24.576399999999992,2.457639999999999e-05,-0.010768527844346565,-0.00874645698584257
24.577199999999998,2.4577199999999996e-05,0.017656725266379403,-0.008494352918781627
24.577999999999996,2.4577999999999994e-05,-0.033786004188384955,-0.008272570028970463
24.5788,2.45788e-05,0.008041995664393342,-0.008082865964666704
24.579599999999992,2.457959999999999e-05,-0.022258352850574203,-0.007926699476152507
24.580399999999997,2.4580399999999996e-05,0.04454449228497026,-0.007805216039223874
24.581199999999995,2.4581199999999994e-05,-0.02980714959925712,-0.007719237151447969
24.582,2.4582e-05,-0.013859010799949334,-0.007669253290317497
24.5828,2.4582799999999998e-05,0.02318119950471742,-0.007655420499310701
24.583599999999997,2.4583599999999996e-05,-0.0007545320557071911,-0.007677560533722562
24.584400000000002,2.45844e-05,0.0022845058026625953,-0.007735164475736201
24.5852,2.45852e-05,0.013524103216925543,-0.007827399704002747
24.586,2.4585999999999998e-05,-0.015419950412088768,-0.007953120051996478
24.586799999999997,2.4586799999999996e-05,0.027787418526669105,-0.008110878915090651
24.587600000000002,2.45876e-05,-0.044653382138871045,-0.00829894498953513
24.5884,2.45884e-05,-0.0028656684548210576,-0.008515320262356305
24.589199999999998,2.4589199999999998e-05,-0.02634860821424234,-0.008757759835050366
24.589999999999996,2.4589999999999997e-05,-0.03312856766116523,-0.009023793178182846
24.5908,2.4590800000000002e-05,-0.005758693090002209,-0.009310746491603846
24.5916,2.45916e-05,0.05883428648620759,-0.009615765972370165
24.592399999999998,2.4592399999999995e-05,0.008769601943202865,-0.009935841923800245
24.593199999999996,2.4593199999999994e-05,-0.01949204895282275,-0.010267833701416306
24.594,2.4594e-05,0.00800795104717722,-0.010608495431575578
24.5948,2.4594799999999997e-05,-0.017796822877551466,-0.010954502288024004
24.595599999999997,2.4595599999999995e-05,-0.029657543173165823,-0.011302476966818627
24.596399999999996,2.4596399999999994e-05,-0.006903722378369004,-0.011649015928676097
24.5972,2.45972e-05,-0.04739963720800555,-0.011990714984904628
24.598,2.4597999999999997e-05,-0.03020357892587544,-0.012324193872576555
24.598799999999997,2.4598799999999996e-05,0.007043168110690279,-0.01264611958653854
24.599599999999995,2.4599599999999994e-05,-0.012632652831428448,-0.012953228396672282
24.6004,2.46004e-05,-0.009409963929781218,-0.013242346644722198
24.6012,2.4601199999999997e-05,0.02343502029958433,-0.013510410538031396
24.601999999999997,2.4601999999999996e-05,0.004758026911178881,-0.013754485207662436
24.602800000000002,2.46028e-05,-0.02037890790056296,-0.013971783276660571
24.6036,2.46036e-05,0.00044742753846738204,-0.014159683106527139
24.6044,2.4604399999999998e-05,-0.007617332868539051,-0.014315746784858453
24.605199999999996,2.4605199999999996e-05,-0.0012644426740133774,-0.014437737824002974
24.606,2.4606e-05,-0.011171198722377151,-0.01452363847942624
24.6068,2.46068e-05,-0.007963073440751978,-0.014571666554643904
24.607599999999998,2.4607599999999998e-05,0.009282349421523617,-0.014580291520046513
24.608399999999996,2.4608399999999996e-05,0.0035957856542400135,-0.014548249731469363
24.6092,2.46092e-05,0.02383088179477022,-0.014474558484090835
24.61,2.461e-05,-0.02366836186236243,-0.014358528559286222
24.610799999999998,2.4610799999999995e-05,-0.048600272627960184,-0.014199774806622753
24.611599999999996,2.4611599999999993e-05,-0.03337765959027461,-0.013998224180715281
24.6124,2.46124e-05,-0.006354849765654591,-0.013754120592420432
24.6132,2.4613199999999997e-05,-0.03252692577686778,-0.013468025988417787
24.613999999999997,2.4613999999999995e-05,-0.06584910018160339,-0.013140817224454721
24.614799999999995,2.4614799999999993e-05,-0.027999954917983017,-0.01277367848711736
24.6156,2.46156e-05,-4.8487291239407426e-05,-0.012368089225578001
24.6164,2.4616399999999997e-05,0.018623588720013795,-0.011925807790777307
24.617199999999997,2.4617199999999995e-05,0.016478407703683917,-0.01144885121454025
24.617999999999995,2.4617999999999994e-05,-0.02765988806577957,-0.010939471711961019
24.6188,2.46188e-05,0.0030817140016291544,-0.010400130507487346
24.6196,2.4619599999999997e-05,-0.018783167328340067,-0.009833469511095701
24.620399999999997,2.4620399999999996e-05,0.0033022465221373976,-0.00924228129412872
24.6212,2.46212e-05,0.018131078581744453,-0.008629477784671116
24.622,2.4622e-05,-0.03650578036599572,-0.007998058105695465
24.622799999999998,2.4622799999999997e-05,-0.00303059484377155,-0.00735107597992877
24.623599999999996,2.4623599999999996e-05,0.005218572949369449,-0.006691607116189869
24.6244,2.46244e-05,-0.05624080064253423,-0.006022716997917481
24.6252,2.46252e-05,0.008966492432222029,-0.0053474295381591925
24.625999999999998,2.4625999999999998e-05,0.05467537405670464,-0.004668697146427652
24.626799999999996,2.4626799999999996e-05,0.015434944435582909,-0.003989372848464563
24.6276,2.46276e-05,0.08299887263573025,-0.0033121851500449453
24.6284,2.46284e-05,-0.004393887624024373,-0.002639716260234172
24.629199999999997,2.4629199999999995e-05,-0.024009185057433213,-0.0019743840606523504
24.629999999999995,2.4629999999999993e-05,-0.02062100193540284,-0.0013184278961730271
24.6308,2.4630799999999998e-05,-0.008088281492466654,-0.0006738980006635135
24.6316,2.4631599999999996e-05,0.005335458932494541,-4.2648263510867155e-05
24.632399999999997,2.4632399999999995e-05,0.015912134610962858,0.0005736679076823871
24.633199999999995,2.4633199999999993e-05,-0.008297655084380517,0.0011735987535035249
24.634,2.4633999999999998e-05,0.03895608984648491,0.001755892387653684
24.6348,2.4634799999999997e-05,0.04578200918208586,0.002319492075644963
24.635599999999997,2.4635599999999995e-05,0.01483595089992562,0.0028635285921221046
24.636399999999995,2.4636399999999993e-05,0.006292676143259235,0.0033873097795744113
24.6372,2.46372e-05,-0.004050983911816353,0.003890307591726264
24.637999999999998,2.4637999999999997e-05,0.005143485820627514,0.004372143078612041
24.638799999999996,2.4638799999999995e-05,0.001678702884140515,0.00483256988763643
24.6396,2.46396e-05,-0.0026256549371287408,0.005271456885688626
24.6404,2.46404e-05,-0.015147972794317788,0.005688770472375131
24.641200000000005,2.4641200000000004e-05,0.03874463573743381,0.006084557084924572
24.641999999999996,2.4641999999999995e-05,-0.006706831889309761,0.006458926308742945
24.6428,2.46428e-05,-0.016704751372132343,0.006812034920419013
24.6436,2.46436e-05,0.05852202269977813,0.00714407212080578
24.644399999999997,2.4644399999999997e-05,-0.011370169728543766,0.0074552461667800945
24.645199999999996,2.4645199999999996e-05,0.0004063850269415692,0.0077457725743902365
24.646,2.4646e-05,0.03575628663345931,0.008015864047272638
24.6468,2.46468e-05,0.011247472597438524,0.008265722281968436
24.647599999999997,2.4647599999999998e-05,0.0017314721556834778,0.008495531802985876
24.648399999999995,2.4648399999999993e-05,-0.011637986311980097,0.008705455982339568
24.6492,2.4649199999999998e-05,0.0017802689043763253,0.008895635398821338
24.65,2.4649999999999996e-05,0.024493047187717387,0.009066188664977165
24.650799999999997,2.4650799999999994e-05,-0.004379324003992546,0.00921721577304414
24.651599999999995,2.4651599999999993e-05,-0.006900885518324129,0.009348803905564031
24.6524,2.4652399999999998e-05,0.05045574960705701,0.00946103555905447
24.6532,2.4653199999999996e-05,-0.026592026423302162,0.009553998751480587
24.653999999999996,2.4653999999999995e-05,0.0012981613518440183,0.009627799019982262
24.654799999999994,2.4654799999999993e-05,-0.0011517177251830768,0.009682572858009747
24.6556,2.4655599999999998e-05,0.04159661786109903,0.009718502173446634
24.656399999999998,2.4656399999999997e-05,-0.0006279998297024081,0.009735829255907267
24.657199999999996,2.4657199999999995e-05,0.014267029458624347,0.009734871645107912
24.658,2.4658e-05,0.06294742753846727,0.00971603623634298
24.6588,2.46588e-05,0.016706505949914408,0.009679831959168233
24.659600000000005,2.4659600000000004e-05,0.003199924159044354,0.009626880416154537
24.660399999999996,2.4660399999999995e-05,0.09366311854581488,0.00955792396894086
24.6612,2.46612e-05,-0.011354849765654595,0.009473830899522598
24.662,2.4662e-05,0.005543508350118187,0.009375597437440753
24.662800000000004,2.4662800000000004e-05,0.02586277003084736,0.009264346613986587
24.663599999999995,2.4663599999999995e-05,0.02222057760252527,0.009141324054359466
24.6644,2.46644e-05,0.03092178085383246,0.00900789091286041
24.6652,2.46652e-05,0.007838863623931935,0.008865514204305015
24.665999999999997,2.4665999999999997e-05,0.0011716291258393463,0.008715754833306031
24.666799999999995,2.4666799999999992e-05,0.04793494443558288,0.008560253689170735
24.6676,2.4667599999999997e-05,-0.002615252351391595,0.008400716235507638
24.6684,2.4668399999999996e-05,0.008469821259658006,0.008238896066769625
24.669199999999996,2.4669199999999994e-05,0.02023956663227844,0.008076577939800924
24.669999999999995,2.4669999999999992e-05,-0.024953162822445973,0.007915560819641154
24.6708,2.4670799999999998e-05,-0.009958080199598207,0.007757641485439721
24.671599999999998,2.4671599999999996e-05,-0.010587525149609367,0.007604599200508409
24.672399999999996,2.4672399999999994e-05,0.012529436697517382,0.007458181845666257
24.673199999999994,2.4673199999999993e-05,-0.00961442014453262,0.007320093752080059
24.674,2.4673999999999998e-05,0.023770358286060222,0.007191985283761555
24.674799999999998,2.4674799999999996e-05,0.008236805636275157,0.007075444056533186
24.675599999999996,2.4675599999999995e-05,0.006394242163494934,0.006971987564671409
24.6764,2.46764e-05,0.01663898454690471,0.006883056918975216
24.6772,2.4677199999999998e-05,0.020914215128110203,0.006810011368803164
24.678000000000004,2.4678000000000003e-05,0.0541828639184353,0.006754123273427042
24.678799999999995,2.4678799999999995e-05,0.0243283093102018,0.006716573209058499
24.6796,2.46796e-05,0.010510787907182073,0.006698444970831112
24.6804,2.46804e-05,-1.7847365450629482e-05,0.006700720364793762
24.681200000000004,2.4681200000000004e-05,0.02624255522028629,0.006724273848170495
24.681999999999995,2.4681999999999995e-05,0.004504206116311971,0.006769867205314394
24.6828,2.46828e-05,0.009605015793680116,0.006838144512146984
24.6836,2.46836e-05,0.0070730516936116095,0.006929627662490862
24.684400000000004,2.4684400000000004e-05,-0.030236299368841535,0.007044712731854422
24.685199999999995,2.4685199999999992e-05,0.020932939782436932,0.007183667436074215
24.686,2.4686e-05,0.04257104704046566,0.007346629886158974
24.686799999999998,2.4686799999999995e-05,-0.0058963842446013714,0.007533608752051771
24.687600000000003,2.46876e-05,0.008513700631188503,0.007744484871057196
24.688399999999994,2.4688399999999992e-05,-0.012023256710034014,0.007979014310960004
24.6892,2.4689199999999997e-05,-0.010796898741513017,0.008236832902604983
24.689999999999998,2.4689999999999996e-05,0.07326177184204419,0.008517462232247967
24.690799999999996,2.4690799999999994e-05,-0.0028337043547425056,0.008820317010298635
24.691599999999994,2.4691599999999992e-05,-0.03145490310016541,0.009144713658002866
24.6924,2.4692399999999998e-05,0.018519942182630755,0.009489879928066729
24.693199999999997,2.4693199999999996e-05,0.05083137376220126,0.009854965377927499
24.693999999999996,2.4693999999999994e-05,-0.010968066681905864,0.010239052486224089
24.6948,2.46948e-05,0.02271649243222207,0.01064116814618806
24.6956,2.4695599999999998e-05,0.06339549047378046,0.011060295241057606
24.696400000000004,2.4696400000000003e-05,-0.00015837538005480933,0.011495384030680109
24.697199999999995,2.4697199999999995e-05,0.008988810289421112,0.01194536314082305
24.698,2.4698e-05,-0.013287252498673241,0.012409150032700041
24.6988,2.4698799999999998e-05,-0.036975972647036004,0.012885660904955987
24.699600000000004,2.4699600000000003e-05,0.05096641656823042,0.013373819978903238
24.700399999999995,2.4700399999999995e-05,0.06805107407585043,0.01387256800748351
24.7012,2.47012e-05,0.019308071970150165,0.014380869686681874
24.701999999999998,2.4701999999999998e-05,0.07044950805561478,0.014897719555730224
24.702800000000003,2.4702800000000003e-05,-0.007191587790421949,0.015422146032332901
24.703599999999994,2.4703599999999995e-05,0.028938689366448167,0.015953213413429215
24.7044,2.47044e-05,0.02171350384422399,0.016490021880553873
24.705199999999998,2.4705199999999995e-05,0.00988474764860836,0.017031705699481176
24.706000000000003,2.4706e-05,0.04526037180375264,0.017577429875450846
24.706799999999994,2.4706799999999992e-05,-0.02418451403212063,0.018126385543016377
24.7076,2.4707599999999997e-05,0.0478424568268041,0.01867778436479808
24.708399999999997,2.4708399999999995e-05,-0.025056053016961677,0.01923085219370445
24.709200000000003,2.47092e-05,0.05747231788023477,0.019784822207174355
24.709999999999994,2.4709999999999992e-05,0.03800662687288725,0.020338927647801187
24.7108,2.4710799999999997e-05,0.051113753965699504,0.020892394229897776
24.711599999999997,2.4711599999999996e-05,0.07175511418717251,0.02144443224660986
24.712399999999995,2.4712399999999994e-05,-0.03659202642330217,0.021994228477432685
24.7132,2.47132e-05,0.034492479356284744,0.022540938140622732
24.714,2.4713999999999997e-05,0.040763284527759014,0.023083677286361046
24.714800000000004,2.4714800000000003e-05,-0.003863171834244228,0.023621516102191927
24.715599999999995,2.4715599999999994e-05,0.00965664940237787,0.024153473584347843
24.7164,2.47164e-05,-0.022350272627960188,0.02467851395767716
24.7172,2.4717199999999998e-05,-0.0016338252777152729,0.025195545120477107
24.718000000000004,2.4718000000000003e-05,0.06873555732598657,0.025703419220730273
24.718799999999995,2.4718799999999994e-05,0.06740422864580253,0.026200935235878277
24.7196,2.47196e-05,0.020602519173103406,0.02668684320639761
24.720399999999998,2.4720399999999998e-05,0.024433280021864956,0.02715984966869143
24.721200000000003,2.4721200000000003e-05,0.07751544090890805,0.027618623873122316
24.721999999999994,2.4721999999999995e-05,0.02467121302240971,0.02806180448619561
24.7228,2.47228e-05,0.01318819739901711,0.02848800658539486
24.723599999999998,2.4723599999999995e-05,0.07117787067728143,0.02889582884710598
24.724400000000003,2.4724400000000003e-05,0.04083837165650095,0.029283860909306354
24.725199999999994,2.472519999999999e-05,0.057328385174193364,0.029650690958566258
24.726,2.4725999999999997e-05,0.030852367445110107,0.029994913662593627
24.726799999999997,2.4726799999999995e-05,0.015368179375430557,0.030315138671290903
24.727600000000002,2.47276e-05,-0.02056596363527774,0.03061000002432167
24.728399999999993,2.4728399999999992e-05,0.01713225102803151,0.030878166867777865
24.7292,2.4729199999999997e-05,0.029372756513154852,0.031118355834225297
24.729999999999997,2.4729999999999995e-05,0.01466497147096757,0.031329345268983
24.730800000000002,2.47308e-05,0.05629475666040662,0.03150999124882993
24.731599999999993,2.4731599999999992e-05,0.01340513671665311,0.03165924512138513
24.7324,2.4732399999999997e-05,0.004536926559247978,0.031776172141555425
24.733200000000004,2.4733200000000002e-05,0.028390573096621186,0.031859970684373934
24.733999999999995,2.4733999999999994e-05,0.04636908744629109,0.0319099914249093
24.7348,2.47348e-05,0.05731722624559887,0.03192575576282728
24.735599999999998,2.4735599999999997e-05,0.04573340094483758,0.031906972653760066
24.736400000000003,2.4736400000000003e-05,0.08060535603311514,0.031853552952612135
24.737199999999994,2.4737199999999994e-05,0.08936575861885232,0.031765620416363285
24.738,2.4738e-05,0.06811651496171267,0.03164351865925231
24.738799999999998,2.4738799999999998e-05,0.029599530585105338,0.0314878135930759
24.739600000000003,2.4739600000000003e-05,0.02913557985546744,0.031299291196251994
24.740399999999994,2.4740399999999994e-05,0.05274221498085829,0.03107895077092934
24.7412,2.47412e-05,0.009662890953820114,0.030827994083622183
24.741999999999997,2.4741999999999995e-05,0.05926211208147214,0.030547810907406103
24.742800000000003,2.4742800000000003e-05,0.014724738636820112,0.030239961523962754
24.743599999999994,2.474359999999999e-05,0.03617370964298672,0.029906156748910794
24.7444,2.4744399999999996e-05,0.019183620261292722,0.029548236037702135
24.745199999999997,2.4745199999999995e-05,0.0838906489606227,0.02916814421462075
24.746000000000002,2.4746e-05,0.01011776327200109,0.028767907348079942
24.746799999999993,2.474679999999999e-05,0.03290298033551409,0.02834960829281065
24.7476,2.4747599999999997e-05,0.012321387279893625,0.02791536245169785
24.748399999999997,2.4748399999999995e-05,-0.02962974010742203,0.027467294351927688
24.749200000000002,2.47492e-05,0.04072224201624308,0.02700751562033527
24.749999999999993,2.4749999999999992e-05,0.013133159098892011,0.02653810483705019
24.750799999999998,2.4750799999999997e-05,0.08702368711349939,0.02606108955915996
24.751600000000003,2.4751600000000002e-05,0.046563897418162914,0.025578430613036152
24.7524,2.47524e-05,0.008654228645802564,0.02509200865118581
24.7532,2.47532e-05,-0.0018333641153144287,0.024603612999318417
24.753999999999998,2.4753999999999997e-05,0.02280349483242572,0.02411493292393964
24.754800000000003,2.4754800000000002e-05,0.0063176423490283184,0.023627551515225727
24.7556,2.47556e-05,0.012410470197244838,0.023142942334447383
24.7564,2.47564e-05,0.008114434444565277,0.022662468841061788
24.757199999999997,2.4757199999999997e-05,0.028296004970695066,0.022187386449543357
24.758000000000003,2.4758000000000002e-05,0.049037418526669097,0.02171884690548495
24.758799999999994,2.4758799999999994e-05,0.016133991305750994,0.021257904534920262
24.7596,2.47596e-05,0.0687820850460873,0.020805523838162542
24.760399999999997,2.4760399999999998e-05,0.05412442092687286,0.0203625878930732
24.761200000000002,2.4761200000000003e-05,-0.009536496155776009,0.019929907104871747
24.761999999999993,2.476199999999999e-05,0.012928702884140497,0.019508227971373828
24.7628,2.4762799999999996e-05,0.036017861665483264,0.019098241675785284
24.763599999999997,2.4763599999999994e-05,0.035697843641896765,0.018700592407638123
24.764400000000002,2.47644e-05,0.006268277768912922,0.018315885322929427
24.765199999999993,2.476519999999999e-05,0.017875177269730202,0.0179446940330273
24.766,2.4765999999999996e-05,-0.020958988270458723,0.017587567503526823
24.766799999999996,2.4766799999999995e-05,0.04963981675376372,0.01724503623270844
24.7676,2.47676e-05,0.014551490179280036,0.016917617525253247
24.768399999999993,2.476839999999999e-05,0.05202576763064359,0.016605819585789425
24.769199999999998,2.4769199999999997e-05,0.05631972286617559,0.01631014408471096
24.769999999999996,2.4769999999999995e-05,0.03253076087179729,0.01603108685404173
24.7708,2.47708e-05,-0.0005256774666093644,0.01576913647335508
24.7716,2.47716e-05,0.013332886447926073,0.015524770674039103
24.772399999999998,2.4772399999999997e-05,0.02937200017029762,0.015298450654277035
24.773200000000003,2.4773200000000002e-05,0.00743411222872381,0.015090613490297632
24.774,2.4774e-05,0.04504891769470154,0.014901662842735757
24.7748,2.47748e-05,0.011328801277622813,0.0147319581374547
24.775599999999997,2.4775599999999997e-05,0.03368486857158115,0.014581802396543095
24.776400000000002,2.4776400000000002e-05,0.005493387427145224,0.014451428922783671
24.7772,2.47772e-05,0.061016537491200395,0.014340987089038857
24.778,2.4778e-05,0.005525351527214117,0.01425052753833283
24.778799999999997,2.4778799999999997e-05,0.011993803530574887,0.014179987160078178
24.779600000000002,2.4779600000000002e-05,0.025354939929688736,0.014129174277398019
24.780399999999993,2.478039999999999e-05,0.019683696125294414,0.014097754546051436
24.7812,2.4781199999999996e-05,-0.008563958982121922,0.01408523810286941
24.781999999999996,2.4781999999999994e-05,0.009783181628382653,0.014090968504386936
24.7828,2.47828e-05,-0.007237547679100009,0.014114113968200146
24.783599999999993,2.478359999999999e-05,0.025691602090454624,0.014153661362431081
24.784399999999998,2.4784399999999996e-05,0.03734578565423996,0.014208413279725102
24.785199999999996,2.4785199999999994e-05,0.0185165374912033,0.014276988411589446
24.786,2.4786e-05,0.002596958100526847,0.01435782535637342
24.786799999999992,2.478679999999999e-05,-0.02964430372745397,0.014449189971765853
24.787599999999998,2.4787599999999996e-05,0.006996640390579567,0.014549186381624606
24.788399999999996,2.4788399999999995e-05,-0.010091610319902578,0.01465577169294063
24.7892,2.47892e-05,-0.0036795207909668948,0.014766774329057972
24.79,2.4789999999999998e-05,0.009596125893667984,0.014879915662444624
24.790799999999997,2.4790799999999996e-05,0.026563897418163007,0.014992834388635124
24.791600000000003,2.47916e-05,0.04608046569134072,0.015103112866957188
24.7924,2.47924e-05,0.05399637601515328,0.01520830449879004
24.7932,2.47932e-05,0.07981022835129914,0.015305961159475677
24.793999999999997,2.4793999999999997e-05,-0.002992957023683296,0.015393659775656453
24.794800000000002,2.4794800000000002e-05,0.05856930676274619,0.01546902733959602
24.7956,2.47956e-05,0.004484725119127675,0.01552976391954694
24.7964,2.47964e-05,0.049466000464800985,0.015573663478721057
24.797199999999997,2.4797199999999997e-05,0.0031541527818009785,0.01559863250353373
24.798000000000002,2.4798000000000002e-05,0.0039888102894211075,0.015602706566327422
24.7988,2.47988e-05,0.02924830480429752,0.015584065026662416
24.799599999999998,2.4799599999999995e-05,0.03186859547886001,0.015541044109728955
24.800399999999996,2.4800399999999994e-05,0.009870751860009075,0.015472148593809541
24.8012,2.48012e-05,0.003951928812190086,0.015376062318991055
24.801999999999992,2.480199999999999e-05,-0.005090853977045229,0.015251657720917551
24.802799999999998,2.4802799999999996e-05,0.0075600766232959415,0.015098004579121832
24.803599999999996,2.4803599999999994e-05,0.034792260039829825,0.01491437811101913
24.8044,2.48044e-05,0.02165430450979411,0.014700266435162788
24.805199999999992,2.480519999999999e-05,0.04694859998475409,0.014455377315663012
24.805999999999997,2.4805999999999996e-05,0.011287758766106992,0.014179644041170744
24.806799999999996,2.4806799999999994e-05,-0.009912120310920258,0.013873230309361015
24.8076,2.48076e-05,-0.009297995323808372,0.013536534050354435
24.8084,2.4808399999999998e-05,0.03423638953284569,0.013170190162747402
24.809199999999997,2.4809199999999996e-05,0.026941602090454597,0.012775072101394697
24.810000000000002,2.481e-05,-0.008660039793772722,0.012352292160560722
24.8108,2.48108e-05,0.00532165165532994,0.011903200204270048
24.8116,2.4811599999999998e-05,0.07352202269977814,0.011429380545613842
24.812399999999997,2.4812399999999996e-05,0.015347942035378925,0.010932646654397634
24.813200000000002,2.48132e-05,0.006552738489568499,0.010415033374195215
24.814,2.4814e-05,0.054506286633459244,0.009878786385273274
24.814799999999998,2.4814799999999998e-05,0.021378922200595563,0.009326348762731706
24.815599999999996,2.4815599999999997e-05,0.016896398544633873,0.008760344613175305
24.8164,2.4816400000000002e-05,-0.003611999387947429,0.00818355990517622
24.8172,2.48172e-05,-0.01215962369034329,0.00759892073225526
24.817999999999998,2.4817999999999995e-05,0.00635660434340668,0.007009469332113375
24.818799999999996,2.4818799999999994e-05,0.0627422149808583,0.006418338195122085
24.8196,2.48196e-05,0.00725254170259404,0.005828722541376217
24.8204,2.4820399999999997e-05,0.022376993411451385,0.005243851401021175
24.821199999999997,2.4821199999999995e-05,-0.01865171772515306,0.00466695756381705
24.821999999999996,2.4821999999999994e-05,0.023364094205137298,0.004101246761435655
24.8228,2.48228e-05,0.016030344768367843,0.0035498665386959945
24.823599999999992,2.482359999999999e-05,-0.0041289079005629725,0.0030158753100055008
24.824399999999997,2.4824399999999996e-05,0.0004941437700026752,0.0025022121001777014
24.825199999999995,2.4825199999999994e-05,-0.05650578036599574,0.0020116674648109597
24.826,2.4826e-05,0.015274935423784664,0.0015468560626015705
24.8268,2.4826799999999998e-05,0.005973982293952629,0.0011101912684183784
24.827599999999997,2.4827599999999996e-05,0.016796913041555506,0.0007038620628272683
24.828400000000002,2.48284e-05,0.017718572949369404,0.00032981226754721406
24.8292,2.48292e-05,0.007745051840863382,-1.0277905903566947e-05
24.83,2.4829999999999998e-05,0.0443449534473811,-0.000315008035064634
24.830799999999996,2.4830799999999996e-05,-0.04602991436490578,-0.0005832713705747701
24.8316,2.48316e-05,0.004609933170842462,-0.0008142663091613709
24.8324,2.48324e-05,0.011719745395666226,-0.0010075052579278719
24.833199999999998,2.4833199999999998e-05,-0.01642161482580662,-0.0011628206651601836
24.833999999999996,2.4833999999999996e-05,-0.0042081560635998105,-0.0012803680282728934
24.8348,2.48348e-05,-0.034648464761748765,-0.0013606257566248785
24.8356,2.48356e-05,0.033861521720558896,-0.0014043918444955458
24.836399999999998,2.4836399999999995e-05,0.03349630015115168,-0.0014127774030453235
24.837199999999996,2.4837199999999993e-05,-0.035785171981525976,-0.001387197194917492
24.838,2.4838e-05,-0.005210576820175117,-0.0013293573645753497
24.8388,2.4838799999999997e-05,0.0385991903456675,-0.0012412405479009408
24.839599999999997,2.4839599999999995e-05,-0.017291829636397638,-0.001125088523444895
24.840399999999995,2.4840399999999993e-05,-0.013781086811192611,-0.0009833825727209905
24.8412,2.48412e-05,0.024603691619400236,-0.0008188217328439576
24.842,2.4841999999999997e-05,-0.035026925776867834,-0.0006342991368400162
24.842799999999997,2.4842799999999995e-05,0.014117423032573129,-0.00043287666182419073
24.843599999999995,2.4843599999999994e-05,0.01604982576556202,-0.00021775815425759343
24.8444,2.48444e-05,0.001663382921251233,7.73843819323319e-06
24.8452,2.4845199999999997e-05,0.01750087728887606,0.0002402096511526727
24.845999999999997,2.4845999999999996e-05,0.001715584361371536,0.00047619541470080755
24.8468,2.48468e-05,0.005055159246143637,0.000712207926621296
24.8476,2.48476e-05,0.0009879780825620132,0.0009447601655467551
24.848399999999998,2.4848399999999997e-05,0.012482152634549326,0.0011703937576777001
24.849199999999996,2.4849199999999996e-05,0.001076304657045779,0.0013857059293482343
24.85,2.485e-05,0.004780344768367861,0.0015873752824065326
24.8508,2.48508e-05,0.016611181481130832,0.0017721861297318791
24.851599999999998,2.4851599999999998e-05,0.013726478914529716,0.0019370511310358143
24.852399999999996,2.4852399999999996e-05,0.008762036217470515,0.0020790319796504314
24.8532,2.48532e-05,0.03960577213654759,0.0021953579182395185
24.854,2.4854e-05,0.03517261306069153,0.0022834419152530073
24.854799999999997,2.4854799999999995e-05,0.013419132505262388,0.0023408944247409877
24.855599999999995,2.4855599999999993e-05,-0.03057712256387224,0.0023655347880444833
24.8564,2.4856399999999998e-05,0.009946595331608354,0.002355400498259658
24.8572,2.4857199999999996e-05,-0.02483419632217354,0.002308754675902722
24.857999999999997,2.4857999999999995e-05,-0.001488379885958957,0.002224092134996581
24.858799999999995,2.4858799999999993e-05,0.019360273410270357,0.0021001443477282407
24.8596,2.4859599999999998e-05,0.01786742303257316,0.0019358834927785322
24.8604,2.4860399999999997e-05,-0.05568076910128539,0.001730525658403426
24.861199999999997,2.4861199999999995e-05,0.0243678391360026,0.0014835331984101156
24.861999999999995,2.4861999999999993e-05,0.0031297544074545547,0.0011946161882449595
24.8628,2.48628e-05,0.014102103069673966,0.0008637328580353254
24.863599999999998,2.4863599999999997e-05,0.005825888553616321,0.0004910887911397234
24.864399999999996,2.4864399999999995e-05,0.009412286338955855,7.713461710035256e-05
24.8652,2.48652e-05,-0.00400994140029054,-0.0003774380778829734
24.866,2.4866e-05,0.03112358872001386,-0.0008717028720887834
24.866800000000005,2.4866800000000004e-05,0.05362566923716128,-0.0014045068734433617
24.867599999999996,2.4867599999999995e-05,-0.014519095675739169,-0.001974481487048399
24.8684,2.48684e-05,0.010093364897654666,-0.0025800556403557874
24.8692,2.48692e-05,0.008267445562053832,-0.003219471364200586
24.869999999999997,2.4869999999999997e-05,0.02821940515622845,-0.0038908014632657185
24.870799999999996,2.4870799999999996e-05,-0.027987471815098308,-0.004591968885017899
24.8716,2.48716e-05,-0.04996356540818303,-0.00532076731190713
24.8724,2.48724e-05,0.010559396144440236,-0.006074882449962337
24.873199999999997,2.4873199999999998e-05,0.017832622072489812,-0.006851913497723586
24.873999999999995,2.4873999999999993e-05,-0.011609426903378739,-0.007649394368943069
24.8748,2.4874799999999998e-05,0.017333870382778005,-0.008464814352940612
24.8756,2.4875599999999996e-05,-0.023856930282831867,-0.009295637948310346
24.876399999999997,2.4876399999999994e-05,0.006719745395666221,-0.010139323585222536
24.877199999999995,2.4877199999999993e-05,-0.02680764156671811,-0.010993340905172632
24.878,2.4877999999999998e-05,-0.060008201122541016,-0.01185518623984973
24.8788,2.4878799999999996e-05,-0.03201209778143954,-0.012722395950087726
24.879599999999996,2.4879599999999995e-05,0.01502451932035509,-0.013592557377529681
24.880399999999995,2.4880399999999993e-05,0.0020709711764641536,-0.014463317332225542
24.8812,2.4881199999999998e-05,-0.005603601455366092,-0.01533238823472745
24.881999999999998,2.4881999999999997e-05,0.0005378346300984882,-0.016197552158250826
24.882799999999996,2.4882799999999995e-05,-0.005511113846577431,-0.017056663029023943
24.8836,2.48836e-05,-0.05041370886067653,-0.017907647176428253
24.8844,2.48844e-05,-0.021939847512702393,-0.018748502346082458
24.885200000000005,2.4885200000000004e-05,-0.015662044446958623,-0.01957729525209035
24.885999999999996,2.4885999999999995e-05,0.008571387279893594,-0.02039215777484133
24.8868,2.48868e-05,-0.061400809654362565,-0.02119128198901069
24.8876,2.48876e-05,-0.018740044299676795,-0.021972914281541522
24.888400000000004,2.4888400000000004e-05,0.02470809449964073,-0.022735348866726943
24.889199999999995,2.4889199999999995e-05,-0.03226743126202136,-0.023476921042954037
24.89,2.489e-05,-0.023271932535714024,-0.024196000565998202
24.8908,2.48908e-05,0.017845861518231643,-0.024890985506848238
24.891599999999997,2.4891599999999997e-05,-0.03624288115968166,-0.02556029690932813
24.892399999999995,2.4892399999999992e-05,-0.04571916326420111,-0.026202374490652568
24.8932,2.4893199999999997e-05,-0.033630156210851414,-0.026815673561971575
24.894,2.4893999999999996e-05,-0.02629848729126938,-0.027398663311370138
24.894799999999996,2.4894799999999994e-05,-0.004906635102345347,-0.027949826617089456
24.895599999999995,2.4895599999999993e-05,-0.009354357798223578,-0.028467661633602863
24.8964,2.4896399999999998e-05,0.03657013896960515,-0.028950685455901397
24.897199999999998,2.4897199999999996e-05,-0.031169874548087284,-0.029397440152017108
24.897999999999996,2.4897999999999994e-05,0.02369243429731349,-0.02980650133198622
24.898799999999994,2.4898799999999993e-05,-0.08291919406919146,-0.03017648921171636
24.8996,2.4899599999999998e-05,0.010269261703774957,-0.030506081892437052
24.900399999999998,2.4900399999999996e-05,-0.038004115952277706,-0.03079403038493971
24.901199999999996,2.4901199999999995e-05,-0.05294359244356783,-0.031039174805258
24.902,2.4902e-05,-0.016517695637487617,-0.031240461143792135
24.9028,2.4902799999999998e-05,-0.009521932535744071,-0.031396958029090455
24.903600000000004,2.4903600000000003e-05,-0.022188939441811883,-0.03150787294513337
24.904399999999995,2.4904399999999995e-05,-0.028125162969697692,-0.031572567389442696
24.9052,2.49052e-05,-0.08987883203653146,-0.03159057045114248
24.906,2.4906e-05,-0.06535318535196666,-0.03156159026089229
24.906800000000004,2.4906800000000004e-05,-0.019710500956213517,-0.03148552279213548
24.907599999999995,2.4907599999999995e-05,-0.02159694380052435,-0.03136245763627952
24.9084,2.49084e-05,-0.019910039793772705,-0.031192680604011692
24.9092,2.49092e-05,-0.05685984300683833,-0.030976673216850985
24.910000000000004,2.4910000000000004e-05,-0.0477718566717823,-0.030715109273467267
24.910799999999995,2.4910799999999992e-05,-0.04212217438165977,-0.030408848730562127
24.9116,2.49116e-05,-0.0029513466807647992,-0.030058929206374947
24.912399999999998,2.4912399999999995e-05,-0.03558960566675673,-0.02966655553068378
24.913200000000003,2.49132e-05,-0.009700666201869046,-0.02923308788986878
24.913999999999994,2.4913999999999992e-05,-0.026333288251283005,-0.028760029191653644
24.9148,2.4914799999999997e-05,0.03777417908092717,-0.028249012283141205
24.915599999999998,2.4915599999999996e-05,0.0013079961061485124,-0.027701787608859524
24.916399999999996,2.4916399999999994e-05,-0.027339113699295647,-0.02712021178879676
24.917199999999994,2.4917199999999992e-05,-0.05948297054140561,-0.026506237418202096
24.918,2.4917999999999998e-05,-0.00726194605343633,-0.025861904179189717
24.918799999999997,2.4918799999999996e-05,-0.024637494344619038,-0.025189331199047964
24.919599999999996,2.4919599999999994e-05,0.013441261851026676,-0.024490710546617635
24.9204,2.49204e-05,-0.020196013200113105,-0.023768301783806445
24.9212,2.4921199999999998e-05,-0.0010251854991882858,-0.02302442749597709
24.922000000000004,2.4922000000000003e-05,-0.02565788341266373,-0.022261469667697664
24.922799999999995,2.4922799999999995e-05,-0.0015434181860840557,-0.021481866668882476
24.9236,2.49236e-05,-0.06483003528787856,-0.020688110514847667
24.9244,2.4924399999999998e-05,0.018658389680097365,-0.019882743995850792
24.925200000000004,2.4925200000000003e-05,-0.06768977164867085,-0.01906835725477779
24.925999999999995,2.4925999999999995e-05,-0.02634369083702004,-0.018247583429597754
24.9268,2.49268e-05,-0.007640974900018138,-0.01742309306260107
24.927599999999998,2.4927599999999998e-05,0.018288250733528133,-0.016597587098529036
24.928400000000003,2.4928400000000003e-05,-0.04236559259081962,-0.01577378842130742
24.929199999999994,2.4929199999999995e-05,0.007308147834151679,-0.014954431967272579
24.93,2.493e-05,-0.031834120458141935,-0.014142253476076732
24.930799999999998,2.4930799999999995e-05,-0.02588465748454416,-0.013339976930045318
24.931600000000003,2.49316e-05,-0.019267355397989627,-0.012550300741073996
24.932399999999994,2.4932399999999992e-05,-0.0017367154722409683,-0.011775882796572445
24.9332,2.4933199999999997e-05,0.022405552820082497,-0.011019324564433249
24.933999999999997,2.4933999999999995e-05,-0.03785526586911403,-0.01028315454736958
24.934800000000003,2.49348e-05,0.0068907248246542485,-0.009569811427121752
24.935599999999994,2.4935599999999992e-05,0.0023109846941564705,-0.008881627238897367
24.9364,2.4936399999999997e-05,0.01145608984648494,-0.008220810896195429
24.937199999999997,2.4937199999999996e-05,-0.013868089211396484,-0.0075894323686820555
24.937999999999995,2.4937999999999994e-05,0.008707754260202871,-0.006989407789805228
24.9388,2.49388e-05,0.00691171850753336,-0.006422485725144377
24.9396,2.4939599999999998e-05,0.004754622219741433,-0.0058902347787594634
24.940400000000004,2.4940400000000003e-05,-0.01698996843567535,-0.005394032663854392
24.941199999999995,2.4941199999999994e-05,0.010907217233800615,-0.004935056814298732
24.942,2.4942e-05,0.0037064300859227517,-0.004514276569788263
24.9428,2.4942799999999998e-05,0.004745543808294284,-0.004132446940362492
24.943600000000004,2.4943600000000003e-05,0.0078765014440203,-0.003790103940003754
24.944399999999995,2.4944399999999994e-05,-0.009185270374978183,-0.0034875614555026522
24.9452,2.49452e-05,-0.01266121224009964,-0.0032249095808185822
24.945999999999998,2.4945999999999998e-05,-0.012428196616676934,-0.0030020143170557826
24.946800000000003,2.4946800000000003e-05,0.015354939929688727,-0.002818518539696181
24.947599999999994,2.4947599999999995e-05,0.004881154445746216,-0.0026738441769576923
24.9484,2.49484e-05,-0.008799243634096898,-0.0025671956037271633
24.949199999999998,2.4949199999999995e-05,0.014795664731267144,-0.0024975642975556102
24.950000000000003,2.4950000000000003e-05,0.018953252986480096,-0.0024637348110023664
24.950799999999994,2.495079999999999e-05,-0.03222582091907278,-0.002464292098753095
24.9516,2.4951599999999997e-05,0.01720317712247854,-0.002497630211350848
24.952399999999997,2.4952399999999995e-05,0.01206681014216926,-0.002561962341279784
24.953200000000002,2.49532e-05,-0.016267847365450616,-0.0026553321957021505
24.953999999999994,2.4953999999999992e-05,0.018421780853832503,-0.002775626672995783
24.9548,2.4954799999999997e-05,0.02399505184086337,-0.002920589819476042
24.955599999999997,2.4955599999999995e-05,0.004758783254036225,-0.0030878380245890954
24.956400000000002,2.49564e-05,-0.006627583726242947,-0.003274876369640996
24.957199999999993,2.4957199999999992e-05,-0.010631404521139975,-0.003479115973552183
24.958,2.4957999999999997e-05,0.00019076988359556513,-0.003697892101350175
24.958800000000004,2.4958800000000002e-05,0.01549055056714066,-0.00392848275760895
24.959599999999995,2.4959599999999994e-05,0.003447503402498886,-0.0041681274904157885
24.9604,2.49604e-05,-0.01093402206468963,-0.004414046150245648
24.961199999999998,2.4961199999999997e-05,-0.023211409027004026,-0.00466345734767196
24.962000000000003,2.4962000000000003e-05,-0.004331283598167035,-0.004913596340094756
24.962799999999994,2.4962799999999994e-05,0.033797405008976766,-0.005161732087822585
24.9636,2.49636e-05,-0.06648421885169409,-0.005405183270403729
24.964399999999998,2.4964399999999998e-05,0.013889324786332757,-0.005641333120061961
24.965200000000003,2.4965200000000003e-05,-0.012324550079263696,-0.005867642989186456
24.965999999999994,2.4965999999999994e-05,0.013398895165210756,-0.006081664637724023
24.9668,2.49668e-05,0.00846641656823044,-0.006281051311842692
24.967599999999997,2.4967599999999995e-05,-0.01719026361613185,-0.006463567753137897
24.968400000000003,2.4968400000000003e-05,0.03792719019841573,-0.006627099292759464
24.969199999999994,2.496919999999999e-05,-0.010670366515518226,-0.006769660151703208
24.97,2.4969999999999996e-05,-0.022470563302452673,-0.006889401010274653
24.970799999999997,2.4970799999999995e-05,-0.005802572461532707,-0.006984615843374667
24.971600000000002,2.49716e-05,0.005918376162405092,-0.0070537479671332025
24.972399999999993,2.497239999999999e-05,-0.012274429156320932,-0.007095395234102098
24.9732,2.4973199999999997e-05,-0.006817476320962523,-0.007108314346173312
24.973999999999997,2.4973999999999995e-05,0.00876336039176051,-0.007091424294286794
24.974800000000002,2.49748e-05,0.011938765230449788,-0.007043808959910904
24.975599999999993,2.4975599999999992e-05,-0.035133977005748385,-0.006964718922617274
24.976399999999998,2.4976399999999997e-05,-0.0030506436723783947,-0.006853572510983962
24.977200000000003,2.4977200000000002e-05,0.015830049587911232,-0.006709956122090232
24.978,2.4978e-05,0.01320692205334384,-0.006533623841340886
24.9788,2.49788e-05,0.027200340262473643,-0.006324496414339345
24.979599999999998,2.4979599999999997e-05,-0.00957545815015437,-0.006082659609938051
24.980400000000003,2.4980400000000002e-05,-0.031108594696549807,-0.005808361935344726
24.9812,2.49812e-05,-0.028973816265957075,-0.005502011550462704
24.982,2.4982e-05,-0.004976804853924932,-0.005164172156851
24.982799999999997,2.4982799999999997e-05,-0.030219655231662146,-0.004795557668120995
24.983600000000003,2.4983600000000003e-05,0.028949091952185313,-0.0043970255985337475
24.984399999999994,2.4984399999999994e-05,0.009020774389489672,-0.003969569273073275
24.9852,2.49852e-05,-0.004627659590274558,-0.0035143090946303662
24.985999999999997,2.4985999999999998e-05,0.013897646854922452,-0.0030324831604582212
24.986800000000002,2.4986800000000003e-05,-0.005049243634096867,-0.002525437503480583
24.987599999999993,2.498759999999999e-05,0.0552582912866052,-0.001994616180897265
24.9884,2.4988399999999996e-05,0.010823808036468874,-0.0014415513702776312
24.989199999999997,2.4989199999999994e-05,-0.037485883265412134,-0.0008678535511357313
24.990000000000002,2.499e-05,-0.015177856377248888,-0.00027520173485601467
24.990799999999993,2.499079999999999e-05,0.018985217086548878,0.0003346664011651115
24.9916,2.4991599999999996e-05,0.026727311121388597,0.0009599646478275986
24.992399999999996,2.4992399999999995e-05,-0.006419534308659269,0.0015988687838709497
24.9932,2.49932e-05,-0.01643485427154867,0.0022495275330979645
24.993999999999993,2.499399999999999e-05,0.0015563316924306347,0.002910073995814689
24.994799999999998,2.4994799999999997e-05,0.014352519173103429,0.0035786375943608036
24.995599999999996,2.4995599999999995e-05,-0.021963489544151504,0.004253356539793872
24.9964,2.49964e-05,0.025466152192794023,0.004932390752778918
24.9972,2.49972e-05,0.0036061882399770484,0.005613935088510998
24.997999999999998,2.4997999999999997e-05,-0.04104239746779026,0.006296232642598373
24.998800000000003,2.4998800000000002e-05,0.02727902059408782,0.006977587847709584
24.9996,2.49996e-05,0.06860127086281487,0.00765637899325343
